#! FIELDS time r26.min
 0.000000 2.707920
 1.000000 2.760653
 2.000000 2.523921
 3.000000 2.680423
 4.000000 2.357401
 5.000000 1.268820
 6.000000 0.975094
 7.000000 1.032017
 8.000000 0.859517
 9.000000 2.314016
 10.000000 1.085165
 11.000000 1.415724
 12.000000 3.874548
 13.000000 4.091220
 14.000000 3.570790
 15.000000 3.784476
 16.000000 3.798100
 17.000000 3.796975
 18.000000 3.582946
 19.000000 3.505779
 20.000000 3.288523
 21.000000 3.304535
 22.000000 3.416524
 23.000000 3.309313
 24.000000 3.973472
 25.000000 2.181685
 26.000000 1.935886
 27.000000 1.809516
 28.000000 1.773183
 29.000000 2.030096
 30.000000 1.934043
 31.000000 1.573590
 32.000000 3.328455
 33.000000 3.329156
 34.000000 2.384795
 35.000000 2.894771
 36.000000 2.966193
 37.000000 2.542428
 38.000000 3.950196
 39.000000 3.870373
 40.000000 4.151184
 41.000000 4.252178
 42.000000 4.563093
 43.000000 2.763699
 44.000000 0.374039
 45.000000 0.354770
 46.000000 0.770649
 47.000000 1.277022
 48.000000 0.974435
 49.000000 1.292119
 50.000000 0.637639
 51.000000 0.498786
 52.000000 0.329471
 53.000000 0.992970
 54.000000 0.385244
 55.000000 0.249624
 56.000000 0.269206
 57.000000 0.247107
 58.000000 0.459897
 59.000000 0.491293
 60.000000 0.418643
 61.000000 0.215699
 62.000000 0.173937
 63.000000 1.404150
 64.000000 1.248375
 65.000000 1.905855
 66.000000 2.774808
 67.000000 3.735500
 68.000000 3.281493
 69.000000 3.390962
 70.000000 3.515039
 71.000000 3.487642
 72.000000 4.068743
 73.000000 4.548650
 74.000000 4.232215
 75.000000 3.292202
 76.000000 4.456979
 77.000000 4.077200
 78.000000 3.205963
 79.000000 3.243609
 80.000000 2.981996
 81.000000 3.186130
 82.000000 2.838828
 83.000000 2.872192
 84.000000 3.641572
 85.000000 3.242354
 86.000000 3.390565
 87.000000 3.680760
 88.000000 4.143779
 89.000000 3.983670
 90.000000 4.547547
 91.000000 4.568601
 92.000000 4.467420
 93.000000 3.856976
 94.000000 3.967843
 95.000000 4.778906
 96.000000 4.496058
 97.000000 2.500021
 98.000000 1.522026
 99.000000 0.776896
 100.000000 2.734076
 101.000000 1.688272
 102.000000 3.101109
 103.000000 2.222687
 104.000000 4.032953
 105.000000 3.467462
 106.000000 4.438784
 107.000000 2.792936
 108.000000 0.889170
 109.000000 1.021498
 110.000000 0.787775
 111.000000 1.112781
 112.000000 1.809405
 113.000000 2.543509
 114.000000 2.481501
 115.000000 2.082521
 116.000000 2.025546
 117.000000 2.716031
 118.000000 2.502344
 119.000000 1.877130
 120.000000 2.125034
 121.000000 1.897640
 122.000000 2.101315
 123.000000 1.991565
 124.000000 2.128162
 125.000000 1.841386
 126.000000 2.270843
 127.000000 1.191178
 128.000000 1.458919
 129.000000 0.226410
 130.000000 0.434441
 131.000000 0.790424
 132.000000 0.474209
 133.000000 0.500965
 134.000000 0.804702
 135.000000 1.034884
 136.000000 1.559880
 137.000000 0.870808
 138.000000 0.321439
 139.000000 0.638826
 140.000000 0.784217
 141.000000 1.396124
 142.000000 2.458480
 143.000000 2.774448
 144.000000 2.609113
 145.000000 1.678566
 146.000000 3.386585
 147.000000 3.674498
 148.000000 2.784286
 149.000000 2.808563
 150.000000 3.152751
 151.000000 2.989897
 152.000000 2.351633
 153.000000 3.236603
 154.000000 3.226597
 155.000000 3.285533
 156.000000 3.418104
 157.000000 2.838739
 158.000000 2.953169
 159.000000 2.913122
 160.000000 3.366838
 161.000000 3.428527
 162.000000 4.178197
 163.000000 2.976422
 164.000000 2.586637
 165.000000 3.854712
 166.000000 3.529857
 167.000000 3.123023
 168.000000 3.269717
 169.000000 3.606830
 170.000000 3.647535
 171.000000 3.373891
 172.000000 3.682363
 173.000000 3.719966
 174.000000 3.604277
 175.000000 3.730240
 176.000000 3.723934
 177.000000 3.664414
 178.000000 3.603501
 179.000000 3.716426
 180.000000 3.720718
 181.000000 3.730031
 182.000000 3.644309
 183.000000 3.547727
 184.000000 3.547941
 185.000000 3.636625
 186.000000 3.723000
 187.000000 3.821709
 188.000000 3.812621
 189.000000 3.769959
 190.000000 3.876497
 191.000000 3.910150
 192.000000 4.001937
 193.000000 3.836847
 194.000000 3.950561
 195.000000 3.850488
 196.000000 3.920593
 197.000000 3.916844
 198.000000 3.811662
 199.000000 3.766825
 200.000000 3.756554
 201.000000 3.789691
 202.000000 3.724981
 203.000000 3.779332
 204.000000 3.322993
 205.000000 2.928231
 206.000000 2.281510
 207.000000 2.474667
 208.000000 2.647713
 209.000000 3.007086
 210.000000 3.017617
 211.000000 2.887998
 212.000000 2.386099
 213.000000 2.577781
 214.000000 3.003245
 215.000000 3.031269
 216.000000 3.134113
 217.000000 2.880946
 218.000000 3.206626
 219.000000 3.487201
 220.000000 3.140684
 221.000000 3.410749
 222.000000 3.373931
 223.000000 3.441096
 224.000000 3.553387
 225.000000 3.685357
 226.000000 3.464692
 227.000000 3.352955
 228.000000 3.404615
 229.000000 3.442380
 230.000000 3.471263
 231.000000 3.430257
 232.000000 3.366097
 233.000000 3.740958
 234.000000 3.744364
 235.000000 3.702985
 236.000000 3.641919
 237.000000 3.582903
 238.000000 3.152738
 239.000000 3.578567
 240.000000 3.792427
 241.000000 3.697293
 242.000000 3.456642
 243.000000 3.571646
 244.000000 4.456995
 245.000000 4.006758
 246.000000 3.922564
 247.000000 3.919716
 248.000000 4.053288
 249.000000 4.030352
 250.000000 4.117004
 251.000000 4.083883
 252.000000 4.259920
 253.000000 3.954572
 254.000000 3.996627
 255.000000 3.404687
 256.000000 3.670627
 257.000000 3.355976
 258.000000 3.472723
 259.000000 3.777648
 260.000000 3.539664
 261.000000 3.490626
 262.000000 4.443536
 263.000000 4.105187
 264.000000 2.848458
 265.000000 2.173231
 266.000000 1.706820
 267.000000 3.121885
 268.000000 4.191560
 269.000000 4.418104
 270.000000 4.703868
 271.000000 4.648635
 272.000000 4.076913
 273.000000 4.643357
 274.000000 4.356777
 275.000000 3.607139
 276.000000 3.404427
 277.000000 2.962171
 278.000000 2.509149
 279.000000 3.124633
 280.000000 3.495926
 281.000000 4.260931
 282.000000 3.051475
 283.000000 3.495465
 284.000000 1.994264
 285.000000 4.026401
 286.000000 3.878279
 287.000000 4.244982
 288.000000 3.776460
 289.000000 2.451059
 290.000000 3.174062
 291.000000 3.685139
 292.000000 3.431095
 293.000000 3.614065
 294.000000 3.273705
 295.000000 2.977276
 296.000000 2.970202
 297.000000 3.576617
 298.000000 2.987536
 299.000000 2.366853
 300.000000 2.015178
 301.000000 2.054991
 302.000000 2.707995
 303.000000 3.380770
 304.000000 3.957689
 305.000000 3.499765
 306.000000 3.697325
 307.000000 3.752599
 308.000000 2.868928
 309.000000 2.909838
 310.000000 2.195765
 311.000000 1.493415
 312.000000 3.048844
 313.000000 3.514264
 314.000000 3.551804
 315.000000 3.217523
 316.000000 4.025829
 317.000000 3.387786
 318.000000 3.977725
 319.000000 3.468471
 320.000000 3.924206
 321.000000 3.184267
 322.000000 2.737098
 323.000000 3.151864
 324.000000 2.948811
 325.000000 3.690650
 326.000000 3.707583
 327.000000 3.780158
 328.000000 3.183130
 329.000000 3.883518
 330.000000 2.936730
 331.000000 3.484907
 332.000000 3.293380
 333.000000 2.259579
 334.000000 0.471751
 335.000000 2.755701
 336.000000 3.919419
 337.000000 3.765056
 338.000000 3.529453
 339.000000 3.692295
 340.000000 3.973888
 341.000000 3.985690
 342.000000 3.915777
 343.000000 3.942978
 344.000000 3.804222
 345.000000 3.708212
 346.000000 3.555950
 347.000000 3.952495
 348.000000 3.830745
 349.000000 3.802036
 350.000000 3.615027
 351.000000 3.466665
 352.000000 3.333270
 353.000000 3.483829
 354.000000 3.612581
 355.000000 3.207089
 356.000000 3.366070
 357.000000 3.267427
 358.000000 2.699941
 359.000000 3.001793
 360.000000 3.351948
 361.000000 3.539828
 362.000000 3.562366
 363.000000 3.894518
 364.000000 4.050787
 365.000000 3.971301
 366.000000 3.700479
 367.000000 3.875663
 368.000000 3.669388
 369.000000 3.867302
 370.000000 3.791112
 371.000000 3.550187
 372.000000 3.562556
 373.000000 3.768881
 374.000000 3.391373
 375.000000 3.394247
 376.000000 3.437766
 377.000000 3.560447
 378.000000 3.458883
 379.000000 3.522153
 380.000000 3.450652
 381.000000 3.605871
 382.000000 3.852542
 383.000000 3.675008
 384.000000 3.502902
 385.000000 3.598033
 386.000000 3.763411
 387.000000 3.669074
 388.000000 3.765767
 389.000000 3.827009
 390.000000 3.874792
 391.000000 3.981545
 392.000000 3.838275
 393.000000 3.982630
 394.000000 4.047523
 395.000000 3.714898
 396.000000 3.811124
 397.000000 3.670670
 398.000000 3.939175
 399.000000 4.030053
 400.000000 4.053561
 401.000000 4.156776
 402.000000 3.890893
 403.000000 4.102235
 404.000000 4.107749
 405.000000 4.105889
 406.000000 4.063669
 407.000000 4.014790
 408.000000 4.085817
 409.000000 3.848234
 410.000000 3.734686
 411.000000 4.075919
 412.000000 3.995846
 413.000000 3.880858
 414.000000 3.968590
 415.000000 4.024879
 416.000000 4.061302
 417.000000 4.154348
 418.000000 4.172837
 419.000000 4.231522
 420.000000 4.129120
 421.000000 4.321123
 422.000000 4.061030
 423.000000 4.091497
 424.000000 4.206755
 425.000000 4.000915
 426.000000 4.134621
 427.000000 4.145022
 428.000000 4.143836
 429.000000 3.385397
 430.000000 4.202249
 431.000000 4.149413
 432.000000 4.388408
 433.000000 4.345880
 434.000000 4.194059
 435.000000 4.093246
 436.000000 3.963820
 437.000000 4.039796
 438.000000 4.028256
 439.000000 4.125617
 440.000000 4.139139
 441.000000 3.734935
 442.000000 3.738837
 443.000000 3.750260
 444.000000 3.840292
 445.000000 4.002985
 446.000000 3.787099
 447.000000 4.523725
 448.000000 2.802287
 449.000000 4.509184
 450.000000 4.813406
 451.000000 5.192028
 452.000000 3.121291
 453.000000 3.437906
 454.000000 2.317213
 455.000000 3.700283
 456.000000 4.737894
 457.000000 3.585028
 458.000000 3.714584
 459.000000 4.233970
 460.000000 4.038569
 461.000000 3.165343
 462.000000 2.995825
 463.000000 3.558544
 464.000000 2.932286
 465.000000 3.216660
 466.000000 3.395471
 467.000000 2.665229
 468.000000 3.357981
 469.000000 3.789463
 470.000000 4.060450
 471.000000 4.315305
 472.000000 3.636646
 473.000000 2.875801
 474.000000 1.926786
 475.000000 2.040194
 476.000000 2.377405
 477.000000 1.698988
 478.000000 2.163904
 479.000000 2.368546
 480.000000 2.152343
 481.000000 2.938284
 482.000000 3.326785
 483.000000 3.965387
 484.000000 3.992755
 485.000000 3.738817
 486.000000 3.468196
 487.000000 3.498014
 488.000000 3.300707
 489.000000 1.950234
 490.000000 1.710143
 491.000000 0.415862
 492.000000 0.875841
 493.000000 2.307329
 494.000000 2.550845
 495.000000 2.950398
 496.000000 3.181366
 497.000000 3.619119
 498.000000 4.001594
 499.000000 3.834165
 500.000000 4.080097
 501.000000 4.284469
 502.000000 4.373748
 503.000000 4.025492
 504.000000 3.562131
 505.000000 3.002744
 506.000000 3.567180
 507.000000 3.746661
 508.000000 2.788657
 509.000000 3.139662
 510.000000 3.706117
 511.000000 3.522239
 512.000000 3.108629
 513.000000 3.024339
 514.000000 3.443532
 515.000000 3.554460
 516.000000 3.879947
 517.000000 3.081116
 518.000000 3.303402
 519.000000 2.323927
 520.000000 2.632182
 521.000000 3.408742
 522.000000 4.152546
 523.000000 2.354938
 524.000000 2.329697
 525.000000 2.179668
 526.000000 1.150691
 527.000000 1.311856
 528.000000 2.634517
 529.000000 2.907883
 530.000000 2.904748
 531.000000 2.900979
 532.000000 2.958076
 533.000000 3.380451
 534.000000 2.826963
 535.000000 2.852169
 536.000000 2.984611
 537.000000 3.658319
 538.000000 3.611281
 539.000000 3.512858
 540.000000 3.371008
 541.000000 2.808236
 542.000000 3.691773
 543.000000 3.289392
 544.000000 3.351245
 545.000000 2.219699
 546.000000 2.187899
 547.000000 2.474174
 548.000000 2.514363
 549.000000 2.636930
 550.000000 2.584746
 551.000000 2.727548
 552.000000 2.717369
 553.000000 2.751563
 554.000000 3.009680
 555.000000 3.045203
 556.000000 2.751938
 557.000000 2.147251
 558.000000 2.585020
 559.000000 2.432612
 560.000000 2.366164
 561.000000 2.465289
 562.000000 2.646867
 563.000000 2.144737
 564.000000 2.074589
 565.000000 2.172449
 566.000000 2.138431
 567.000000 2.388949
 568.000000 2.288996
 569.000000 1.998678
 570.000000 1.446895
 571.000000 1.051088
 572.000000 1.536478
 573.000000 1.118487
 574.000000 1.814939
 575.000000 1.513472
 576.000000 1.970476
 577.000000 1.912470
 578.000000 2.195195
 579.000000 3.617568
 580.000000 2.655069
 581.000000 3.358273
 582.000000 2.979773
 583.000000 3.380061
 584.000000 3.407246
 585.000000 2.559789
 586.000000 3.448948
 587.000000 3.289638
 588.000000 3.286404
 589.000000 3.679184
 590.000000 4.134637
 591.000000 3.183629
 592.000000 3.659269
 593.000000 3.964215
 594.000000 3.807512
 595.000000 4.201821
 596.000000 3.997733
 597.000000 4.201900
 598.000000 4.086310
 599.000000 4.231753
 600.000000 4.221373
 601.000000 4.378191
 602.000000 4.357057
 603.000000 4.359286
 604.000000 4.313084
 605.000000 4.159555
 606.000000 4.241534
 607.000000 4.296248
 608.000000 4.246864
 609.000000 4.166312
 610.000000 4.229071
 611.000000 4.255706
 612.000000 4.144845
 613.000000 4.372389
 614.000000 4.274082
 615.000000 4.446134
 616.000000 4.424894
 617.000000 4.277679
 618.000000 4.627048
 619.000000 4.341342
 620.000000 4.170496
 621.000000 4.219302
 622.000000 4.453507
 623.000000 4.346174
 624.000000 4.313154
 625.000000 4.416239
 626.000000 4.363078
 627.000000 4.107363
 628.000000 4.315723
 629.000000 4.038405
 630.000000 4.248506
 631.000000 4.208858
 632.000000 4.073591
 633.000000 4.171506
 634.000000 4.384704
 635.000000 4.420622
 636.000000 4.378498
 637.000000 4.029715
 638.000000 4.051889
 639.000000 4.385264
 640.000000 4.400055
 641.000000 4.222411
 642.000000 4.510986
 643.000000 4.151233
 644.000000 4.033349
 645.000000 4.038473
 646.000000 4.586402
 647.000000 4.579074
 648.000000 3.984296
 649.000000 3.992657
 650.000000 3.947485
 651.000000 3.995569
 652.000000 4.382571
 653.000000 4.141749
 654.000000 4.315124
 655.000000 4.466070
 656.000000 4.446593
 657.000000 4.426786
 658.000000 4.179302
 659.000000 4.338201
 660.000000 4.297144
 661.000000 4.206984
 662.000000 4.292217
 663.000000 4.223925
 664.000000 4.169100
 665.000000 4.269673
 666.000000 3.529620
 667.000000 3.608035
 668.000000 3.635125
 669.000000 3.669365
 670.000000 3.656201
 671.000000 3.560491
 672.000000 3.500342
 673.000000 4.147640
 674.000000 4.095147
 675.000000 4.157289
 676.000000 4.135574
 677.000000 4.146064
 678.000000 4.227485
 679.000000 4.396647
 680.000000 4.366970
 681.000000 4.260583
 682.000000 4.090307
 683.000000 3.938907
 684.000000 3.990876
 685.000000 3.990971
 686.000000 4.238347
 687.000000 3.932335
 688.000000 4.067711
 689.000000 4.115184
 690.000000 4.146215
 691.000000 3.771502
 692.000000 3.411991
 693.000000 3.521823
 694.000000 4.184865
 695.000000 3.575600
 696.000000 3.272880
 697.000000 3.597765
 698.000000 4.274003
 699.000000 4.160688
 700.000000 4.104027
 701.000000 4.025908
 702.000000 3.903324
 703.000000 3.798741
 704.000000 2.909685
 705.000000 2.238657
 706.000000 2.564773
 707.000000 3.960272
 708.000000 3.895190
 709.000000 4.415454
 710.000000 4.660943
 711.000000 4.242011
 712.000000 3.241891
 713.000000 3.767373
 714.000000 3.938601
 715.000000 4.186728
 716.000000 3.610753
 717.000000 3.630794
 718.000000 2.997844
 719.000000 2.669793
 720.000000 2.757192
 721.000000 2.250736
 722.000000 3.690987
 723.000000 3.751183
 724.000000 1.771158
 725.000000 0.298741
 726.000000 2.700369
 727.000000 2.548518
 728.000000 3.889841
 729.000000 3.588927
 730.000000 4.024023
 731.000000 3.884299
 732.000000 3.145020
 733.000000 3.575569
 734.000000 4.289577
 735.000000 4.230034
 736.000000 3.481288
 737.000000 3.033842
 738.000000 4.059896
 739.000000 2.882002
 740.000000 3.502062
 741.000000 2.224238
 742.000000 3.441043
 743.000000 2.940668
 744.000000 3.344625
 745.000000 2.894498
 746.000000 2.806209
 747.000000 2.594025
 748.000000 3.331119
 749.000000 3.494451
 750.000000 3.525137
 751.000000 3.369683
 752.000000 3.713328
 753.000000 3.298576
 754.000000 2.864756
 755.000000 2.392301
 756.000000 3.553783
 757.000000 2.683926
 758.000000 2.293574
 759.000000 2.236314
 760.000000 1.353623
 761.000000 2.220628
 762.000000 2.258320
 763.000000 2.339201
 764.000000 3.662846
 765.000000 3.896383
 766.000000 3.439880
 767.000000 3.961254
 768.000000 3.856601
 769.000000 3.327943
 770.000000 3.036276
 771.000000 3.499161
 772.000000 3.507935
 773.000000 3.023237
 774.000000 2.702197
 775.000000 2.731376
 776.000000 3.114794
 777.000000 3.245399
 778.000000 3.290508
 779.000000 3.260550
 780.000000 3.672073
 781.000000 3.383121
 782.000000 3.407346
 783.000000 3.212472
 784.000000 3.717972
 785.000000 4.013637
 786.000000 4.488311
 787.000000 3.583923
 788.000000 2.830165
 789.000000 3.897320
 790.000000 2.718948
 791.000000 3.234046
 792.000000 3.719732
 793.000000 4.621338
 794.000000 4.979886
 795.000000 4.607871
 796.000000 4.342488
 797.000000 4.703718
 798.000000 3.915390
 799.000000 2.839733
 800.000000 2.474458
 801.000000 1.957569
 802.000000 2.090772
 803.000000 3.677991
 804.000000 3.798298
 805.000000 3.428011
 806.000000 3.251945
 807.000000 2.890530
 808.000000 2.583240
 809.000000 3.326025
 810.000000 3.172554
 811.000000 3.635183
 812.000000 3.822310
 813.000000 3.897377
 814.000000 2.972217
 815.000000 2.572004
 816.000000 3.489956
 817.000000 4.201441
 818.000000 4.106127
 819.000000 4.343107
 820.000000 3.475957
 821.000000 3.205467
 822.000000 4.145827
 823.000000 3.457967
 824.000000 3.100101
 825.000000 1.916377
 826.000000 2.870553
 827.000000 2.949149
 828.000000 2.735858
 829.000000 3.527909
 830.000000 3.538085
 831.000000 3.573099
 832.000000 3.454259
 833.000000 3.556715
 834.000000 3.498283
 835.000000 3.676607
 836.000000 3.705859
 837.000000 3.500774
 838.000000 3.623539
 839.000000 3.139478
 840.000000 3.500562
 841.000000 3.843658
 842.000000 1.826324
 843.000000 2.559970
 844.000000 3.620857
 845.000000 3.562976
 846.000000 3.322448
 847.000000 3.087344
 848.000000 2.864758
 849.000000 3.873659
 850.000000 3.855934
 851.000000 3.122979
 852.000000 3.722115
 853.000000 4.008760
 854.000000 4.001591
 855.000000 4.826628
 856.000000 3.843022
 857.000000 3.564381
 858.000000 4.578946
 859.000000 3.864781
 860.000000 3.434311
 861.000000 3.762506
 862.000000 3.372249
 863.000000 3.792470
 864.000000 3.951669
 865.000000 4.035298
 866.000000 3.705760
 867.000000 4.266993
 868.000000 3.943409
 869.000000 3.356874
 870.000000 3.815415
 871.000000 4.022993
 872.000000 3.788034
 873.000000 4.126231
 874.000000 4.006763
 875.000000 4.201607
 876.000000 3.931076
 877.000000 3.996871
 878.000000 3.354629
 879.000000 4.187455
 880.000000 3.622893
 881.000000 4.674235
 882.000000 3.152957
 883.000000 4.134243
 884.000000 3.699905
 885.000000 4.162368
 886.000000 3.678484
 887.000000 3.813195
 888.000000 3.445825
 889.000000 3.748859
 890.000000 3.621920
 891.000000 3.676490
 892.000000 4.160052
 893.000000 4.183926
 894.000000 3.880291
 895.000000 3.502991
 896.000000 3.203827
 897.000000 3.763442
 898.000000 3.680318
 899.000000 3.754990
 900.000000 3.307842
 901.000000 3.371147
 902.000000 3.561267
 903.000000 4.579645
 904.000000 3.813591
 905.000000 3.748011
 906.000000 3.169617
 907.000000 2.639598
 908.000000 1.794750
 909.000000 1.944138
 910.000000 1.882306
 911.000000 1.990891
 912.000000 1.998885
 913.000000 1.982885
 914.000000 1.993173
 915.000000 1.940883
 916.000000 1.874224
 917.000000 1.795524
 918.000000 1.784243
 919.000000 1.791603
 920.000000 1.749564
 921.000000 1.930611
 922.000000 2.007613
 923.000000 2.168556
 924.000000 2.344594
 925.000000 2.064515
 926.000000 2.173672
 927.000000 2.151814
 928.000000 2.363128
 929.000000 2.512038
 930.000000 2.358316
 931.000000 2.354073
 932.000000 2.287282
 933.000000 2.038522
 934.000000 2.493190
 935.000000 2.292499
 936.000000 2.049659
 937.000000 1.960747
 938.000000 2.019737
 939.000000 2.060755
 940.000000 2.202995
 941.000000 2.238707
 942.000000 2.195637
 943.000000 2.168804
 944.000000 1.970354
 945.000000 1.887233
 946.000000 1.854693
 947.000000 1.802361
 948.000000 1.902780
 949.000000 1.655920
 950.000000 1.815945
 951.000000 1.750348
 952.000000 2.060738
 953.000000 1.709712
 954.000000 1.844581
 955.000000 1.500257
 956.000000 1.129309
 957.000000 1.349144
 958.000000 1.198073
 959.000000 1.600054
 960.000000 1.642134
 961.000000 1.551569
 962.000000 1.876261
 963.000000 2.027975
 964.000000 1.445756
 965.000000 1.711020
 966.000000 1.705533
 967.000000 1.676518
 968.000000 1.495030
 969.000000 1.381928
 970.000000 1.592574
 971.000000 1.629577
 972.000000 1.355899
 973.000000 1.360468
 974.000000 1.425917
 975.000000 1.178732
 976.000000 1.242099
 977.000000 1.117370
 978.000000 2.573752
 979.000000 2.398506
 980.000000 3.262891
 981.000000 2.843755
 982.000000 4.252521
 983.000000 3.003930
 984.000000 2.512458
 985.000000 4.516721
 986.000000 4.025573
 987.000000 4.355274
 988.000000 4.185670
 989.000000 3.967698
 990.000000 3.648263
 991.000000 3.399922
 992.000000 3.545776
 993.000000 3.491564
 994.000000 3.210644
 995.000000 2.708572
 996.000000 3.435921
 997.000000 3.370474
 998.000000 2.285753
 999.000000 2.163926
 1000.000000 1.972852
 1001.000000 0.941500
 1002.000000 1.302437
 1003.000000 0.282547
 1004.000000 0.285026
 1005.000000 0.263657
 1006.000000 0.278073
 1007.000000 0.273134
 1008.000000 0.217756
 1009.000000 0.703189
 1010.000000 0.514203
 1011.000000 0.307822
 1012.000000 1.001114
 1013.000000 1.047707
 1014.000000 1.129774
 1015.000000 1.516538
 1016.000000 1.392355
 1017.000000 1.546104
 1018.000000 1.612566
 1019.000000 1.077156
 1020.000000 1.251743
 1021.000000 1.201925
 1022.000000 1.284037
 1023.000000 1.234883
 1024.000000 1.171646
 1025.000000 1.386539
 1026.000000 1.570197
 1027.000000 1.602238
 1028.000000 1.831619
 1029.000000 1.800217
 1030.000000 1.678880
 1031.000000 1.898996
 1032.000000 1.972866
 1033.000000 2.096855
 1034.000000 2.165935
 1035.000000 2.131113
 1036.000000 2.105011
 1037.000000 2.107899
 1038.000000 1.936863
 1039.000000 2.598032
 1040.000000 1.325603
 1041.000000 2.777820
 1042.000000 3.245500
 1043.000000 3.719485
 1044.000000 3.362360
 1045.000000 3.673332
 1046.000000 4.413320
 1047.000000 4.306720
 1048.000000 3.582140
 1049.000000 4.302131
 1050.000000 4.324401
 1051.000000 4.610241
 1052.000000 4.174785
 1053.000000 3.724253
 1054.000000 4.117220
 1055.000000 4.087052
 1056.000000 3.172682
 1057.000000 3.178239
 1058.000000 3.380436
 1059.000000 3.298904
 1060.000000 3.241173
 1061.000000 3.866806
 1062.000000 4.055309
 1063.000000 3.780093
 1064.000000 4.209548
 1065.000000 3.797073
 1066.000000 3.764670
 1067.000000 3.464423
 1068.000000 3.742835
 1069.000000 3.809742
 1070.000000 3.624095
 1071.000000 3.783328
 1072.000000 2.712501
 1073.000000 2.759174
 1074.000000 2.044085
 1075.000000 2.609709
 1076.000000 2.057950
 1077.000000 2.551463
 1078.000000 3.064277
 1079.000000 2.769509
 1080.000000 3.976109
 1081.000000 2.599112
 1082.000000 2.352859
 1083.000000 2.103816
 1084.000000 2.637216
 1085.000000 1.465329
 1086.000000 2.896867
 1087.000000 2.810038
 1088.000000 3.224540
 1089.000000 3.956718
 1090.000000 3.725126
 1091.000000 3.270533
 1092.000000 3.634932
 1093.000000 4.075611
 1094.000000 3.936247
 1095.000000 4.006294
 1096.000000 3.693828
 1097.000000 4.122257
 1098.000000 2.978679
 1099.000000 2.479334
 1100.000000 2.461614
 1101.000000 2.634126
 1102.000000 2.862030
 1103.000000 2.360640
 1104.000000 2.516323
 1105.000000 2.448770
 1106.000000 2.950273
 1107.000000 2.972177
 1108.000000 2.948355
 1109.000000 2.963314
 1110.000000 3.075028
 1111.000000 3.006871
 1112.000000 2.944871
 1113.000000 2.886540
 1114.000000 2.876707
 1115.000000 2.758421
 1116.000000 2.588541
 1117.000000 2.491600
 1118.000000 2.569592
 1119.000000 2.652722
 1120.000000 2.747060
 1121.000000 2.779147
 1122.000000 2.769386
 1123.000000 2.767883
 1124.000000 2.674523
 1125.000000 2.685662
 1126.000000 2.669542
 1127.000000 2.655703
 1128.000000 2.957291
 1129.000000 3.104634
 1130.000000 3.033624
 1131.000000 3.109300
 1132.000000 3.099927
 1133.000000 2.949082
 1134.000000 3.000570
 1135.000000 2.879569
 1136.000000 2.780206
 1137.000000 2.900535
 1138.000000 2.683711
 1139.000000 2.971040
 1140.000000 2.933825
 1141.000000 2.981727
 1142.000000 3.011274
 1143.000000 2.889630
 1144.000000 2.865331
 1145.000000 2.965060
 1146.000000 2.886948
 1147.000000 2.878803
 1148.000000 3.044964
 1149.000000 3.033551
 1150.000000 3.034935
 1151.000000 3.047601
 1152.000000 2.987225
 1153.000000 2.869373
 1154.000000 2.878446
 1155.000000 2.997606
 1156.000000 3.083294
 1157.000000 3.111492
 1158.000000 3.054057
 1159.000000 3.128504
 1160.000000 3.083067
 1161.000000 3.142240
 1162.000000 3.102008
 1163.000000 3.104276
 1164.000000 2.976183
 1165.000000 2.936952
 1166.000000 2.958018
 1167.000000 2.876869
 1168.000000 3.016649
 1169.000000 3.025161
 1170.000000 2.998417
 1171.000000 2.993673
 1172.000000 3.021404
 1173.000000 3.044327
 1174.000000 3.071800
 1175.000000 3.021689
 1176.000000 3.174715
 1177.000000 3.112396
 1178.000000 3.120821
 1179.000000 3.074760
 1180.000000 3.074488
 1181.000000 3.011117
 1182.000000 2.997808
 1183.000000 2.968960
 1184.000000 2.877561
 1185.000000 2.766513
 1186.000000 2.904251
 1187.000000 2.863147
 1188.000000 2.775751
 1189.000000 2.718918
 1190.000000 2.811933
 1191.000000 2.863429
 1192.000000 2.788011
 1193.000000 2.944987
 1194.000000 2.737408
 1195.000000 2.716111
 1196.000000 2.855230
 1197.000000 3.067995
 1198.000000 2.846261
 1199.000000 2.776150
 1200.000000 2.739872
 1201.000000 2.747614
 1202.000000 2.710470
 1203.000000 2.560629
 1204.000000 2.714928
 1205.000000 2.753545
 1206.000000 2.643347
 1207.000000 2.507803
 1208.000000 2.488878
 1209.000000 2.593292
 1210.000000 2.841052
 1211.000000 2.793041
 1212.000000 2.549480
 1213.000000 2.520273
 1214.000000 2.472146
 1215.000000 2.781091
 1216.000000 2.577149
 1217.000000 2.449668
 1218.000000 2.790593
 1219.000000 2.652044
 1220.000000 2.653302
 1221.000000 2.532650
 1222.000000 2.750161
 1223.000000 2.611935
 1224.000000 2.688520
 1225.000000 2.919015
 1226.000000 3.142203
 1227.000000 3.097138
 1228.000000 3.288429
 1229.000000 3.210639
 1230.000000 3.275328
 1231.000000 3.282928
 1232.000000 3.247894
 1233.000000 3.335440
 1234.000000 3.362021
 1235.000000 3.429113
 1236.000000 3.442603
 1237.000000 3.435814
 1238.000000 3.202708
 1239.000000 3.258457
 1240.000000 3.198915
 1241.000000 3.175639
 1242.000000 3.136305
 1243.000000 3.027522
 1244.000000 2.872744
 1245.000000 3.124575
 1246.000000 3.028364
 1247.000000 3.193104
 1248.000000 2.915116
 1249.000000 3.079841
 1250.000000 3.011720
 1251.000000 3.265416
 1252.000000 3.145392
 1253.000000 3.199753
 1254.000000 2.906381
 1255.000000 3.168043
 1256.000000 3.166874
 1257.000000 3.163103
 1258.000000 3.206020
 1259.000000 3.145477
 1260.000000 3.089658
 1261.000000 3.051357
 1262.000000 3.135771
 1263.000000 3.063606
 1264.000000 3.073037
 1265.000000 3.052579
 1266.000000 2.963257
 1267.000000 2.969243
 1268.000000 2.921065
 1269.000000 3.056692
 1270.000000 2.936362
 1271.000000 2.928031
 1272.000000 3.082075
 1273.000000 2.928132
 1274.000000 3.047446
 1275.000000 3.195105
 1276.000000 3.139279
 1277.000000 3.225011
 1278.000000 3.141057
 1279.000000 3.177264
 1280.000000 2.968903
 1281.000000 3.009630
 1282.000000 2.968051
 1283.000000 3.147450
 1284.000000 3.052227
 1285.000000 3.064395
 1286.000000 3.191143
 1287.000000 3.104723
 1288.000000 2.629937
 1289.000000 3.029642
 1290.000000 2.991432
 1291.000000 2.999076
 1292.000000 2.910971
 1293.000000 2.892984
 1294.000000 2.850143
 1295.000000 2.863355
 1296.000000 2.921018
 1297.000000 3.046823
 1298.000000 2.989288
 1299.000000 2.911112
 1300.000000 2.862298
 1301.000000 2.688871
 1302.000000 2.648658
 1303.000000 2.719410
 1304.000000 2.750005
 1305.000000 2.734839
 1306.000000 2.675969
 1307.000000 2.551741
 1308.000000 2.078330
 1309.000000 2.381286
 1310.000000 2.430978
 1311.000000 2.283365
 1312.000000 2.374331
 1313.000000 2.133468
 1314.000000 2.208332
 1315.000000 2.288459
 1316.000000 2.233003
 1317.000000 1.967287
 1318.000000 2.107501
 1319.000000 2.052577
 1320.000000 2.038849
 1321.000000 2.197785
 1322.000000 2.291605
 1323.000000 2.082631
 1324.000000 2.136348
 1325.000000 2.251042
 1326.000000 2.178652
 1327.000000 2.229728
 1328.000000 2.292857
 1329.000000 2.328563
 1330.000000 2.588538
 1331.000000 2.454073
 1332.000000 2.541527
 1333.000000 2.753105
 1334.000000 2.885897
 1335.000000 2.710341
 1336.000000 2.271651
 1337.000000 2.515710
 1338.000000 2.507871
 1339.000000 2.521806
 1340.000000 2.546388
 1341.000000 2.586149
 1342.000000 2.575474
 1343.000000 2.524141
 1344.000000 2.749177
 1345.000000 2.463686
 1346.000000 2.107798
 1347.000000 2.834015
 1348.000000 2.649026
 1349.000000 2.855182
 1350.000000 2.773498
 1351.000000 2.978466
 1352.000000 3.225362
 1353.000000 3.021960
 1354.000000 2.952027
 1355.000000 2.748365
 1356.000000 2.898289
 1357.000000 2.995165
 1358.000000 3.002282
 1359.000000 3.085770
 1360.000000 2.971533
 1361.000000 2.983994
 1362.000000 3.157871
 1363.000000 2.989917
 1364.000000 2.805967
 1365.000000 2.977066
 1366.000000 3.094769
 1367.000000 2.944523
 1368.000000 3.055682
 1369.000000 3.062514
 1370.000000 2.995787
 1371.000000 2.867196
 1372.000000 3.018764
 1373.000000 2.764470
 1374.000000 2.605240
 1375.000000 2.998056
 1376.000000 2.508007
 1377.000000 2.421808
 1378.000000 2.738360
 1379.000000 2.420090
 1380.000000 2.641700
 1381.000000 2.493519
 1382.000000 2.667419
 1383.000000 3.069047
 1384.000000 3.203623
 1385.000000 3.052009
 1386.000000 2.962564
 1387.000000 3.228988
 1388.000000 3.168171
 1389.000000 3.030590
 1390.000000 2.951895
 1391.000000 2.915702
 1392.000000 3.039451
 1393.000000 3.029378
 1394.000000 2.990532
 1395.000000 2.894773
 1396.000000 2.912567
 1397.000000 2.766347
 1398.000000 3.041305
 1399.000000 2.888289
 1400.000000 2.897163
 1401.000000 3.034401
 1402.000000 2.947408
 1403.000000 2.805034
 1404.000000 3.036281
 1405.000000 2.978193
 1406.000000 3.117422
 1407.000000 3.242923
 1408.000000 3.050447
 1409.000000 3.102499
 1410.000000 3.055509
 1411.000000 2.906629
 1412.000000 3.019219
 1413.000000 2.873243
 1414.000000 2.874015
 1415.000000 2.787688
 1416.000000 2.799468
 1417.000000 2.882838
 1418.000000 2.724943
 1419.000000 2.616805
 1420.000000 2.747360
 1421.000000 2.793189
 1422.000000 3.036878
 1423.000000 2.932174
 1424.000000 3.133279
 1425.000000 2.901755
 1426.000000 2.896682
 1427.000000 3.119193
 1428.000000 3.080768
 1429.000000 3.006735
 1430.000000 2.620980
 1431.000000 2.658519
 1432.000000 2.650011
 1433.000000 2.945732
 1434.000000 2.798925
 1435.000000 2.907342
 1436.000000 2.824868
 1437.000000 2.960858
 1438.000000 3.052886
 1439.000000 3.115557
 1440.000000 3.173375
 1441.000000 3.084651
 1442.000000 3.193348
 1443.000000 3.099408
 1444.000000 3.193031
 1445.000000 3.251763
 1446.000000 3.348745
 1447.000000 3.295817
 1448.000000 3.287537
 1449.000000 3.411798
 1450.000000 3.332067
 1451.000000 3.300876
 1452.000000 3.119667
 1453.000000 3.177619
 1454.000000 3.265831
 1455.000000 3.365623
 1456.000000 3.095158
 1457.000000 3.076233
 1458.000000 3.135793
 1459.000000 3.306663
 1460.000000 3.030206
 1461.000000 2.937217
 1462.000000 2.880607
 1463.000000 3.133870
 1464.000000 2.969324
 1465.000000 2.914114
 1466.000000 2.794779
 1467.000000 2.940832
 1468.000000 3.030726
 1469.000000 2.793184
 1470.000000 2.644067
 1471.000000 2.516763
 1472.000000 2.283138
 1473.000000 2.307327
 1474.000000 2.097978
 1475.000000 1.916145
 1476.000000 2.013888
 1477.000000 2.051866
 1478.000000 2.034248
 1479.000000 2.172533
 1480.000000 2.206377
 1481.000000 2.219282
 1482.000000 2.336160
 1483.000000 2.193006
 1484.000000 2.230839
 1485.000000 2.259445
 1486.000000 2.139252
 1487.000000 2.058780
 1488.000000 2.126645
 1489.000000 2.194892
 1490.000000 2.161092
 1491.000000 2.219956
 1492.000000 2.309025
 1493.000000 2.253104
 1494.000000 2.158827
 1495.000000 2.307598
 1496.000000 2.489539
 1497.000000 2.516582
 1498.000000 2.570433
 1499.000000 2.321960
 1500.000000 2.449926
 1501.000000 2.261902
 1502.000000 2.316000
 1503.000000 2.398048
 1504.000000 2.394418
 1505.000000 2.478387
 1506.000000 2.248938
 1507.000000 2.214381
 1508.000000 2.385677
 1509.000000 2.492050
 1510.000000 2.466902
 1511.000000 2.183584
 1512.000000 2.231428
 1513.000000 2.267126
 1514.000000 2.217074
 1515.000000 2.151437
 1516.000000 2.209922
 1517.000000 2.047116
 1518.000000 2.029817
 1519.000000 2.459676
 1520.000000 2.460350
 1521.000000 2.381140
 1522.000000 2.771018
 1523.000000 2.849295
 1524.000000 2.892124
 1525.000000 2.789104
 1526.000000 3.009315
 1527.000000 2.758391
 1528.000000 2.840986
 1529.000000 2.798100
 1530.000000 2.876836
 1531.000000 2.723698
 1532.000000 2.791977
 1533.000000 2.951183
 1534.000000 2.885633
 1535.000000 2.732644
 1536.000000 2.787310
 1537.000000 2.668692
 1538.000000 2.709912
 1539.000000 2.769147
 1540.000000 2.655033
 1541.000000 2.767124
 1542.000000 2.859160
 1543.000000 3.190105
 1544.000000 3.104281
 1545.000000 3.198976
 1546.000000 3.308134
 1547.000000 3.198942
 1548.000000 3.179046
 1549.000000 3.256495
 1550.000000 3.215447
 1551.000000 3.397872
 1552.000000 3.309376
 1553.000000 3.384691
 1554.000000 3.368315
 1555.000000 3.381828
 1556.000000 3.199675
 1557.000000 3.158127
 1558.000000 3.018244
 1559.000000 3.261179
 1560.000000 3.228393
 1561.000000 3.177753
 1562.000000 3.210439
 1563.000000 2.984535
 1564.000000 2.917140
 1565.000000 2.959083
 1566.000000 3.029693
 1567.000000 2.944242
 1568.000000 2.800020
 1569.000000 2.930640
 1570.000000 2.939827
 1571.000000 2.937492
 1572.000000 2.953646
 1573.000000 3.021728
 1574.000000 3.145830
 1575.000000 2.998642
 1576.000000 2.951761
 1577.000000 2.955413
 1578.000000 2.852171
 1579.000000 3.071835
 1580.000000 3.340294
 1581.000000 3.191407
 1582.000000 3.073206
 1583.000000 2.980909
 1584.000000 3.233201
 1585.000000 2.957938
 1586.000000 3.045774
 1587.000000 3.092809
 1588.000000 2.926561
 1589.000000 2.840586
 1590.000000 2.785495
 1591.000000 2.972266
 1592.000000 2.984976
 1593.000000 3.180336
 1594.000000 3.041203
 1595.000000 2.985919
 1596.000000 2.787106
 1597.000000 3.167522
 1598.000000 3.093143
 1599.000000 3.029445
 1600.000000 3.096949
 1601.000000 3.118997
 1602.000000 3.027189
 1603.000000 2.981215
 1604.000000 3.004288
 1605.000000 3.068964
 1606.000000 3.188160
 1607.000000 3.298924
 1608.000000 3.370578
 1609.000000 3.357913
 1610.000000 3.173445
 1611.000000 3.253985
 1612.000000 3.074474
 1613.000000 2.775160
 1614.000000 2.773338
 1615.000000 2.480520
 1616.000000 2.499920
 1617.000000 2.811709
 1618.000000 2.588133
 1619.000000 2.517642
 1620.000000 2.420572
 1621.000000 2.654898
 1622.000000 2.591764
 1623.000000 2.772236
 1624.000000 2.775912
 1625.000000 2.190625
 1626.000000 2.617192
 1627.000000 2.798666
 1628.000000 2.581537
 1629.000000 2.785886
 1630.000000 2.771615
 1631.000000 2.626216
 1632.000000 2.652437
 1633.000000 2.610335
 1634.000000 2.355653
 1635.000000 2.154034
 1636.000000 2.103469
 1637.000000 1.814435
 1638.000000 2.135233
 1639.000000 2.263077
 1640.000000 1.947669
 1641.000000 1.930527
 1642.000000 2.383010
 1643.000000 2.325115
 1644.000000 2.406428
 1645.000000 2.400790
 1646.000000 2.314061
 1647.000000 2.714351
 1648.000000 2.819774
 1649.000000 2.840350
 1650.000000 3.008856
 1651.000000 2.854988
 1652.000000 2.925015
 1653.000000 2.861794
 1654.000000 3.127210
 1655.000000 2.941854
 1656.000000 2.771995
 1657.000000 2.953353
 1658.000000 2.294156
 1659.000000 2.706461
 1660.000000 2.843528
 1661.000000 2.741021
 1662.000000 2.580646
 1663.000000 2.306936
 1664.000000 2.231064
 1665.000000 1.899870
 1666.000000 1.405515
 1667.000000 1.062289
 1668.000000 1.179910
 1669.000000 1.443567
 1670.000000 0.917807
 1671.000000 0.633470
 1672.000000 0.700042
 1673.000000 0.786720
 1674.000000 0.550830
 1675.000000 0.415729
 1676.000000 0.544519
 1677.000000 0.352372
 1678.000000 1.626591
 1679.000000 1.802158
 1680.000000 2.052190
 1681.000000 2.934720
 1682.000000 3.554655
 1683.000000 3.390747
 1684.000000 2.892890
 1685.000000 2.085230
 1686.000000 2.092097
 1687.000000 2.265677
 1688.000000 2.207759
 1689.000000 2.062084
 1690.000000 3.915170
 1691.000000 3.305095
 1692.000000 2.968607
 1693.000000 3.901038
 1694.000000 3.655772
 1695.000000 3.205776
 1696.000000 3.050644
 1697.000000 2.677415
 1698.000000 2.026140
 1699.000000 0.382139
 1700.000000 1.386122
 1701.000000 1.331663
 1702.000000 2.720284
 1703.000000 3.188729
 1704.000000 4.671148
 1705.000000 4.639540
 1706.000000 2.690041
 1707.000000 2.056379
 1708.000000 1.773289
 1709.000000 3.774243
 1710.000000 3.068020
 1711.000000 3.086956
 1712.000000 2.985756
 1713.000000 2.451405
 1714.000000 2.737063
 1715.000000 3.746957
 1716.000000 3.892856
 1717.000000 4.076027
 1718.000000 3.503599
 1719.000000 3.907178
 1720.000000 4.302087
 1721.000000 4.507697
 1722.000000 4.003533
 1723.000000 3.216691
 1724.000000 2.791942
 1725.000000 1.052591
 1726.000000 1.725366
 1727.000000 0.943793
 1728.000000 0.948460
 1729.000000 1.298018
 1730.000000 0.866941
 1731.000000 1.260275
 1732.000000 1.049165
 1733.000000 1.071707
 1734.000000 1.060648
 1735.000000 1.058287
 1736.000000 1.399100
 1737.000000 1.585673
 1738.000000 1.954504
 1739.000000 2.501873
 1740.000000 2.322600
 1741.000000 1.636241
 1742.000000 3.302432
 1743.000000 2.577288
 1744.000000 3.227415
 1745.000000 2.414025
 1746.000000 2.131886
 1747.000000 2.064267
 1748.000000 3.140945
 1749.000000 2.572075
 1750.000000 1.953570
 1751.000000 2.869060
 1752.000000 3.289798
 1753.000000 2.958715
 1754.000000 2.999459
 1755.000000 3.300479
 1756.000000 2.539824
 1757.000000 0.952752
 1758.000000 0.733847
 1759.000000 0.713403
 1760.000000 0.271229
 1761.000000 0.621261
 1762.000000 1.033089
 1763.000000 0.716398
 1764.000000 0.871709
 1765.000000 1.912049
 1766.000000 1.975841
 1767.000000 2.164560
 1768.000000 2.394531
 1769.000000 1.921099
 1770.000000 3.583369
 1771.000000 4.581480
 1772.000000 4.803974
 1773.000000 4.203410
 1774.000000 3.852576
 1775.000000 3.152686
 1776.000000 3.087879
 1777.000000 2.673924
 1778.000000 4.257662
 1779.000000 2.390992
 1780.000000 2.397908
 1781.000000 3.498839
 1782.000000 3.224017
 1783.000000 3.779289
 1784.000000 3.792345
 1785.000000 3.497480
 1786.000000 3.270527
 1787.000000 2.847198
 1788.000000 3.285639
 1789.000000 4.182634
 1790.000000 3.678956
 1791.000000 3.904787
 1792.000000 3.530208
 1793.000000 4.032989
 1794.000000 3.809149
 1795.000000 3.869872
 1796.000000 3.903149
 1797.000000 3.819244
 1798.000000 3.578127
 1799.000000 3.110597
 1800.000000 3.406717
 1801.000000 3.108781
 1802.000000 3.831744
 1803.000000 3.667659
 1804.000000 2.535074
 1805.000000 2.487142
 1806.000000 2.935578
 1807.000000 2.922717
 1808.000000 2.922720
 1809.000000 3.084891
 1810.000000 3.096950
 1811.000000 2.943366
 1812.000000 2.968854
 1813.000000 2.929443
 1814.000000 2.935436
 1815.000000 2.772744
 1816.000000 2.727181
 1817.000000 2.742022
 1818.000000 2.561829
 1819.000000 2.609060
 1820.000000 2.668448
 1821.000000 2.787140
 1822.000000 2.719710
 1823.000000 2.794357
 1824.000000 2.826532
 1825.000000 2.793713
 1826.000000 2.703089
 1827.000000 2.626956
 1828.000000 2.673811
 1829.000000 2.556864
 1830.000000 2.031039
 1831.000000 2.158645
 1832.000000 3.618418
 1833.000000 3.433814
 1834.000000 2.971623
 1835.000000 2.964380
 1836.000000 2.040251
 1837.000000 3.088481
 1838.000000 2.888862
 1839.000000 3.825061
 1840.000000 4.062202
 1841.000000 3.925709
 1842.000000 3.994587
 1843.000000 3.964287
 1844.000000 3.931331
 1845.000000 3.965593
 1846.000000 3.953884
 1847.000000 3.356836
 1848.000000 3.900125
 1849.000000 3.965164
 1850.000000 3.856120
 1851.000000 3.952446
 1852.000000 3.770381
 1853.000000 3.469547
 1854.000000 3.773264
 1855.000000 3.463921
 1856.000000 3.239289
 1857.000000 3.073380
 1858.000000 2.290500
 1859.000000 2.878759
 1860.000000 2.872815
 1861.000000 3.483863
 1862.000000 3.221828
 1863.000000 3.616681
 1864.000000 2.896429
 1865.000000 3.935491
 1866.000000 2.529913
 1867.000000 2.327625
 1868.000000 1.966092
 1869.000000 1.859493
 1870.000000 3.022070
 1871.000000 3.745748
 1872.000000 3.068611
 1873.000000 3.842331
 1874.000000 4.210636
 1875.000000 4.182333
 1876.000000 4.117164
 1877.000000 3.935194
 1878.000000 3.925054
 1879.000000 3.937377
 1880.000000 3.992993
 1881.000000 3.837797
 1882.000000 4.182067
 1883.000000 3.984773
 1884.000000 3.805865
 1885.000000 4.079442
 1886.000000 4.068150
 1887.000000 3.940987
 1888.000000 4.043709
 1889.000000 3.542324
 1890.000000 3.692259
 1891.000000 4.417639
 1892.000000 3.802098
 1893.000000 3.833014
 1894.000000 3.978326
 1895.000000 4.241062
 1896.000000 3.846115
 1897.000000 3.959100
 1898.000000 4.581142
 1899.000000 3.634805
 1900.000000 3.135958
 1901.000000 3.210546
 1902.000000 3.244223
 1903.000000 3.112880
 1904.000000 1.976673
 1905.000000 2.993031
 1906.000000 3.224469
 1907.000000 3.842729
 1908.000000 3.721191
 1909.000000 3.402171
 1910.000000 4.074691
 1911.000000 2.438128
 1912.000000 3.458940
 1913.000000 4.205773
 1914.000000 4.139923
 1915.000000 2.820095
 1916.000000 3.127464
 1917.000000 2.962988
 1918.000000 3.867296
 1919.000000 2.639794
 1920.000000 0.618766
 1921.000000 1.112631
 1922.000000 0.686417
 1923.000000 0.451225
 1924.000000 0.997204
 1925.000000 0.791034
 1926.000000 1.058632
 1927.000000 1.717797
 1928.000000 1.039098
 1929.000000 0.184651
 1930.000000 0.543561
 1931.000000 0.607105
 1932.000000 1.096003
 1933.000000 1.709904
 1934.000000 1.276718
 1935.000000 1.354215
 1936.000000 1.499603
 1937.000000 1.824672
 1938.000000 1.193837
 1939.000000 1.761359
 1940.000000 1.563917
 1941.000000 1.970948
 1942.000000 1.876842
 1943.000000 2.395632
 1944.000000 2.305266
 1945.000000 2.184417
 1946.000000 2.224065
 1947.000000 2.192416
 1948.000000 2.155444
 1949.000000 2.019037
 1950.000000 2.349935
 1951.000000 2.233978
 1952.000000 2.296130
 1953.000000 2.149967
 1954.000000 2.145465
 1955.000000 1.697133
 1956.000000 1.742745
 1957.000000 1.734998
 1958.000000 1.719307
 1959.000000 2.014502
 1960.000000 1.817055
 1961.000000 1.525845
 1962.000000 1.144721
 1963.000000 1.745262
 1964.000000 1.272729
 1965.000000 2.614582
 1966.000000 2.818736
 1967.000000 1.662268
 1968.000000 2.482793
 1969.000000 3.182157
 1970.000000 2.902327
 1971.000000 2.527018
 1972.000000 3.255615
 1973.000000 1.987486
 1974.000000 2.780479
 1975.000000 2.167977
 1976.000000 2.658555
 1977.000000 2.084994
 1978.000000 2.461434
 1979.000000 3.246098
 1980.000000 2.458141
 1981.000000 3.670229
 1982.000000 3.833076
 1983.000000 4.407608
 1984.000000 4.022896
 1985.000000 3.767312
 1986.000000 3.505344
 1987.000000 3.237278
 1988.000000 3.180613
 1989.000000 2.842174
 1990.000000 2.860573
 1991.000000 2.677274
 1992.000000 3.638792
 1993.000000 3.583391
 1994.000000 3.373141
 1995.000000 2.645235
 1996.000000 2.115834
 1997.000000 3.318873
 1998.000000 2.720391
 1999.000000 2.672034
 2000.000000 2.900858
 2001.000000 2.836570
 2002.000000 2.361607
 2003.000000 2.455887
 2004.000000 2.625958
 2005.000000 3.108379
 2006.000000 2.515202
 2007.000000 2.421166
 2008.000000 2.802399
 2009.000000 3.367867
 2010.000000 3.256491
 2011.000000 2.941495
 2012.000000 3.178009
 2013.000000 2.487602
 2014.000000 3.238030
 2015.000000 2.739750
 2016.000000 2.752673
 2017.000000 3.254215
 2018.000000 4.067469
 2019.000000 3.878737
 2020.000000 3.523626
 2021.000000 3.586122
 2022.000000 3.534015
 2023.000000 3.665207
 2024.000000 4.074160
