#! FIELDS time r27.min
 0.000000 2.852986
 1.000000 2.796365
 2.000000 2.707330
 3.000000 2.868817
 4.000000 2.537978
 5.000000 1.588020
 6.000000 1.269482
 7.000000 1.075593
 8.000000 1.162486
 9.000000 2.490622
 10.000000 1.167049
 11.000000 1.564256
 12.000000 3.824990
 13.000000 4.002000
 14.000000 3.495378
 15.000000 3.651232
 16.000000 3.683578
 17.000000 3.656252
 18.000000 3.443176
 19.000000 3.386488
 20.000000 3.107078
 21.000000 3.187012
 22.000000 3.278660
 23.000000 3.204014
 24.000000 3.962738
 25.000000 2.147488
 26.000000 1.746225
 27.000000 1.585956
 28.000000 1.639996
 29.000000 1.750354
 30.000000 1.791081
 31.000000 1.857032
 32.000000 3.393465
 33.000000 3.236668
 34.000000 2.394414
 35.000000 2.860513
 36.000000 3.114956
 37.000000 2.592296
 38.000000 3.837404
 39.000000 3.815566
 40.000000 4.219705
 41.000000 4.317500
 42.000000 4.554897
 43.000000 2.554101
 44.000000 0.196199
 45.000000 0.451928
 46.000000 1.122374
 47.000000 1.200687
 48.000000 0.762679
 49.000000 1.194558
 50.000000 0.658204
 51.000000 0.823922
 52.000000 0.727872
 53.000000 1.316655
 54.000000 0.791727
 55.000000 0.723707
 56.000000 0.682012
 57.000000 0.684546
 58.000000 0.487871
 59.000000 0.565032
 60.000000 0.798417
 61.000000 0.542079
 62.000000 0.580553
 63.000000 1.638250
 64.000000 1.533129
 65.000000 1.893936
 66.000000 2.786656
 67.000000 3.758413
 68.000000 3.177891
 69.000000 3.377861
 70.000000 3.512200
 71.000000 3.561595
 72.000000 4.048930
 73.000000 4.498240
 74.000000 4.241576
 75.000000 3.305883
 76.000000 4.403911
 77.000000 4.057035
 78.000000 3.285130
 79.000000 3.079944
 80.000000 2.846836
 81.000000 3.124861
 82.000000 2.777383
 83.000000 2.950822
 84.000000 3.631833
 85.000000 3.297347
 86.000000 3.448163
 87.000000 3.568705
 88.000000 4.021729
 89.000000 3.986829
 90.000000 4.457698
 91.000000 4.482546
 92.000000 4.365069
 93.000000 3.833822
 94.000000 3.921602
 95.000000 4.687774
 96.000000 4.450513
 97.000000 2.704502
 98.000000 1.759233
 99.000000 0.745332
 100.000000 2.671061
 101.000000 1.809090
 102.000000 3.147073
 103.000000 2.337810
 104.000000 3.911386
 105.000000 3.421841
 106.000000 4.337835
 107.000000 2.774948
 108.000000 0.949214
 109.000000 1.013094
 110.000000 1.065105
 111.000000 1.224571
 112.000000 1.743643
 113.000000 2.589385
 114.000000 2.522178
 115.000000 2.253907
 116.000000 2.203417
 117.000000 2.699774
 118.000000 2.441647
 119.000000 1.947995
 120.000000 2.214636
 121.000000 2.052719
 122.000000 2.272021
 123.000000 2.152965
 124.000000 2.325305
 125.000000 1.951814
 126.000000 2.266940
 127.000000 1.443182
 128.000000 1.628457
 129.000000 0.296917
 130.000000 0.399786
 131.000000 0.703913
 132.000000 0.519147
 133.000000 0.596019
 134.000000 0.707503
 135.000000 0.920378
 136.000000 1.482383
 137.000000 1.037199
 138.000000 0.271952
 139.000000 0.654406
 140.000000 0.564777
 141.000000 1.215218
 142.000000 2.416132
 143.000000 2.774381
 144.000000 2.495977
 145.000000 1.617621
 146.000000 3.396522
 147.000000 3.661911
 148.000000 2.839847
 149.000000 2.874384
 150.000000 3.230721
 151.000000 2.986835
 152.000000 2.192042
 153.000000 3.206647
 154.000000 3.193229
 155.000000 3.321023
 156.000000 3.440429
 157.000000 2.894238
 158.000000 3.022391
 159.000000 3.079601
 160.000000 3.524547
 161.000000 3.456796
 162.000000 4.129181
 163.000000 3.160612
 164.000000 2.724420
 165.000000 3.720811
 166.000000 3.378808
 167.000000 3.140722
 168.000000 3.430620
 169.000000 3.558319
 170.000000 3.764383
 171.000000 3.523692
 172.000000 3.795368
 173.000000 3.843400
 174.000000 3.731392
 175.000000 3.832840
 176.000000 3.775299
 177.000000 3.779867
 178.000000 3.641102
 179.000000 3.795770
 180.000000 3.591535
 181.000000 3.644396
 182.000000 3.571355
 183.000000 3.502649
 184.000000 3.517326
 185.000000 3.561702
 186.000000 3.593944
 187.000000 3.676679
 188.000000 3.686702
 189.000000 3.646991
 190.000000 3.768190
 191.000000 3.788392
 192.000000 3.892432
 193.000000 3.795200
 194.000000 3.843033
 195.000000 3.723195
 196.000000 3.798792
 197.000000 3.799366
 198.000000 3.673563
 199.000000 3.737369
 200.000000 3.598979
 201.000000 3.705004
 202.000000 3.832477
 203.000000 3.825302
 204.000000 3.187993
 205.000000 2.803434
 206.000000 2.238259
 207.000000 2.527387
 208.000000 2.668698
 209.000000 3.030560
 210.000000 3.128817
 211.000000 2.945826
 212.000000 2.466493
 213.000000 2.709717
 214.000000 2.960232
 215.000000 3.139018
 216.000000 3.300266
 217.000000 2.943216
 218.000000 3.270476
 219.000000 3.531823
 220.000000 3.218830
 221.000000 3.508541
 222.000000 3.488694
 223.000000 3.563065
 224.000000 3.659180
 225.000000 3.809741
 226.000000 3.579315
 227.000000 3.445031
 228.000000 3.459685
 229.000000 3.507941
 230.000000 3.524515
 231.000000 3.579230
 232.000000 3.533015
 233.000000 3.864598
 234.000000 3.879011
 235.000000 3.791289
 236.000000 3.748592
 237.000000 3.691667
 238.000000 3.339082
 239.000000 3.612926
 240.000000 3.827736
 241.000000 3.796264
 242.000000 3.572918
 243.000000 3.717690
 244.000000 4.464237
 245.000000 4.087337
 246.000000 3.998422
 247.000000 4.016518
 248.000000 4.148444
 249.000000 4.091723
 250.000000 4.171840
 251.000000 4.185215
 252.000000 4.379496
 253.000000 4.052921
 254.000000 4.092538
 255.000000 3.539267
 256.000000 3.780990
 257.000000 3.502937
 258.000000 3.606000
 259.000000 3.823658
 260.000000 3.678523
 261.000000 3.573363
 262.000000 4.515256
 263.000000 4.228175
 264.000000 2.894885
 265.000000 2.413703
 266.000000 1.844300
 267.000000 3.019157
 268.000000 4.280083
 269.000000 4.509653
 270.000000 4.794920
 271.000000 4.735432
 272.000000 4.137479
 273.000000 4.725457
 274.000000 4.436378
 275.000000 3.723603
 276.000000 3.549190
 277.000000 3.049407
 278.000000 2.613972
 279.000000 2.983676
 280.000000 3.583309
 281.000000 4.350721
 282.000000 3.056753
 283.000000 3.565594
 284.000000 2.231907
 285.000000 4.101427
 286.000000 3.983693
 287.000000 4.301362
 288.000000 3.884284
 289.000000 2.636073
 290.000000 3.312906
 291.000000 3.629951
 292.000000 3.323793
 293.000000 3.553357
 294.000000 3.120320
 295.000000 2.920938
 296.000000 3.042479
 297.000000 3.659880
 298.000000 2.958366
 299.000000 2.353230
 300.000000 2.028929
 301.000000 2.245425
 302.000000 2.690561
 303.000000 3.261567
 304.000000 3.851237
 305.000000 3.526524
 306.000000 3.765845
 307.000000 3.726591
 308.000000 2.949978
 309.000000 2.960781
 310.000000 2.056052
 311.000000 1.465589
 312.000000 3.065670
 313.000000 3.391239
 314.000000 3.546521
 315.000000 3.236304
 316.000000 4.048298
 317.000000 3.348625
 318.000000 4.057711
 319.000000 3.546734
 320.000000 4.031596
 321.000000 3.303553
 322.000000 2.939503
 323.000000 3.286121
 324.000000 3.056003
 325.000000 3.603699
 326.000000 3.778541
 327.000000 3.902316
 328.000000 3.231657
 329.000000 3.891939
 330.000000 2.933723
 331.000000 3.487452
 332.000000 3.294265
 333.000000 2.084186
 334.000000 0.520433
 335.000000 2.706974
 336.000000 3.912742
 337.000000 3.881185
 338.000000 3.634176
 339.000000 3.790434
 340.000000 3.888205
 341.000000 3.915377
 342.000000 3.838309
 343.000000 3.883397
 344.000000 3.734457
 345.000000 3.648490
 346.000000 3.560080
 347.000000 3.911612
 348.000000 3.718509
 349.000000 3.700095
 350.000000 3.481767
 351.000000 3.339493
 352.000000 3.276568
 353.000000 3.521822
 354.000000 3.688491
 355.000000 3.378986
 356.000000 3.501337
 357.000000 3.350472
 358.000000 2.814789
 359.000000 3.130527
 360.000000 3.345774
 361.000000 3.543085
 362.000000 3.488804
 363.000000 3.941294
 364.000000 4.101475
 365.000000 4.040398
 366.000000 3.685911
 367.000000 3.861039
 368.000000 3.656643
 369.000000 3.792663
 370.000000 3.770868
 371.000000 3.559764
 372.000000 3.448848
 373.000000 3.791591
 374.000000 3.401494
 375.000000 3.389949
 376.000000 3.486825
 377.000000 3.558800
 378.000000 3.501408
 379.000000 3.478788
 380.000000 3.588504
 381.000000 3.574453
 382.000000 3.760614
 383.000000 3.590985
 384.000000 3.465008
 385.000000 3.614030
 386.000000 3.668349
 387.000000 3.536503
 388.000000 3.713083
 389.000000 3.773968
 390.000000 3.788232
 391.000000 3.889462
 392.000000 3.754835
 393.000000 3.911757
 394.000000 3.991693
 395.000000 3.651813
 396.000000 3.803164
 397.000000 3.646179
 398.000000 3.867413
 399.000000 3.898262
 400.000000 3.926886
 401.000000 4.041409
 402.000000 3.767448
 403.000000 3.990754
 404.000000 4.046874
 405.000000 3.987802
 406.000000 3.974998
 407.000000 3.905837
 408.000000 4.010078
 409.000000 3.749384
 410.000000 3.630201
 411.000000 3.962746
 412.000000 3.902159
 413.000000 3.738849
 414.000000 3.848929
 415.000000 3.900059
 416.000000 3.960150
 417.000000 4.050777
 418.000000 4.082757
 419.000000 4.171138
 420.000000 3.998557
 421.000000 4.378789
 422.000000 3.961879
 423.000000 4.039380
 424.000000 4.125987
 425.000000 3.920276
 426.000000 4.078866
 427.000000 4.041586
 428.000000 4.041340
 429.000000 3.484169
 430.000000 4.110835
 431.000000 4.047841
 432.000000 4.277134
 433.000000 4.237845
 434.000000 4.154364
 435.000000 4.044318
 436.000000 3.908287
 437.000000 4.000995
 438.000000 3.981862
 439.000000 4.116270
 440.000000 4.069006
 441.000000 3.736245
 442.000000 3.764903
 443.000000 3.828503
 444.000000 3.922860
 445.000000 4.117791
 446.000000 3.777362
 447.000000 4.588296
 448.000000 2.985627
 449.000000 4.605708
 450.000000 4.897889
 451.000000 5.261131
 452.000000 3.178604
 453.000000 3.509500
 454.000000 2.364394
 455.000000 3.653161
 456.000000 4.749513
 457.000000 3.594446
 458.000000 3.842217
 459.000000 4.325920
 460.000000 4.118121
 461.000000 3.328153
 462.000000 3.181111
 463.000000 3.662628
 464.000000 2.990502
 465.000000 3.187390
 466.000000 3.303658
 467.000000 2.583358
 468.000000 3.322614
 469.000000 3.737840
 470.000000 3.987292
 471.000000 4.206243
 472.000000 3.560633
 473.000000 2.723352
 474.000000 1.689723
 475.000000 2.069447
 476.000000 2.546602
 477.000000 1.738120
 478.000000 2.309131
 479.000000 2.557765
 480.000000 2.360386
 481.000000 3.046300
 482.000000 3.366656
 483.000000 3.921720
 484.000000 4.078445
 485.000000 3.858907
 486.000000 3.357049
 487.000000 3.609693
 488.000000 3.200494
 489.000000 1.776628
 490.000000 1.422976
 491.000000 0.297076
 492.000000 1.263822
 493.000000 2.418974
 494.000000 2.656875
 495.000000 2.757508
 496.000000 2.996202
 497.000000 3.493317
 498.000000 3.927873
 499.000000 3.813874
 500.000000 3.992041
 501.000000 4.191389
 502.000000 4.458144
 503.000000 4.106216
 504.000000 3.446751
 505.000000 3.189796
 506.000000 3.489716
 507.000000 3.668398
 508.000000 2.958134
 509.000000 3.274599
 510.000000 3.731984
 511.000000 3.600834
 512.000000 3.175391
 513.000000 2.948414
 514.000000 3.363546
 515.000000 3.518667
 516.000000 3.835431
 517.000000 3.079069
 518.000000 3.389739
 519.000000 2.350961
 520.000000 2.811190
 521.000000 3.544479
 522.000000 4.174053
 523.000000 2.373137
 524.000000 2.214660
 525.000000 2.066480
 526.000000 1.126867
 527.000000 1.450326
 528.000000 2.650996
 529.000000 2.787312
 530.000000 2.889735
 531.000000 2.977329
 532.000000 2.992015
 533.000000 3.483350
 534.000000 3.018327
 535.000000 3.051462
 536.000000 3.178084
 537.000000 3.794131
 538.000000 3.758727
 539.000000 3.653884
 540.000000 3.495711
 541.000000 2.972041
 542.000000 3.810400
 543.000000 3.442711
 544.000000 3.511094
 545.000000 2.455350
 546.000000 2.308242
 547.000000 2.396845
 548.000000 2.338022
 549.000000 2.572394
 550.000000 2.555499
 551.000000 2.501026
 552.000000 2.612734
 553.000000 2.545555
 554.000000 2.867647
 555.000000 2.871328
 556.000000 2.802721
 557.000000 2.202852
 558.000000 2.490143
 559.000000 2.452297
 560.000000 2.366320
 561.000000 2.463800
 562.000000 2.438756
 563.000000 2.169934
 564.000000 1.980678
 565.000000 2.139537
 566.000000 1.906810
 567.000000 2.162497
 568.000000 2.047525
 569.000000 1.690798
 570.000000 1.216994
 571.000000 0.999606
 572.000000 1.474350
 573.000000 1.050461
 574.000000 1.722080
 575.000000 1.567163
 576.000000 1.982804
 577.000000 2.145245
 578.000000 2.330202
 579.000000 3.718909
 580.000000 2.672563
 581.000000 3.346410
 582.000000 3.001944
 583.000000 3.393233
 584.000000 3.500062
 585.000000 2.676846
 586.000000 3.557197
 587.000000 3.393720
 588.000000 3.357481
 589.000000 3.744481
 590.000000 4.179840
 591.000000 3.241045
 592.000000 3.543359
 593.000000 3.851021
 594.000000 3.687207
 595.000000 4.169662
 596.000000 3.986636
 597.000000 4.179909
 598.000000 4.167556
 599.000000 4.229630
 600.000000 4.231047
 601.000000 4.315052
 602.000000 4.332517
 603.000000 4.337250
 604.000000 4.276221
 605.000000 4.111897
 606.000000 4.182705
 607.000000 4.246142
 608.000000 4.184537
 609.000000 4.130862
 610.000000 4.197577
 611.000000 4.216844
 612.000000 4.086431
 613.000000 4.346979
 614.000000 4.209470
 615.000000 4.405459
 616.000000 4.350019
 617.000000 4.338904
 618.000000 4.584618
 619.000000 4.389169
 620.000000 4.163196
 621.000000 4.174190
 622.000000 4.359189
 623.000000 4.307739
 624.000000 4.282525
 625.000000 4.340471
 626.000000 4.279485
 627.000000 4.198367
 628.000000 4.242811
 629.000000 4.117277
 630.000000 4.345020
 631.000000 4.228948
 632.000000 4.074127
 633.000000 4.214758
 634.000000 4.289739
 635.000000 4.367047
 636.000000 4.365403
 637.000000 4.068075
 638.000000 4.101172
 639.000000 4.273334
 640.000000 4.311101
 641.000000 4.261853
 642.000000 4.439201
 643.000000 4.195202
 644.000000 4.110290
 645.000000 4.132522
 646.000000 4.551013
 647.000000 4.539942
 648.000000 3.992352
 649.000000 3.998536
 650.000000 3.946593
 651.000000 4.028231
 652.000000 4.417508
 653.000000 4.077940
 654.000000 4.277009
 655.000000 4.368744
 656.000000 4.406837
 657.000000 4.341194
 658.000000 4.291049
 659.000000 4.387798
 660.000000 4.396322
 661.000000 4.322022
 662.000000 4.392001
 663.000000 4.323937
 664.000000 4.269121
 665.000000 4.376204
 666.000000 3.587174
 667.000000 3.702799
 668.000000 3.696422
 669.000000 3.775634
 670.000000 3.757767
 671.000000 3.598463
 672.000000 3.512158
 673.000000 4.250411
 674.000000 4.202458
 675.000000 4.262219
 676.000000 4.240938
 677.000000 4.218546
 678.000000 4.303882
 679.000000 4.485227
 680.000000 4.418283
 681.000000 4.291491
 682.000000 4.122718
 683.000000 4.043389
 684.000000 4.112504
 685.000000 4.115354
 686.000000 4.317778
 687.000000 4.065471
 688.000000 3.995888
 689.000000 4.040076
 690.000000 4.094136
 691.000000 3.793794
 692.000000 3.443429
 693.000000 3.619608
 694.000000 4.152436
 695.000000 3.703171
 696.000000 3.425958
 697.000000 3.741263
 698.000000 4.243533
 699.000000 4.125158
 700.000000 4.064939
 701.000000 3.949176
 702.000000 3.823607
 703.000000 3.723626
 704.000000 3.101669
 705.000000 2.205528
 706.000000 2.525425
 707.000000 3.948031
 708.000000 3.917464
 709.000000 4.374237
 710.000000 4.595781
 711.000000 4.260011
 712.000000 3.350161
 713.000000 3.879745
 714.000000 3.800958
 715.000000 4.088825
 716.000000 3.668455
 717.000000 3.767160
 718.000000 3.048290
 719.000000 2.751775
 720.000000 2.918994
 721.000000 2.337916
 722.000000 3.732810
 723.000000 3.823744
 724.000000 1.983222
 725.000000 0.426884
 726.000000 2.672499
 727.000000 2.704861
 728.000000 3.988815
 729.000000 3.687437
 730.000000 4.116273
 731.000000 3.860800
 732.000000 3.083919
 733.000000 3.549000
 734.000000 4.187023
 735.000000 4.133246
 736.000000 3.443462
 737.000000 3.091787
 738.000000 4.150937
 739.000000 2.790557
 740.000000 3.516093
 741.000000 2.418063
 742.000000 3.601651
 743.000000 2.797714
 744.000000 3.319082
 745.000000 2.992649
 746.000000 2.641074
 747.000000 2.612726
 748.000000 3.434874
 749.000000 3.470135
 750.000000 3.633491
 751.000000 3.286798
 752.000000 3.645281
 753.000000 3.350634
 754.000000 3.058478
 755.000000 2.607138
 756.000000 3.475242
 757.000000 2.734884
 758.000000 2.220888
 759.000000 2.250501
 760.000000 1.131443
 761.000000 2.052098
 762.000000 2.096202
 763.000000 2.187085
 764.000000 3.571033
 765.000000 3.751833
 766.000000 3.331207
 767.000000 3.887170
 768.000000 3.854029
 769.000000 3.393510
 770.000000 3.203483
 771.000000 3.584221
 772.000000 3.566236
 773.000000 3.153433
 774.000000 2.921401
 775.000000 2.567347
 776.000000 2.967171
 777.000000 3.141203
 778.000000 3.198708
 779.000000 3.120246
 780.000000 3.573666
 781.000000 3.277406
 782.000000 3.241795
 783.000000 3.177144
 784.000000 3.608363
 785.000000 3.886658
 786.000000 4.402319
 787.000000 3.539088
 788.000000 2.913156
 789.000000 3.868178
 790.000000 2.937618
 791.000000 3.319770
 792.000000 3.741003
 793.000000 4.547131
 794.000000 4.935378
 795.000000 4.551978
 796.000000 4.270582
 797.000000 4.643174
 798.000000 3.972034
 799.000000 2.904928
 800.000000 2.516408
 801.000000 2.155742
 802.000000 2.174448
 803.000000 3.634763
 804.000000 3.692188
 805.000000 3.388139
 806.000000 3.122116
 807.000000 2.730557
 808.000000 2.356212
 809.000000 3.184619
 810.000000 3.060522
 811.000000 3.512106
 812.000000 3.695652
 813.000000 3.794690
 814.000000 3.008908
 815.000000 2.589511
 816.000000 3.491367
 817.000000 4.220773
 818.000000 4.145347
 819.000000 4.357457
 820.000000 3.613041
 821.000000 3.356927
 822.000000 4.042321
 823.000000 3.518826
 824.000000 3.183428
 825.000000 2.167580
 826.000000 2.924968
 827.000000 2.926082
 828.000000 2.667574
 829.000000 3.429491
 830.000000 3.451621
 831.000000 3.511109
 832.000000 3.367232
 833.000000 3.489409
 834.000000 3.455826
 835.000000 3.616342
 836.000000 3.633585
 837.000000 3.438662
 838.000000 3.569998
 839.000000 3.125796
 840.000000 3.495094
 841.000000 3.865390
 842.000000 2.131265
 843.000000 2.763597
 844.000000 3.748229
 845.000000 3.655870
 846.000000 3.450678
 847.000000 3.288247
 848.000000 3.062747
 849.000000 3.965867
 850.000000 3.978364
 851.000000 3.310984
 852.000000 3.737451
 853.000000 3.894432
 854.000000 3.895870
 855.000000 4.793907
 856.000000 3.916760
 857.000000 3.656966
 858.000000 4.504693
 859.000000 3.886514
 860.000000 3.415995
 861.000000 3.692671
 862.000000 3.444265
 863.000000 3.747021
 864.000000 3.946025
 865.000000 3.943780
 866.000000 3.587542
 867.000000 4.214068
 868.000000 3.871197
 869.000000 3.285580
 870.000000 3.741235
 871.000000 3.963667
 872.000000 3.748970
 873.000000 4.025572
 874.000000 3.940503
 875.000000 4.103357
 876.000000 3.809364
 877.000000 3.931626
 878.000000 3.314425
 879.000000 4.068083
 880.000000 3.485669
 881.000000 4.596818
 882.000000 3.221091
 883.000000 4.130382
 884.000000 3.717815
 885.000000 4.189436
 886.000000 3.720555
 887.000000 3.773639
 888.000000 3.448807
 889.000000 3.730363
 890.000000 3.627878
 891.000000 3.643498
 892.000000 4.138035
 893.000000 4.153127
 894.000000 3.929034
 895.000000 3.580950
 896.000000 3.292733
 897.000000 3.750699
 898.000000 3.738730
 899.000000 3.803834
 900.000000 3.353012
 901.000000 3.402471
 902.000000 3.598352
 903.000000 4.503605
 904.000000 3.908164
 905.000000 3.833970
 906.000000 3.250228
 907.000000 2.601100
 908.000000 1.785049
 909.000000 1.805260
 910.000000 1.623378
 911.000000 1.915720
 912.000000 1.852210
 913.000000 1.809845
 914.000000 1.845326
 915.000000 1.827633
 916.000000 1.692104
 917.000000 1.600811
 918.000000 1.678788
 919.000000 1.587601
 920.000000 1.585672
 921.000000 1.851715
 922.000000 1.933230
 923.000000 2.028535
 924.000000 2.355638
 925.000000 1.914628
 926.000000 2.017121
 927.000000 2.038616
 928.000000 2.134172
 929.000000 2.399273
 930.000000 2.330093
 931.000000 2.152469
 932.000000 2.152077
 933.000000 2.011175
 934.000000 2.331931
 935.000000 2.112126
 936.000000 1.923062
 937.000000 1.872533
 938.000000 2.064810
 939.000000 2.109658
 940.000000 2.189393
 941.000000 2.176441
 942.000000 2.121967
 943.000000 2.161911
 944.000000 1.919034
 945.000000 1.845144
 946.000000 1.803825
 947.000000 1.810574
 948.000000 1.768827
 949.000000 1.516419
 950.000000 1.766910
 951.000000 1.809164
 952.000000 2.004171
 953.000000 1.686694
 954.000000 1.838245
 955.000000 1.598921
 956.000000 1.411430
 957.000000 1.520289
 958.000000 1.317554
 959.000000 1.686438
 960.000000 1.788250
 961.000000 1.600409
 962.000000 1.894148
 963.000000 1.893557
 964.000000 1.284317
 965.000000 1.742414
 966.000000 1.789671
 967.000000 1.804496
 968.000000 1.519313
 969.000000 1.467478
 970.000000 1.675912
 971.000000 1.799388
 972.000000 1.521327
 973.000000 1.511972
 974.000000 1.433191
 975.000000 1.268734
 976.000000 1.536019
 977.000000 1.448729
 978.000000 2.749776
 979.000000 2.622931
 980.000000 3.273312
 981.000000 2.743794
 982.000000 4.165992
 983.000000 3.006478
 984.000000 2.610283
 985.000000 4.472718
 986.000000 3.955165
 987.000000 4.348441
 988.000000 4.134105
 989.000000 3.858026
 990.000000 3.620652
 991.000000 3.383945
 992.000000 3.636634
 993.000000 3.636499
 994.000000 3.379584
 995.000000 2.871051
 996.000000 3.498281
 997.000000 3.519410
 998.000000 2.247044
 999.000000 2.376169
 1000.000000 2.119675
 1001.000000 1.246350
 1002.000000 1.534841
 1003.000000 0.341711
 1004.000000 0.496358
 1005.000000 0.612394
 1006.000000 0.525646
 1007.000000 0.654299
 1008.000000 0.243534
 1009.000000 0.722028
 1010.000000 0.457451
 1011.000000 0.164743
 1012.000000 0.774117
 1013.000000 0.746380
 1014.000000 0.983358
 1015.000000 1.349362
 1016.000000 1.279465
 1017.000000 1.358368
 1018.000000 1.380160
 1019.000000 0.811822
 1020.000000 0.952738
 1021.000000 0.861511
 1022.000000 0.965724
 1023.000000 1.011375
 1024.000000 0.849652
 1025.000000 1.075859
 1026.000000 1.272501
 1027.000000 1.308776
 1028.000000 1.666838
 1029.000000 1.551401
 1030.000000 1.455008
 1031.000000 1.684464
 1032.000000 1.744791
 1033.000000 1.849329
 1034.000000 1.929914
 1035.000000 1.860766
 1036.000000 1.850572
 1037.000000 1.861145
 1038.000000 1.719736
 1039.000000 2.382271
 1040.000000 1.327929
 1041.000000 2.729656
 1042.000000 3.171916
 1043.000000 3.683095
 1044.000000 3.335989
 1045.000000 3.623575
 1046.000000 4.304219
 1047.000000 4.204549
 1048.000000 3.704085
 1049.000000 4.276163
 1050.000000 4.314141
 1051.000000 4.516761
 1052.000000 4.074595
 1053.000000 3.654643
 1054.000000 4.028443
 1055.000000 4.004140
 1056.000000 3.139404
 1057.000000 3.216090
 1058.000000 3.411560
 1059.000000 3.282887
 1060.000000 3.378008
 1061.000000 3.897758
 1062.000000 4.045464
 1063.000000 3.878809
 1064.000000 4.228377
 1065.000000 3.862576
 1066.000000 3.861577
 1067.000000 3.510938
 1068.000000 3.773427
 1069.000000 3.870174
 1070.000000 3.665399
 1071.000000 3.806108
 1072.000000 2.799223
 1073.000000 2.800141
 1074.000000 2.054887
 1075.000000 2.634201
 1076.000000 2.007976
 1077.000000 2.528572
 1078.000000 3.119554
 1079.000000 2.960513
 1080.000000 3.855533
 1081.000000 2.413831
 1082.000000 2.296169
 1083.000000 2.135287
 1084.000000 2.782567
 1085.000000 1.577313
 1086.000000 2.973018
 1087.000000 2.950490
 1088.000000 3.204103
 1089.000000 4.073485
 1090.000000 3.845644
 1091.000000 3.427223
 1092.000000 3.612785
 1093.000000 4.067257
 1094.000000 3.862996
 1095.000000 3.894205
 1096.000000 3.645143
 1097.000000 4.107544
 1098.000000 2.998938
 1099.000000 2.546475
 1100.000000 2.554965
 1101.000000 2.609519
 1102.000000 2.764952
 1103.000000 2.270166
 1104.000000 2.406261
 1105.000000 2.605100
 1106.000000 3.000214
 1107.000000 2.868937
 1108.000000 2.799045
 1109.000000 2.810637
 1110.000000 2.904720
 1111.000000 2.838911
 1112.000000 2.787460
 1113.000000 2.734237
 1114.000000 2.772573
 1115.000000 2.619160
 1116.000000 2.425231
 1117.000000 2.294776
 1118.000000 2.463420
 1119.000000 2.559513
 1120.000000 2.628668
 1121.000000 2.623061
 1122.000000 2.631663
 1123.000000 2.605361
 1124.000000 2.580787
 1125.000000 2.557093
 1126.000000 2.513243
 1127.000000 2.474594
 1128.000000 2.817225
 1129.000000 2.938601
 1130.000000 2.879199
 1131.000000 2.971039
 1132.000000 2.926862
 1133.000000 2.820263
 1134.000000 2.831931
 1135.000000 2.723218
 1136.000000 2.633307
 1137.000000 2.738820
 1138.000000 2.560568
 1139.000000 2.825023
 1140.000000 2.807420
 1141.000000 2.859084
 1142.000000 2.894310
 1143.000000 2.720594
 1144.000000 2.741027
 1145.000000 2.820478
 1146.000000 2.793837
 1147.000000 2.762485
 1148.000000 2.892665
 1149.000000 2.862501
 1150.000000 2.886637
 1151.000000 2.894238
 1152.000000 2.852702
 1153.000000 2.763504
 1154.000000 2.804238
 1155.000000 2.859007
 1156.000000 2.910528
 1157.000000 2.975456
 1158.000000 2.928592
 1159.000000 3.013871
 1160.000000 2.978048
 1161.000000 2.978207
 1162.000000 2.952056
 1163.000000 2.940883
 1164.000000 2.870085
 1165.000000 2.798388
 1166.000000 2.787492
 1167.000000 2.758023
 1168.000000 2.880785
 1169.000000 2.896920
 1170.000000 2.842076
 1171.000000 2.908552
 1172.000000 2.871689
 1173.000000 2.960296
 1174.000000 2.978703
 1175.000000 2.955017
 1176.000000 3.085730
 1177.000000 3.039396
 1178.000000 3.005955
 1179.000000 2.999245
 1180.000000 2.887937
 1181.000000 2.870223
 1182.000000 2.889986
 1183.000000 2.892395
 1184.000000 2.781252
 1185.000000 2.744095
 1186.000000 2.771363
 1187.000000 2.746896
 1188.000000 2.666447
 1189.000000 2.637971
 1190.000000 2.770400
 1191.000000 2.757698
 1192.000000 2.766675
 1193.000000 2.837401
 1194.000000 2.683186
 1195.000000 2.623979
 1196.000000 2.787072
 1197.000000 2.909824
 1198.000000 2.672612
 1199.000000 2.584068
 1200.000000 2.583161
 1201.000000 2.591679
 1202.000000 2.535838
 1203.000000 2.496986
 1204.000000 2.540237
 1205.000000 2.580727
 1206.000000 2.607265
 1207.000000 2.486273
 1208.000000 2.508067
 1209.000000 2.571346
 1210.000000 2.710587
 1211.000000 2.669279
 1212.000000 2.443623
 1213.000000 2.466115
 1214.000000 2.474545
 1215.000000 2.755668
 1216.000000 2.506282
 1217.000000 2.370094
 1218.000000 2.604538
 1219.000000 2.474678
 1220.000000 2.490363
 1221.000000 2.364174
 1222.000000 2.616903
 1223.000000 2.468617
 1224.000000 2.616890
 1225.000000 2.776136
 1226.000000 3.006468
 1227.000000 2.951521
 1228.000000 3.147077
 1229.000000 3.056355
 1230.000000 3.132083
 1231.000000 3.128617
 1232.000000 3.126960
 1233.000000 3.202481
 1234.000000 3.252960
 1235.000000 3.338912
 1236.000000 3.318424
 1237.000000 3.318473
 1238.000000 3.088930
 1239.000000 3.125441
 1240.000000 3.053707
 1241.000000 3.031150
 1242.000000 2.994731
 1243.000000 2.899700
 1244.000000 2.831323
 1245.000000 2.970347
 1246.000000 2.942099
 1247.000000 3.062264
 1248.000000 2.789800
 1249.000000 2.957772
 1250.000000 2.881896
 1251.000000 3.092507
 1252.000000 2.951670
 1253.000000 3.006785
 1254.000000 2.758627
 1255.000000 2.978894
 1256.000000 2.977292
 1257.000000 3.019507
 1258.000000 3.111263
 1259.000000 3.011007
 1260.000000 2.983794
 1261.000000 2.970263
 1262.000000 3.050174
 1263.000000 2.987257
 1264.000000 2.983812
 1265.000000 2.949439
 1266.000000 2.818045
 1267.000000 2.765875
 1268.000000 2.799693
 1269.000000 2.884079
 1270.000000 2.790131
 1271.000000 2.768580
 1272.000000 2.900482
 1273.000000 2.764027
 1274.000000 2.935247
 1275.000000 3.106130
 1276.000000 2.990165
 1277.000000 3.057095
 1278.000000 3.056411
 1279.000000 3.038261
 1280.000000 2.775976
 1281.000000 2.868535
 1282.000000 2.837497
 1283.000000 3.018223
 1284.000000 2.909904
 1285.000000 2.867779
 1286.000000 3.092695
 1287.000000 3.013996
 1288.000000 2.568112
 1289.000000 2.825971
 1290.000000 2.780315
 1291.000000 2.801692
 1292.000000 2.728371
 1293.000000 2.699807
 1294.000000 2.702465
 1295.000000 2.676160
 1296.000000 2.775433
 1297.000000 2.857886
 1298.000000 2.788085
 1299.000000 2.712613
 1300.000000 2.623219
 1301.000000 2.454480
 1302.000000 2.436694
 1303.000000 2.504146
 1304.000000 2.526468
 1305.000000 2.524957
 1306.000000 2.435759
 1307.000000 2.289074
 1308.000000 1.984989
 1309.000000 2.254421
 1310.000000 2.263726
 1311.000000 2.246779
 1312.000000 2.190213
 1313.000000 2.039401
 1314.000000 2.140555
 1315.000000 2.228099
 1316.000000 2.131523
 1317.000000 1.909633
 1318.000000 2.097683
 1319.000000 2.074057
 1320.000000 2.024320
 1321.000000 2.102951
 1322.000000 2.139857
 1323.000000 1.993626
 1324.000000 2.084372
 1325.000000 2.073303
 1326.000000 2.014084
 1327.000000 2.062669
 1328.000000 2.169179
 1329.000000 2.251653
 1330.000000 2.423716
 1331.000000 2.256773
 1332.000000 2.365494
 1333.000000 2.628414
 1334.000000 2.696874
 1335.000000 2.537524
 1336.000000 2.109469
 1337.000000 2.332316
 1338.000000 2.356792
 1339.000000 2.430370
 1340.000000 2.360485
 1341.000000 2.406706
 1342.000000 2.341674
 1343.000000 2.450405
 1344.000000 2.605637
 1345.000000 2.405910
 1346.000000 2.153136
 1347.000000 2.824749
 1348.000000 2.609413
 1349.000000 2.799165
 1350.000000 2.750691
 1351.000000 2.884076
 1352.000000 3.084457
 1353.000000 3.008640
 1354.000000 2.911962
 1355.000000 2.796275
 1356.000000 2.933878
 1357.000000 2.794427
 1358.000000 2.847202
 1359.000000 2.970469
 1360.000000 2.789939
 1361.000000 2.851583
 1362.000000 3.082321
 1363.000000 2.806528
 1364.000000 2.712831
 1365.000000 2.800699
 1366.000000 2.985609
 1367.000000 2.907908
 1368.000000 2.942630
 1369.000000 2.871156
 1370.000000 2.881280
 1371.000000 2.796694
 1372.000000 2.927671
 1373.000000 2.670669
 1374.000000 2.663864
 1375.000000 2.881649
 1376.000000 2.300628
 1377.000000 2.188275
 1378.000000 2.551405
 1379.000000 2.442549
 1380.000000 2.713439
 1381.000000 2.433222
 1382.000000 2.533975
 1383.000000 2.931677
 1384.000000 3.158279
 1385.000000 2.992149
 1386.000000 2.843593
 1387.000000 3.137222
 1388.000000 3.005851
 1389.000000 2.901672
 1390.000000 2.803957
 1391.000000 2.787757
 1392.000000 2.950899
 1393.000000 2.930275
 1394.000000 2.891751
 1395.000000 2.810245
 1396.000000 2.717582
 1397.000000 2.740969
 1398.000000 2.882976
 1399.000000 3.062480
 1400.000000 3.004638
 1401.000000 2.889066
 1402.000000 2.774094
 1403.000000 2.812731
 1404.000000 2.856704
 1405.000000 2.766832
 1406.000000 2.983030
 1407.000000 3.072272
 1408.000000 2.989870
 1409.000000 2.939233
 1410.000000 2.927843
 1411.000000 2.938609
 1412.000000 2.842369
 1413.000000 2.808192
 1414.000000 2.735555
 1415.000000 2.767942
 1416.000000 2.655775
 1417.000000 2.744769
 1418.000000 2.766746
 1419.000000 2.666707
 1420.000000 2.579259
 1421.000000 2.745207
 1422.000000 3.016884
 1423.000000 2.884200
 1424.000000 3.219523
 1425.000000 2.860787
 1426.000000 2.943295
 1427.000000 3.119352
 1428.000000 3.163008
 1429.000000 3.073976
 1430.000000 2.734620
 1431.000000 2.865217
 1432.000000 2.773183
 1433.000000 3.016850
 1434.000000 2.670293
 1435.000000 2.751206
 1436.000000 2.755712
 1437.000000 2.843340
 1438.000000 2.913798
 1439.000000 3.112980
 1440.000000 3.158087
 1441.000000 3.017095
 1442.000000 3.130857
 1443.000000 2.992480
 1444.000000 3.142266
 1445.000000 3.162077
 1446.000000 3.196523
 1447.000000 3.196671
 1448.000000 3.251611
 1449.000000 3.251690
 1450.000000 3.186187
 1451.000000 3.127648
 1452.000000 2.945379
 1453.000000 2.985957
 1454.000000 3.118529
 1455.000000 3.229776
 1456.000000 2.953067
 1457.000000 2.868861
 1458.000000 2.961810
 1459.000000 3.129405
 1460.000000 2.841006
 1461.000000 2.730694
 1462.000000 2.697598
 1463.000000 2.953273
 1464.000000 2.778106
 1465.000000 2.718993
 1466.000000 2.601961
 1467.000000 2.741359
 1468.000000 2.878810
 1469.000000 2.730159
 1470.000000 2.511848
 1471.000000 2.385444
 1472.000000 2.113753
 1473.000000 2.098071
 1474.000000 1.942963
 1475.000000 1.903134
 1476.000000 1.984742
 1477.000000 1.911622
 1478.000000 1.967244
 1479.000000 1.962489
 1480.000000 1.966197
 1481.000000 1.967489
 1482.000000 2.074706
 1483.000000 2.000274
 1484.000000 2.003009
 1485.000000 2.012597
 1486.000000 1.921526
 1487.000000 1.899789
 1488.000000 1.901192
 1489.000000 1.963145
 1490.000000 1.957394
 1491.000000 1.988888
 1492.000000 2.086817
 1493.000000 2.020126
 1494.000000 1.992887
 1495.000000 2.236972
 1496.000000 2.385624
 1497.000000 2.269767
 1498.000000 2.362772
 1499.000000 2.250903
 1500.000000 2.340488
 1501.000000 2.207446
 1502.000000 2.288957
 1503.000000 2.350427
 1504.000000 2.382587
 1505.000000 2.388613
 1506.000000 2.221647
 1507.000000 2.023220
 1508.000000 2.229745
 1509.000000 2.403070
 1510.000000 2.413835
 1511.000000 2.215277
 1512.000000 2.123109
 1513.000000 2.278486
 1514.000000 2.187952
 1515.000000 2.142048
 1516.000000 2.141905
 1517.000000 2.114120
 1518.000000 2.149716
 1519.000000 2.287640
 1520.000000 2.348241
 1521.000000 2.190621
 1522.000000 2.823643
 1523.000000 2.869233
 1524.000000 2.932271
 1525.000000 2.708569
 1526.000000 2.966692
 1527.000000 2.743649
 1528.000000 2.707673
 1529.000000 2.690644
 1530.000000 2.949408
 1531.000000 2.909404
 1532.000000 2.720247
 1533.000000 2.863413
 1534.000000 3.014130
 1535.000000 2.920160
 1536.000000 2.856436
 1537.000000 2.525500
 1538.000000 2.776411
 1539.000000 2.550562
 1540.000000 2.634500
 1541.000000 2.640531
 1542.000000 2.752727
 1543.000000 3.041927
 1544.000000 2.975609
 1545.000000 3.048841
 1546.000000 3.143482
 1547.000000 3.088999
 1548.000000 3.067920
 1549.000000 3.140284
 1550.000000 3.076728
 1551.000000 3.301346
 1552.000000 3.157754
 1553.000000 3.299000
 1554.000000 3.280775
 1555.000000 3.268618
 1556.000000 3.121646
 1557.000000 3.011921
 1558.000000 3.091948
 1559.000000 3.163661
 1560.000000 3.184937
 1561.000000 3.200611
 1562.000000 3.272900
 1563.000000 2.962191
 1564.000000 2.997197
 1565.000000 2.841432
 1566.000000 3.060284
 1567.000000 2.859168
 1568.000000 2.803450
 1569.000000 2.959597
 1570.000000 2.947948
 1571.000000 2.856792
 1572.000000 2.975576
 1573.000000 3.054406
 1574.000000 3.150679
 1575.000000 3.014184
 1576.000000 2.982298
 1577.000000 2.825013
 1578.000000 2.676435
 1579.000000 2.976810
 1580.000000 3.220582
 1581.000000 3.034105
 1582.000000 2.914189
 1583.000000 2.819812
 1584.000000 3.056498
 1585.000000 2.858939
 1586.000000 2.847442
 1587.000000 2.951081
 1588.000000 2.877360
 1589.000000 2.681716
 1590.000000 2.560265
 1591.000000 2.791708
 1592.000000 2.916155
 1593.000000 3.027253
 1594.000000 2.932277
 1595.000000 3.032843
 1596.000000 2.915854
 1597.000000 2.995717
 1598.000000 2.886619
 1599.000000 2.945588
 1600.000000 2.983386
 1601.000000 3.045777
 1602.000000 2.822063
 1603.000000 2.777659
 1604.000000 2.829674
 1605.000000 2.873651
 1606.000000 3.010574
 1607.000000 3.105009
 1608.000000 3.194023
 1609.000000 3.202045
 1610.000000 3.045687
 1611.000000 3.109911
 1612.000000 2.912721
 1613.000000 2.630411
 1614.000000 2.623583
 1615.000000 2.435007
 1616.000000 2.426693
 1617.000000 2.737085
 1618.000000 2.551667
 1619.000000 2.406044
 1620.000000 2.308125
 1621.000000 2.521468
 1622.000000 2.513199
 1623.000000 2.681530
 1624.000000 2.657245
 1625.000000 2.249499
 1626.000000 2.535979
 1627.000000 2.698911
 1628.000000 2.571987
 1629.000000 2.675019
 1630.000000 2.660393
 1631.000000 2.487607
 1632.000000 2.522350
 1633.000000 2.530256
 1634.000000 2.327198
 1635.000000 2.156537
 1636.000000 2.028055
 1637.000000 1.863523
 1638.000000 2.061845
 1639.000000 2.345754
 1640.000000 1.973386
 1641.000000 1.894030
 1642.000000 2.293271
 1643.000000 2.206161
 1644.000000 2.269083
 1645.000000 2.307370
 1646.000000 2.236820
 1647.000000 2.730262
 1648.000000 2.726922
 1649.000000 2.733378
 1650.000000 2.969516
 1651.000000 2.793153
 1652.000000 2.799211
 1653.000000 2.670533
 1654.000000 2.989695
 1655.000000 2.830315
 1656.000000 2.703257
 1657.000000 2.835059
 1658.000000 2.146022
 1659.000000 2.559783
 1660.000000 2.712591
 1661.000000 2.606182
 1662.000000 2.439506
 1663.000000 2.095546
 1664.000000 2.028381
 1665.000000 1.797978
 1666.000000 1.306016
 1667.000000 0.990406
 1668.000000 1.053179
 1669.000000 1.419028
 1670.000000 0.766978
 1671.000000 0.492276
 1672.000000 0.533066
 1673.000000 0.686194
 1674.000000 0.172957
 1675.000000 0.612761
 1676.000000 0.523739
 1677.000000 0.257084
 1678.000000 1.782620
 1679.000000 2.073673
 1680.000000 2.198583
 1681.000000 3.113009
 1682.000000 3.655334
 1683.000000 3.438243
 1684.000000 2.971921
 1685.000000 2.177658
 1686.000000 2.136053
 1687.000000 2.517308
 1688.000000 2.394023
 1689.000000 2.291316
 1690.000000 3.968205
 1691.000000 3.299421
 1692.000000 3.125218
 1693.000000 3.940681
 1694.000000 3.788605
 1695.000000 3.347794
 1696.000000 3.170846
 1697.000000 2.825286
 1698.000000 2.174463
 1699.000000 0.313990
 1700.000000 1.302610
 1701.000000 1.120253
 1702.000000 2.662345
 1703.000000 3.121772
 1704.000000 4.741195
 1705.000000 4.703819
 1706.000000 2.854151
 1707.000000 2.187514
 1708.000000 1.929287
 1709.000000 3.838963
 1710.000000 3.105414
 1711.000000 3.151552
 1712.000000 3.136650
 1713.000000 2.564775
 1714.000000 2.713642
 1715.000000 3.712844
 1716.000000 3.961073
 1717.000000 4.052777
 1718.000000 3.517981
 1719.000000 3.948967
 1720.000000 4.391786
 1721.000000 4.581214
 1722.000000 4.089592
 1723.000000 3.362554
 1724.000000 2.888746
 1725.000000 1.197952
 1726.000000 1.654868
 1727.000000 0.995131
 1728.000000 0.843882
 1729.000000 1.164963
 1730.000000 0.574707
 1731.000000 0.972505
 1732.000000 0.832134
 1733.000000 0.881083
 1734.000000 0.923097
 1735.000000 0.865843
 1736.000000 1.465994
 1737.000000 1.629704
 1738.000000 1.903744
 1739.000000 2.432004
 1740.000000 2.098649
 1741.000000 1.528934
 1742.000000 3.173515
 1743.000000 2.410797
 1744.000000 3.153844
 1745.000000 2.484354
 1746.000000 2.175787
 1747.000000 2.173347
 1748.000000 3.193501
 1749.000000 2.582229
 1750.000000 1.863789
 1751.000000 2.901511
 1752.000000 3.335495
 1753.000000 3.053370
 1754.000000 3.068932
 1755.000000 3.356903
 1756.000000 2.618864
 1757.000000 1.156713
 1758.000000 0.822555
 1759.000000 0.619431
 1760.000000 0.372822
 1761.000000 0.697914
 1762.000000 0.934483
 1763.000000 0.663385
 1764.000000 1.164566
 1765.000000 1.813047
 1766.000000 2.194913
 1767.000000 2.298244
 1768.000000 2.301318
 1769.000000 1.832047
 1770.000000 3.606384
 1771.000000 4.567667
 1772.000000 4.744025
 1773.000000 4.279655
 1774.000000 3.885763
 1775.000000 3.280096
 1776.000000 3.217133
 1777.000000 2.603511
 1778.000000 4.296113
 1779.000000 2.497477
 1780.000000 2.297333
 1781.000000 3.446857
 1782.000000 3.258441
 1783.000000 3.720227
 1784.000000 3.737088
 1785.000000 3.425382
 1786.000000 3.165745
 1787.000000 2.749613
 1788.000000 3.203933
 1789.000000 4.237930
 1790.000000 3.712603
 1791.000000 3.932179
 1792.000000 3.592641
 1793.000000 4.075328
 1794.000000 3.835305
 1795.000000 3.913479
 1796.000000 3.910019
 1797.000000 3.911659
 1798.000000 3.611489
 1799.000000 3.259967
 1800.000000 3.441809
 1801.000000 3.121546
 1802.000000 3.797031
 1803.000000 3.600793
 1804.000000 2.580003
 1805.000000 2.673102
 1806.000000 2.931834
 1807.000000 2.763423
 1808.000000 2.855475
 1809.000000 2.978091
 1810.000000 2.935573
 1811.000000 2.829803
 1812.000000 2.870305
 1813.000000 2.773729
 1814.000000 2.832627
 1815.000000 2.549148
 1816.000000 2.578641
 1817.000000 2.594247
 1818.000000 2.364754
 1819.000000 2.398978
 1820.000000 2.477429
 1821.000000 2.611964
 1822.000000 2.504889
 1823.000000 2.647404
 1824.000000 2.709205
 1825.000000 2.629428
 1826.000000 2.526968
 1827.000000 2.434222
 1828.000000 2.526765
 1829.000000 2.416436
 1830.000000 2.034831
 1831.000000 2.191636
 1832.000000 3.746135
 1833.000000 3.546321
 1834.000000 3.111531
 1835.000000 2.995518
 1836.000000 2.163443
 1837.000000 3.125542
 1838.000000 2.996960
 1839.000000 3.831831
 1840.000000 4.029069
 1841.000000 3.890244
 1842.000000 3.925887
 1843.000000 3.957536
 1844.000000 3.961898
 1845.000000 3.945579
 1846.000000 3.947165
 1847.000000 3.230120
 1848.000000 3.873100
 1849.000000 3.840159
 1850.000000 3.714055
 1851.000000 3.934995
 1852.000000 3.806054
 1853.000000 3.385952
 1854.000000 3.806801
 1855.000000 3.337673
 1856.000000 3.117256
 1857.000000 3.003280
 1858.000000 2.417643
 1859.000000 3.009045
 1860.000000 3.030397
 1861.000000 3.584070
 1862.000000 3.322746
 1863.000000 3.619607
 1864.000000 2.705795
 1865.000000 3.818715
 1866.000000 2.295841
 1867.000000 2.111877
 1868.000000 1.740083
 1869.000000 1.944077
 1870.000000 2.869364
 1871.000000 3.720407
 1872.000000 3.248257
 1873.000000 3.962483
 1874.000000 4.104488
 1875.000000 4.094576
 1876.000000 4.105861
 1877.000000 3.985835
 1878.000000 3.940236
 1879.000000 4.012730
 1880.000000 3.943703
 1881.000000 3.887987
 1882.000000 4.065352
 1883.000000 4.080812
 1884.000000 3.871041
 1885.000000 4.180547
 1886.000000 4.067872
 1887.000000 4.039695
 1888.000000 4.061743
 1889.000000 3.685463
 1890.000000 3.786590
 1891.000000 4.355742
 1892.000000 3.805532
 1893.000000 3.878241
 1894.000000 3.921799
 1895.000000 4.141703
 1896.000000 3.846640
 1897.000000 3.955310
 1898.000000 4.554215
 1899.000000 3.633388
 1900.000000 3.097397
 1901.000000 3.055892
 1902.000000 3.158479
 1903.000000 3.152880
 1904.000000 2.152368
 1905.000000 3.082056
 1906.000000 3.245085
 1907.000000 3.870640
 1908.000000 3.716105
 1909.000000 3.450652
 1910.000000 4.166432
 1911.000000 2.554044
 1912.000000 3.495171
 1913.000000 4.219565
 1914.000000 4.181626
 1915.000000 2.969691
 1916.000000 3.146853
 1917.000000 3.112244
 1918.000000 3.846213
 1919.000000 2.666070
 1920.000000 0.981098
 1921.000000 1.288527
 1922.000000 0.583992
 1923.000000 0.859073
 1924.000000 1.302833
 1925.000000 0.757924
 1926.000000 1.021889
 1927.000000 1.611751
 1928.000000 1.048975
 1929.000000 0.315868
 1930.000000 0.482819
 1931.000000 0.987253
 1932.000000 0.773561
 1933.000000 1.675447
 1934.000000 1.173274
 1935.000000 1.289054
 1936.000000 1.198198
 1937.000000 1.568639
 1938.000000 1.012394
 1939.000000 1.598778
 1940.000000 1.487222
 1941.000000 1.630373
 1942.000000 1.603611
 1943.000000 2.143663
 1944.000000 2.103607
 1945.000000 1.913821
 1946.000000 2.044481
 1947.000000 2.008364
 1948.000000 2.026603
 1949.000000 1.815242
 1950.000000 2.073714
 1951.000000 2.065199
 1952.000000 2.086805
 1953.000000 2.029052
 1954.000000 1.891484
 1955.000000 1.452410
 1956.000000 1.464215
 1957.000000 1.559168
 1958.000000 1.493111
 1959.000000 1.773011
 1960.000000 1.517384
 1961.000000 1.246415
 1962.000000 0.950917
 1963.000000 1.620280
 1964.000000 1.140681
 1965.000000 2.379562
 1966.000000 2.635331
 1967.000000 1.942338
 1968.000000 2.656977
 1969.000000 3.262165
 1970.000000 2.855193
 1971.000000 2.620865
 1972.000000 3.229133
 1973.000000 2.197196
 1974.000000 2.828190
 1975.000000 2.174365
 1976.000000 2.650582
 1977.000000 2.199911
 1978.000000 2.583389
 1979.000000 3.298951
 1980.000000 2.641754
 1981.000000 3.773613
 1982.000000 3.934297
 1983.000000 4.447701
 1984.000000 4.054449
 1985.000000 3.846491
 1986.000000 3.585223
 1987.000000 3.127325
 1988.000000 3.008123
 1989.000000 2.684402
 1990.000000 2.727099
 1991.000000 2.566064
 1992.000000 3.766448
 1993.000000 3.689833
 1994.000000 3.223122
 1995.000000 2.607368
 1996.000000 2.314404
 1997.000000 3.292101
 1998.000000 2.791215
 1999.000000 2.627556
 2000.000000 2.847165
 2001.000000 2.964252
 2002.000000 2.326845
 2003.000000 2.643195
 2004.000000 2.822452
 2005.000000 3.264379
 2006.000000 2.713738
 2007.000000 2.503355
 2008.000000 2.965528
 2009.000000 3.488871
 2010.000000 3.410054
 2011.000000 3.008526
 2012.000000 3.170806
 2013.000000 2.382259
 2014.000000 3.299556
 2015.000000 2.532535
 2016.000000 2.714977
 2017.000000 3.239028
 2018.000000 4.184861
 2019.000000 3.791719
 2020.000000 3.393729
 2021.000000 3.440070
 2022.000000 3.447077
 2023.000000 3.629027
 2024.000000 4.120687
