#! FIELDS time r36.min
 0.000000 2.008066
 1.000000 1.998045
 2.000000 2.557568
 3.000000 3.120934
 4.000000 2.402915
 5.000000 2.323888
 6.000000 1.979563
 7.000000 2.101814
 8.000000 2.362479
 9.000000 3.416286
 10.000000 2.592203
 11.000000 2.825074
 12.000000 3.482466
 13.000000 3.314327
 14.000000 2.615706
 15.000000 2.470037
 16.000000 2.660558
 17.000000 2.654167
 18.000000 2.599897
 19.000000 2.677956
 20.000000 2.554415
 21.000000 2.421874
 22.000000 2.702801
 23.000000 2.646174
 24.000000 3.786758
 25.000000 2.329294
 26.000000 1.868662
 27.000000 1.659126
 28.000000 1.207168
 29.000000 1.133462
 30.000000 2.658767
 31.000000 2.736350
 32.000000 3.532052
 33.000000 3.579378
 34.000000 2.371205
 35.000000 3.004531
 36.000000 3.031619
 37.000000 2.926530
 38.000000 3.991580
 39.000000 3.567672
 40.000000 3.183122
 41.000000 3.604361
 42.000000 4.318924
 43.000000 3.451515
 44.000000 2.109390
 45.000000 1.799616
 46.000000 1.965997
 47.000000 2.208486
 48.000000 2.329443
 49.000000 2.422967
 50.000000 2.033179
 51.000000 2.275406
 52.000000 2.116467
 53.000000 2.496937
 54.000000 2.151452
 55.000000 2.240087
 56.000000 2.132816
 57.000000 2.119523
 58.000000 2.160286
 59.000000 2.085854
 60.000000 2.225966
 61.000000 2.070559
 62.000000 1.957324
 63.000000 2.232020
 64.000000 2.290940
 65.000000 2.314799
 66.000000 3.154388
 67.000000 3.873222
 68.000000 3.461142
 69.000000 3.721085
 70.000000 3.809520
 71.000000 3.546663
 72.000000 3.931831
 73.000000 4.271953
 74.000000 4.006693
 75.000000 3.070563
 76.000000 3.895204
 77.000000 3.596225
 78.000000 3.161819
 79.000000 3.117423
 80.000000 2.947437
 81.000000 3.129582
 82.000000 2.867925
 83.000000 3.228903
 84.000000 3.287042
 85.000000 3.285751
 86.000000 3.199454
 87.000000 3.422810
 88.000000 3.576826
 89.000000 3.766867
 90.000000 3.753252
 91.000000 3.738960
 92.000000 3.729025
 93.000000 3.998492
 94.000000 4.065417
 95.000000 3.844607
 96.000000 3.449297
 97.000000 3.394876
 98.000000 3.017215
 99.000000 2.260124
 100.000000 3.095768
 101.000000 2.901374
 102.000000 3.759036
 103.000000 3.296093
 104.000000 3.332831
 105.000000 2.886784
 106.000000 3.603811
 107.000000 3.175005
 108.000000 2.320944
 109.000000 2.350457
 110.000000 2.442050
 111.000000 2.510785
 112.000000 2.704212
 113.000000 3.026672
 114.000000 3.245445
 115.000000 3.117613
 116.000000 3.163375
 117.000000 3.190558
 118.000000 3.101332
 119.000000 2.735370
 120.000000 2.918792
 121.000000 3.091104
 122.000000 3.140384
 123.000000 3.026976
 124.000000 3.127617
 125.000000 2.909422
 126.000000 2.837430
 127.000000 2.708070
 128.000000 2.696200
 129.000000 2.137244
 130.000000 2.063732
 131.000000 1.933160
 132.000000 2.084326
 133.000000 2.277921
 134.000000 2.044784
 135.000000 2.307712
 136.000000 2.546770
 137.000000 2.393236
 138.000000 2.132286
 139.000000 2.062888
 140.000000 2.008664
 141.000000 2.052337
 142.000000 3.037906
 143.000000 2.875649
 144.000000 2.364791
 145.000000 2.336592
 146.000000 3.640854
 147.000000 3.453060
 148.000000 3.320865
 149.000000 3.374971
 150.000000 3.441550
 151.000000 3.495672
 152.000000 2.693997
 153.000000 3.005245
 154.000000 3.166128
 155.000000 3.501633
 156.000000 3.856188
 157.000000 3.211937
 158.000000 3.552500
 159.000000 3.257739
 160.000000 3.356669
 161.000000 4.095183
 162.000000 3.639796
 163.000000 3.849847
 164.000000 3.652594
 165.000000 2.927689
 166.000000 2.406865
 167.000000 1.975492
 168.000000 4.002896
 169.000000 2.833910
 170.000000 2.784917
 171.000000 2.494667
 172.000000 2.760941
 173.000000 2.943883
 174.000000 2.985796
 175.000000 3.004275
 176.000000 2.974696
 177.000000 2.812265
 178.000000 2.878022
 179.000000 2.953634
 180.000000 2.933195
 181.000000 2.934751
 182.000000 2.924928
 183.000000 2.743505
 184.000000 2.830412
 185.000000 2.676555
 186.000000 2.669773
 187.000000 2.635877
 188.000000 2.663446
 189.000000 2.644528
 190.000000 2.765320
 191.000000 2.731629
 192.000000 2.930497
 193.000000 2.616672
 194.000000 2.886757
 195.000000 2.936444
 196.000000 2.871215
 197.000000 2.964116
 198.000000 2.726973
 199.000000 2.789294
 200.000000 2.784342
 201.000000 2.892267
 202.000000 2.786370
 203.000000 2.858292
 204.000000 3.847938
 205.000000 3.647975
 206.000000 3.373205
 207.000000 3.325870
 208.000000 3.449266
 209.000000 3.638369
 210.000000 3.813691
 211.000000 3.712646
 212.000000 3.326471
 213.000000 3.347118
 214.000000 3.569232
 215.000000 3.664223
 216.000000 3.731218
 217.000000 3.442483
 218.000000 3.550540
 219.000000 3.753613
 220.000000 3.630692
 221.000000 3.731960
 222.000000 3.720677
 223.000000 3.853527
 224.000000 3.936315
 225.000000 4.099771
 226.000000 3.887959
 227.000000 3.865652
 228.000000 3.895657
 229.000000 3.835776
 230.000000 3.749905
 231.000000 3.804042
 232.000000 3.740043
 233.000000 3.917735
 234.000000 3.923763
 235.000000 3.952846
 236.000000 3.918506
 237.000000 3.874818
 238.000000 3.720040
 239.000000 3.797696
 240.000000 3.949031
 241.000000 3.997796
 242.000000 4.007555
 243.000000 4.044434
 244.000000 4.173988
 245.000000 4.195131
 246.000000 4.241055
 247.000000 4.074420
 248.000000 4.242980
 249.000000 4.091061
 250.000000 4.155765
 251.000000 4.125315
 252.000000 4.181711
 253.000000 4.156436
 254.000000 4.181697
 255.000000 4.061833
 256.000000 4.155100
 257.000000 4.014157
 258.000000 4.009203
 259.000000 4.129329
 260.000000 4.209690
 261.000000 3.922407
 262.000000 4.615729
 263.000000 4.522079
 264.000000 3.114570
 265.000000 3.277240
 266.000000 2.703286
 267.000000 3.184026
 268.000000 4.339520
 269.000000 4.584347
 270.000000 4.854007
 271.000000 4.782817
 272.000000 4.407325
 273.000000 4.756810
 274.000000 4.478425
 275.000000 4.132025
 276.000000 3.988177
 277.000000 3.578182
 278.000000 3.312634
 279.000000 2.416914
 280.000000 3.939500
 281.000000 4.431178
 282.000000 3.295538
 283.000000 3.468778
 284.000000 3.015457
 285.000000 4.078165
 286.000000 4.114146
 287.000000 4.328353
 288.000000 3.979544
 289.000000 3.200128
 290.000000 3.728787
 291.000000 2.746549
 292.000000 2.288249
 293.000000 2.327580
 294.000000 2.006956
 295.000000 1.868666
 296.000000 2.885940
 297.000000 3.361115
 298.000000 3.249758
 299.000000 2.785339
 300.000000 2.437928
 301.000000 2.273287
 302.000000 1.615306
 303.000000 2.331892
 304.000000 2.859229
 305.000000 4.055459
 306.000000 4.166218
 307.000000 3.185372
 308.000000 3.201238
 309.000000 3.456302
 310.000000 2.538358
 311.000000 2.394761
 312.000000 3.435737
 313.000000 3.566387
 314.000000 3.920253
 315.000000 3.747750
 316.000000 4.250887
 317.000000 3.395449
 318.000000 4.305433
 319.000000 3.922671
 320.000000 4.287187
 321.000000 3.730765
 322.000000 3.692828
 323.000000 3.925785
 324.000000 3.690868
 325.000000 3.220614
 326.000000 4.003603
 327.000000 4.100040
 328.000000 3.523765
 329.000000 3.997256
 330.000000 3.279588
 331.000000 3.687518
 332.000000 3.367957
 333.000000 1.898128
 334.000000 2.028769
 335.000000 2.887114
 336.000000 4.121523
 337.000000 4.263402
 338.000000 4.070406
 339.000000 4.057866
 340.000000 3.407791
 341.000000 3.126501
 342.000000 3.009509
 343.000000 3.028128
 344.000000 2.990383
 345.000000 3.140928
 346.000000 3.217293
 347.000000 3.484927
 348.000000 3.376291
 349.000000 3.434908
 350.000000 3.579780
 351.000000 3.345199
 352.000000 3.507961
 353.000000 3.506175
 354.000000 3.457325
 355.000000 3.372240
 356.000000 3.509340
 357.000000 3.346797
 358.000000 3.230440
 359.000000 3.205889
 360.000000 3.307126
 361.000000 3.076336
 362.000000 3.128944
 363.000000 3.070902
 364.000000 3.191741
 365.000000 3.282359
 366.000000 3.261998
 367.000000 3.404601
 368.000000 3.253836
 369.000000 3.290293
 370.000000 3.227853
 371.000000 3.225557
 372.000000 3.198565
 373.000000 3.302300
 374.000000 3.152248
 375.000000 3.117338
 376.000000 3.311588
 377.000000 3.310482
 378.000000 3.205995
 379.000000 3.067510
 380.000000 3.158413
 381.000000 3.042117
 382.000000 3.057068
 383.000000 3.094815
 384.000000 3.182228
 385.000000 3.133878
 386.000000 3.205962
 387.000000 3.180137
 388.000000 3.064781
 389.000000 3.145822
 390.000000 3.111205
 391.000000 3.126580
 392.000000 3.080899
 393.000000 3.154180
 394.000000 3.239760
 395.000000 3.031028
 396.000000 3.292142
 397.000000 3.057856
 398.000000 3.247480
 399.000000 2.871449
 400.000000 2.932801
 401.000000 2.951523
 402.000000 2.688339
 403.000000 3.107608
 404.000000 3.095674
 405.000000 3.039302
 406.000000 3.032140
 407.000000 2.992813
 408.000000 3.015513
 409.000000 3.022846
 410.000000 3.035138
 411.000000 3.113251
 412.000000 3.074409
 413.000000 3.113983
 414.000000 3.153771
 415.000000 3.156281
 416.000000 3.112240
 417.000000 3.142507
 418.000000 3.132743
 419.000000 3.116457
 420.000000 3.029376
 421.000000 4.238633
 422.000000 2.832676
 423.000000 3.002208
 424.000000 3.203316
 425.000000 3.076920
 426.000000 3.106380
 427.000000 3.118625
 428.000000 3.093426
 429.000000 3.801560
 430.000000 3.212298
 431.000000 3.196650
 432.000000 3.325089
 433.000000 3.301742
 434.000000 3.095536
 435.000000 3.250827
 436.000000 3.012790
 437.000000 3.080541
 438.000000 3.005918
 439.000000 3.132288
 440.000000 3.120632
 441.000000 2.854948
 442.000000 2.937844
 443.000000 4.143329
 444.000000 4.176784
 445.000000 4.237664
 446.000000 2.882432
 447.000000 4.501514
 448.000000 2.763173
 449.000000 4.633178
 450.000000 4.787348
 451.000000 5.056559
 452.000000 3.702172
 453.000000 3.586498
 454.000000 2.723622
 455.000000 3.851109
 456.000000 4.675175
 457.000000 3.947172
 458.000000 4.131478
 459.000000 4.454403
 460.000000 4.276708
 461.000000 3.764290
 462.000000 3.570991
 463.000000 3.507306
 464.000000 2.662916
 465.000000 2.752707
 466.000000 3.739512
 467.000000 3.363294
 468.000000 3.910879
 469.000000 4.042394
 470.000000 3.444356
 471.000000 3.596281
 472.000000 3.186573
 473.000000 2.709134
 474.000000 2.568284
 475.000000 1.191051
 476.000000 2.252691
 477.000000 1.775049
 478.000000 3.217505
 479.000000 3.237133
 480.000000 2.994718
 481.000000 3.513742
 482.000000 3.585671
 483.000000 4.082587
 484.000000 4.190169
 485.000000 3.933473
 486.000000 3.115312
 487.000000 3.401699
 488.000000 3.298829
 489.000000 2.131814
 490.000000 0.948556
 491.000000 1.727954
 492.000000 2.252217
 493.000000 2.854736
 494.000000 2.866195
 495.000000 2.889668
 496.000000 3.015650
 497.000000 3.389615
 498.000000 3.827869
 499.000000 3.863827
 500.000000 3.946267
 501.000000 3.754988
 502.000000 4.654084
 503.000000 4.440058
 504.000000 2.716498
 505.000000 3.869223
 506.000000 3.958344
 507.000000 3.966597
 508.000000 3.517603
 509.000000 3.944864
 510.000000 4.150907
 511.000000 4.068645
 512.000000 3.709117
 513.000000 3.434958
 514.000000 3.343223
 515.000000 3.596634
 516.000000 3.182667
 517.000000 2.666932
 518.000000 3.732624
 519.000000 3.259891
 520.000000 3.104275
 521.000000 3.653419
 522.000000 4.374375
 523.000000 3.153260
 524.000000 2.849341
 525.000000 2.776367
 526.000000 2.605582
 527.000000 2.952925
 528.000000 2.945960
 529.000000 2.466096
 530.000000 2.678204
 531.000000 2.467081
 532.000000 2.736078
 533.000000 3.681377
 534.000000 3.494070
 535.000000 3.485696
 536.000000 3.661226
 537.000000 4.135443
 538.000000 4.132947
 539.000000 3.999626
 540.000000 3.921960
 541.000000 3.368654
 542.000000 3.892788
 543.000000 3.766240
 544.000000 3.666581
 545.000000 3.177283
 546.000000 2.933012
 547.000000 2.481413
 548.000000 2.273514
 549.000000 2.561277
 550.000000 2.560413
 551.000000 2.553408
 552.000000 2.566322
 553.000000 2.573022
 554.000000 2.669935
 555.000000 2.722663
 556.000000 2.793589
 557.000000 2.705373
 558.000000 2.868921
 559.000000 2.808775
 560.000000 2.860532
 561.000000 2.783831
 562.000000 2.774279
 563.000000 2.598795
 564.000000 2.691390
 565.000000 2.800980
 566.000000 2.704100
 567.000000 2.814714
 568.000000 2.694622
 569.000000 2.563312
 570.000000 2.684912
 571.000000 2.575845
 572.000000 2.680407
 573.000000 2.662333
 574.000000 2.908604
 575.000000 2.826289
 576.000000 2.933839
 577.000000 3.102244
 578.000000 3.107541
 579.000000 4.049984
 580.000000 3.456598
 581.000000 3.892116
 582.000000 3.388568
 583.000000 3.395398
 584.000000 3.537454
 585.000000 3.053319
 586.000000 3.848932
 587.000000 3.618750
 588.000000 3.707799
 589.000000 3.752007
 590.000000 4.193829
 591.000000 3.575139
 592.000000 3.122351
 593.000000 3.033845
 594.000000 2.943055
 595.000000 3.718920
 596.000000 3.431247
 597.000000 3.528123
 598.000000 3.579894
 599.000000 3.528249
 600.000000 3.507846
 601.000000 3.593967
 602.000000 3.558942
 603.000000 3.552323
 604.000000 3.475635
 605.000000 3.470841
 606.000000 3.409397
 607.000000 3.431209
 608.000000 3.412188
 609.000000 3.324792
 610.000000 3.297960
 611.000000 3.304470
 612.000000 3.328112
 613.000000 3.426532
 614.000000 3.366274
 615.000000 3.511731
 616.000000 3.532206
 617.000000 3.474194
 618.000000 4.486954
 619.000000 3.420935
 620.000000 3.388984
 621.000000 3.364316
 622.000000 3.471421
 623.000000 3.477555
 624.000000 4.490546
 625.000000 3.391745
 626.000000 3.346058
 627.000000 4.463562
 628.000000 3.420739
 629.000000 4.367027
 630.000000 4.398215
 631.000000 4.347187
 632.000000 4.288015
 633.000000 4.401221
 634.000000 3.492045
 635.000000 3.556166
 636.000000 3.509245
 637.000000 4.319040
 638.000000 4.332170
 639.000000 3.442131
 640.000000 3.449454
 641.000000 4.479088
 642.000000 3.451627
 643.000000 4.454963
 644.000000 4.454948
 645.000000 4.448102
 646.000000 3.520940
 647.000000 3.539508
 648.000000 4.280012
 649.000000 4.338431
 650.000000 4.266103
 651.000000 4.284223
 652.000000 4.271133
 653.000000 3.554364
 654.000000 3.657815
 655.000000 3.707172
 656.000000 3.711901
 657.000000 3.723294
 658.000000 3.718031
 659.000000 3.772806
 660.000000 3.717985
 661.000000 3.677076
 662.000000 3.695052
 663.000000 3.643987
 664.000000 3.606401
 665.000000 3.754696
 666.000000 3.625751
 667.000000 3.759127
 668.000000 3.766149
 669.000000 3.830338
 670.000000 3.813553
 671.000000 3.785548
 672.000000 3.767022
 673.000000 3.644734
 674.000000 3.548759
 675.000000 3.641951
 676.000000 3.612250
 677.000000 3.608346
 678.000000 3.652312
 679.000000 3.747493
 680.000000 3.697081
 681.000000 3.612831
 682.000000 3.506096
 683.000000 3.469391
 684.000000 3.558187
 685.000000 3.606266
 686.000000 3.660019
 687.000000 3.487091
 688.000000 3.447437
 689.000000 3.610672
 690.000000 3.679678
 691.000000 3.709184
 692.000000 3.600154
 693.000000 3.749138
 694.000000 3.563245
 695.000000 3.675339
 696.000000 3.494803
 697.000000 3.769294
 698.000000 3.675233
 699.000000 3.548023
 700.000000 3.541218
 701.000000 3.386211
 702.000000 3.370260
 703.000000 3.375580
 704.000000 3.324461
 705.000000 2.660254
 706.000000 2.912500
 707.000000 3.641486
 708.000000 3.651023
 709.000000 4.000201
 710.000000 4.132150
 711.000000 4.061811
 712.000000 3.626796
 713.000000 4.141778
 714.000000 3.426654
 715.000000 3.559072
 716.000000 3.965529
 717.000000 3.925572
 718.000000 3.511898
 719.000000 3.202884
 720.000000 3.291421
 721.000000 2.392019
 722.000000 3.373750
 723.000000 3.907531
 724.000000 2.650015
 725.000000 2.041610
 726.000000 3.558080
 727.000000 3.296427
 728.000000 4.120776
 729.000000 3.849777
 730.000000 4.330901
 731.000000 4.201122
 732.000000 3.617714
 733.000000 3.991150
 734.000000 3.507523
 735.000000 3.478053
 736.000000 3.152056
 737.000000 3.102032
 738.000000 4.181920
 739.000000 3.089451
 740.000000 3.681925
 741.000000 3.238369
 742.000000 4.019586
 743.000000 3.204289
 744.000000 3.207401
 745.000000 2.758961
 746.000000 2.511820
 747.000000 2.512174
 748.000000 3.331895
 749.000000 3.463014
 750.000000 3.695092
 751.000000 3.605996
 752.000000 3.812444
 753.000000 3.834281
 754.000000 3.663922
 755.000000 3.405678
 756.000000 3.181443
 757.000000 3.081760
 758.000000 2.092187
 759.000000 2.459038
 760.000000 1.783832
 761.000000 1.730942
 762.000000 1.738194
 763.000000 1.568858
 764.000000 2.691670
 765.000000 2.792656
 766.000000 2.777196
 767.000000 3.341841
 768.000000 3.866964
 769.000000 3.558246
 770.000000 3.691903
 771.000000 3.937869
 772.000000 4.076842
 773.000000 3.852269
 774.000000 3.534996
 775.000000 2.109959
 776.000000 2.347616
 777.000000 2.701175
 778.000000 2.069373
 779.000000 2.171627
 780.000000 2.961577
 781.000000 2.437584
 782.000000 2.626753
 783.000000 2.259009
 784.000000 2.575640
 785.000000 2.938258
 786.000000 3.384932
 787.000000 2.760364
 788.000000 3.541312
 789.000000 3.276063
 790.000000 3.699423
 791.000000 3.780923
 792.000000 3.875421
 793.000000 3.727894
 794.000000 4.228539
 795.000000 3.790502
 796.000000 3.366076
 797.000000 3.857821
 798.000000 3.909851
 799.000000 3.357663
 800.000000 3.061592
 801.000000 3.143345
 802.000000 2.741650
 803.000000 2.975662
 804.000000 2.739401
 805.000000 2.774253
 806.000000 2.491529
 807.000000 1.976071
 808.000000 1.965790
 809.000000 2.438617
 810.000000 2.110158
 811.000000 2.581115
 812.000000 2.814648
 813.000000 2.725543
 814.000000 3.300138
 815.000000 2.908778
 816.000000 3.587063
 817.000000 4.048638
 818.000000 3.974843
 819.000000 4.100428
 820.000000 3.914567
 821.000000 3.769523
 822.000000 3.148225
 823.000000 3.611544
 824.000000 3.336069
 825.000000 3.130232
 826.000000 3.087654
 827.000000 3.003698
 828.000000 2.505532
 829.000000 2.971870
 830.000000 3.058877
 831.000000 3.106806
 832.000000 2.785450
 833.000000 2.957002
 834.000000 2.976068
 835.000000 3.130402
 836.000000 3.078439
 837.000000 2.816576
 838.000000 3.230842
 839.000000 2.973127
 840.000000 2.993494
 841.000000 3.586083
 842.000000 3.134656
 843.000000 3.422940
 844.000000 3.924497
 845.000000 3.579185
 846.000000 3.573479
 847.000000 3.745486
 848.000000 3.614393
 849.000000 4.107241
 850.000000 4.201413
 851.000000 3.903369
 852.000000 3.509827
 853.000000 2.715429
 854.000000 2.773569
 855.000000 4.459974
 856.000000 3.983942
 857.000000 3.758895
 858.000000 3.839186
 859.000000 3.757071
 860.000000 3.275616
 861.000000 3.188354
 862.000000 2.938815
 863.000000 3.356769
 864.000000 3.787072
 865.000000 3.222979
 866.000000 2.631824
 867.000000 3.598478
 868.000000 3.199194
 869.000000 2.797910
 870.000000 3.199756
 871.000000 3.715820
 872.000000 3.659057
 873.000000 3.406764
 874.000000 3.145845
 875.000000 3.369157
 876.000000 3.000564
 877.000000 3.538003
 878.000000 3.215042
 879.000000 3.252539
 880.000000 2.568268
 881.000000 3.885749
 882.000000 3.142380
 883.000000 4.117289
 884.000000 3.725264
 885.000000 4.157374
 886.000000 3.815127
 887.000000 3.498047
 888.000000 3.568521
 889.000000 3.701741
 890.000000 3.601502
 891.000000 3.440142
 892.000000 3.700790
 893.000000 3.858934
 894.000000 3.865300
 895.000000 3.788640
 896.000000 3.298679
 897.000000 3.268846
 898.000000 3.409278
 899.000000 3.644615
 900.000000 3.372251
 901.000000 3.503952
 902.000000 3.640454
 903.000000 3.943534
 904.000000 4.086015
 905.000000 3.974308
 906.000000 3.375713
 907.000000 2.610807
 908.000000 1.990409
 909.000000 2.047795
 910.000000 1.996509
 911.000000 2.073125
 912.000000 2.140679
 913.000000 2.081502
 914.000000 2.071302
 915.000000 1.965360
 916.000000 1.876372
 917.000000 1.953406
 918.000000 1.938289
 919.000000 1.994788
 920.000000 2.095267
 921.000000 2.179085
 922.000000 2.271229
 923.000000 2.407446
 924.000000 2.516338
 925.000000 2.290541
 926.000000 2.399153
 927.000000 2.244871
 928.000000 2.312997
 929.000000 2.389348
 930.000000 2.427871
 931.000000 2.396769
 932.000000 2.308795
 933.000000 2.236170
 934.000000 2.400412
 935.000000 2.170030
 936.000000 2.188234
 937.000000 2.310541
 938.000000 2.332621
 939.000000 2.452129
 940.000000 2.354712
 941.000000 2.276094
 942.000000 2.251165
 943.000000 2.299565
 944.000000 2.226041
 945.000000 2.180171
 946.000000 2.195973
 947.000000 2.240386
 948.000000 2.063824
 949.000000 2.193727
 950.000000 2.109483
 951.000000 2.336481
 952.000000 2.438408
 953.000000 2.206753
 954.000000 2.539259
 955.000000 2.441197
 956.000000 2.432980
 957.000000 2.454671
 958.000000 2.377588
 959.000000 2.422750
 960.000000 2.428446
 961.000000 2.366413
 962.000000 2.528272
 963.000000 2.438572
 964.000000 2.129969
 965.000000 2.480449
 966.000000 2.336744
 967.000000 2.324089
 968.000000 2.303723
 969.000000 2.432313
 970.000000 2.306973
 971.000000 2.437809
 972.000000 2.284420
 973.000000 2.207825
 974.000000 2.220329
 975.000000 2.169136
 976.000000 2.410612
 977.000000 2.358003
 978.000000 3.176712
 979.000000 3.248502
 980.000000 3.177009
 981.000000 2.512508
 982.000000 3.567846
 983.000000 3.315615
 984.000000 3.044182
 985.000000 3.819048
 986.000000 3.181863
 987.000000 3.954162
 988.000000 3.547925
 989.000000 3.219629
 990.000000 2.785155
 991.000000 3.101936
 992.000000 4.037158
 993.000000 4.045674
 994.000000 3.886747
 995.000000 3.465034
 996.000000 3.808434
 997.000000 3.676351
 998.000000 2.477871
 999.000000 2.620666
 1000.000000 2.421709
 1001.000000 1.875665
 1002.000000 1.661249
 1003.000000 1.511182
 1004.000000 1.901737
 1005.000000 2.192411
 1006.000000 1.821821
 1007.000000 2.024523
 1008.000000 1.940022
 1009.000000 1.776313
 1010.000000 1.392821
 1011.000000 0.758023
 1012.000000 1.323951
 1013.000000 1.542096
 1014.000000 1.582412
 1015.000000 1.466977
 1016.000000 1.521758
 1017.000000 1.241785
 1018.000000 1.298204
 1019.000000 1.271275
 1020.000000 1.096252
 1021.000000 1.261335
 1022.000000 1.190475
 1023.000000 1.119463
 1024.000000 0.966731
 1025.000000 0.914668
 1026.000000 1.022413
 1027.000000 0.766355
 1028.000000 1.027177
 1029.000000 0.735178
 1030.000000 0.766469
 1031.000000 0.834910
 1032.000000 0.630214
 1033.000000 0.664391
 1034.000000 0.693025
 1035.000000 0.630249
 1036.000000 0.700533
 1037.000000 0.599307
 1038.000000 0.632683
 1039.000000 1.034053
 1040.000000 1.605387
 1041.000000 2.629755
 1042.000000 2.928716
 1043.000000 3.636923
 1044.000000 3.455230
 1045.000000 3.476133
 1046.000000 3.676167
 1047.000000 3.902830
 1048.000000 4.166377
 1049.000000 4.001014
 1050.000000 4.168234
 1051.000000 3.935273
 1052.000000 3.633724
 1053.000000 3.157106
 1054.000000 3.271023
 1055.000000 3.852635
 1056.000000 3.369581
 1057.000000 3.521457
 1058.000000 3.296357
 1059.000000 3.158063
 1060.000000 3.789895
 1061.000000 4.070596
 1062.000000 4.092061
 1063.000000 4.099008
 1064.000000 4.222545
 1065.000000 4.103375
 1066.000000 4.153991
 1067.000000 3.829534
 1068.000000 4.052382
 1069.000000 4.159384
 1070.000000 4.046385
 1071.000000 4.097524
 1072.000000 3.530838
 1073.000000 3.507695
 1074.000000 2.921608
 1075.000000 3.109021
 1076.000000 2.290529
 1077.000000 2.574904
 1078.000000 3.191026
 1079.000000 3.566339
 1080.000000 3.256467
 1081.000000 1.900264
 1082.000000 1.991399
 1083.000000 3.070136
 1084.000000 3.456806
 1085.000000 2.762553
 1086.000000 3.678622
 1087.000000 3.645587
 1088.000000 2.765270
 1089.000000 4.461446
 1090.000000 4.296806
 1091.000000 3.759526
 1092.000000 3.599355
 1093.000000 3.914183
 1094.000000 3.520166
 1095.000000 3.183660
 1096.000000 3.242019
 1097.000000 3.570236
 1098.000000 3.396954
 1099.000000 3.303926
 1100.000000 3.200805
 1101.000000 2.869382
 1102.000000 1.997376
 1103.000000 1.749568
 1104.000000 1.948989
 1105.000000 3.087408
 1106.000000 2.620767
 1107.000000 2.164456
 1108.000000 1.344314
 1109.000000 1.136589
 1110.000000 1.533588
 1111.000000 1.443002
 1112.000000 1.101424
 1113.000000 1.127231
 1114.000000 1.169808
 1115.000000 1.166706
 1116.000000 0.903146
 1117.000000 0.785450
 1118.000000 0.971642
 1119.000000 1.308286
 1120.000000 1.225081
 1121.000000 1.210325
 1122.000000 1.338599
 1123.000000 1.339629
 1124.000000 1.283770
 1125.000000 1.261459
 1126.000000 1.184027
 1127.000000 1.093713
 1128.000000 1.436001
 1129.000000 1.587986
 1130.000000 1.663978
 1131.000000 1.760624
 1132.000000 1.706827
 1133.000000 1.594573
 1134.000000 1.518607
 1135.000000 1.402372
 1136.000000 1.460764
 1137.000000 1.540651
 1138.000000 1.529909
 1139.000000 1.616212
 1140.000000 1.697868
 1141.000000 1.612451
 1142.000000 1.588234
 1143.000000 1.574194
 1144.000000 1.718584
 1145.000000 1.683764
 1146.000000 1.630240
 1147.000000 1.632969
 1148.000000 1.655509
 1149.000000 1.597353
 1150.000000 1.643312
 1151.000000 1.780003
 1152.000000 1.869215
 1153.000000 1.608966
 1154.000000 1.752902
 1155.000000 1.732470
 1156.000000 1.908284
 1157.000000 1.794410
 1158.000000 1.846971
 1159.000000 1.737546
 1160.000000 1.840368
 1161.000000 1.774252
 1162.000000 1.767750
 1163.000000 1.747853
 1164.000000 1.725340
 1165.000000 1.763349
 1166.000000 1.755408
 1167.000000 1.745130
 1168.000000 1.779535
 1169.000000 1.724941
 1170.000000 1.665940
 1171.000000 1.841300
 1172.000000 1.829707
 1173.000000 1.707788
 1174.000000 1.817938
 1175.000000 1.744200
 1176.000000 1.727794
 1177.000000 1.797352
 1178.000000 1.733861
 1179.000000 1.684702
 1180.000000 1.644289
 1181.000000 1.648119
 1182.000000 1.761247
 1183.000000 1.836646
 1184.000000 1.852081
 1185.000000 1.745212
 1186.000000 1.758634
 1187.000000 1.700759
 1188.000000 1.788627
 1189.000000 1.693227
 1190.000000 1.693152
 1191.000000 1.733595
 1192.000000 1.740369
 1193.000000 1.734117
 1194.000000 1.769166
 1195.000000 1.732921
 1196.000000 1.721784
 1197.000000 1.803216
 1198.000000 1.707625
 1199.000000 1.725615
 1200.000000 1.734267
 1201.000000 1.779491
 1202.000000 1.765570
 1203.000000 1.838211
 1204.000000 1.640085
 1205.000000 1.704017
 1206.000000 1.589946
 1207.000000 1.724124
 1208.000000 1.734533
 1209.000000 1.786383
 1210.000000 1.628923
 1211.000000 1.715822
 1212.000000 1.386628
 1213.000000 1.443984
 1214.000000 1.295345
 1215.000000 1.358430
 1216.000000 1.412318
 1217.000000 1.250006
 1218.000000 1.313781
 1219.000000 1.197663
 1220.000000 1.309948
 1221.000000 1.404716
 1222.000000 1.528439
 1223.000000 1.505343
 1224.000000 1.634018
 1225.000000 1.417217
 1226.000000 1.699792
 1227.000000 1.387248
 1228.000000 1.859423
 1229.000000 1.722751
 1230.000000 1.793048
 1231.000000 1.440232
 1232.000000 1.837506
 1233.000000 1.931273
 1234.000000 2.061420
 1235.000000 2.053020
 1236.000000 2.052858
 1237.000000 2.139418
 1238.000000 2.002860
 1239.000000 1.891101
 1240.000000 1.936139
 1241.000000 1.847971
 1242.000000 1.629369
 1243.000000 1.847604
 1244.000000 1.797432
 1245.000000 1.845015
 1246.000000 1.796449
 1247.000000 1.779656
 1248.000000 1.844624
 1249.000000 1.795086
 1250.000000 1.679528
 1251.000000 1.848341
 1252.000000 1.839502
 1253.000000 1.759012
 1254.000000 1.668976
 1255.000000 1.702242
 1256.000000 1.639325
 1257.000000 1.684071
 1258.000000 1.729506
 1259.000000 1.720468
 1260.000000 1.603667
 1261.000000 1.639534
 1262.000000 1.768915
 1263.000000 1.768290
 1264.000000 1.755823
 1265.000000 1.688510
 1266.000000 1.611022
 1267.000000 1.623874
 1268.000000 1.573968
 1269.000000 1.595381
 1270.000000 1.411795
 1271.000000 1.590256
 1272.000000 1.676712
 1273.000000 1.737918
 1274.000000 1.682791
 1275.000000 1.887716
 1276.000000 1.781309
 1277.000000 1.835240
 1278.000000 1.713229
 1279.000000 1.885942
 1280.000000 1.741314
 1281.000000 1.858353
 1282.000000 1.897403
 1283.000000 1.820300
 1284.000000 1.763503
 1285.000000 1.694408
 1286.000000 1.867213
 1287.000000 1.646253
 1288.000000 1.729496
 1289.000000 1.644869
 1290.000000 1.575958
 1291.000000 1.528573
 1292.000000 1.466419
 1293.000000 1.542664
 1294.000000 1.552151
 1295.000000 1.657089
 1296.000000 1.825423
 1297.000000 1.594065
 1298.000000 1.619644
 1299.000000 1.481291
 1300.000000 1.657357
 1301.000000 1.697029
 1302.000000 1.571216
 1303.000000 1.657515
 1304.000000 1.431565
 1305.000000 1.609647
 1306.000000 1.536659
 1307.000000 1.445844
 1308.000000 1.207082
 1309.000000 1.525655
 1310.000000 1.382223
 1311.000000 1.615623
 1312.000000 1.609122
 1313.000000 1.686696
 1314.000000 1.614265
 1315.000000 1.820040
 1316.000000 1.874115
 1317.000000 1.727070
 1318.000000 1.778269
 1319.000000 1.638066
 1320.000000 1.668371
 1321.000000 1.777002
 1322.000000 1.529016
 1323.000000 1.547933
 1324.000000 1.519516
 1325.000000 1.610173
 1326.000000 1.564408
 1327.000000 1.706090
 1328.000000 1.677055
 1329.000000 1.768447
 1330.000000 1.946115
 1331.000000 1.713282
 1332.000000 1.760565
 1333.000000 1.824862
 1334.000000 1.699174
 1335.000000 1.606610
 1336.000000 1.806827
 1337.000000 1.796045
 1338.000000 1.872084
 1339.000000 1.796283
 1340.000000 1.765677
 1341.000000 1.696555
 1342.000000 1.677273
 1343.000000 1.821613
 1344.000000 1.796337
 1345.000000 1.775857
 1346.000000 1.881479
 1347.000000 1.775165
 1348.000000 1.909104
 1349.000000 1.770024
 1350.000000 1.466014
 1351.000000 1.595476
 1352.000000 1.699393
 1353.000000 1.589286
 1354.000000 1.867729
 1355.000000 1.545088
 1356.000000 1.731633
 1357.000000 1.701376
 1358.000000 1.830062
 1359.000000 1.685129
 1360.000000 1.595160
 1361.000000 1.571869
 1362.000000 1.612496
 1363.000000 1.594339
 1364.000000 1.538203
 1365.000000 1.497144
 1366.000000 1.677062
 1367.000000 1.351870
 1368.000000 1.740379
 1369.000000 1.465500
 1370.000000 1.747239
 1371.000000 1.527974
 1372.000000 1.701732
 1373.000000 1.596939
 1374.000000 1.643983
 1375.000000 1.785149
 1376.000000 1.571900
 1377.000000 1.612756
 1378.000000 1.110431
 1379.000000 1.120592
 1380.000000 1.243421
 1381.000000 1.341759
 1382.000000 1.471183
 1383.000000 1.734314
 1384.000000 2.018014
 1385.000000 2.093266
 1386.000000 2.138933
 1387.000000 2.052730
 1388.000000 1.738320
 1389.000000 1.558836
 1390.000000 1.611253
 1391.000000 1.714289
 1392.000000 1.591942
 1393.000000 1.470285
 1394.000000 1.594942
 1395.000000 1.708364
 1396.000000 1.515840
 1397.000000 1.677742
 1398.000000 2.111893
 1399.000000 1.934318
 1400.000000 1.648087
 1401.000000 1.479008
 1402.000000 1.539928
 1403.000000 1.400475
 1404.000000 1.442608
 1405.000000 1.440110
 1406.000000 1.516061
 1407.000000 1.639328
 1408.000000 1.143338
 1409.000000 1.578767
 1410.000000 1.444002
 1411.000000 1.285594
 1412.000000 1.320803
 1413.000000 1.277113
 1414.000000 1.365912
 1415.000000 1.523981
 1416.000000 1.189291
 1417.000000 1.440691
 1418.000000 1.629260
 1419.000000 1.795983
 1420.000000 1.494200
 1421.000000 1.639688
 1422.000000 1.471505
 1423.000000 1.693837
 1424.000000 1.733362
 1425.000000 1.537587
 1426.000000 1.410668
 1427.000000 1.718500
 1428.000000 1.917957
 1429.000000 1.400424
 1430.000000 1.577711
 1431.000000 1.897470
 1432.000000 1.785827
 1433.000000 2.107586
 1434.000000 1.922451
 1435.000000 2.006791
 1436.000000 1.784628
 1437.000000 1.981727
 1438.000000 1.933343
 1439.000000 1.936026
 1440.000000 1.910654
 1441.000000 1.898673
 1442.000000 1.825921
 1443.000000 1.878479
 1444.000000 1.840230
 1445.000000 1.809780
 1446.000000 1.796099
 1447.000000 1.855527
 1448.000000 1.908409
 1449.000000 1.874004
 1450.000000 1.784434
 1451.000000 1.813993
 1452.000000 1.714285
 1453.000000 1.795824
 1454.000000 1.869531
 1455.000000 1.831372
 1456.000000 1.653559
 1457.000000 1.386873
 1458.000000 1.745152
 1459.000000 1.662568
 1460.000000 1.862852
 1461.000000 2.000022
 1462.000000 2.043987
 1463.000000 2.026819
 1464.000000 1.978048
 1465.000000 1.817523
 1466.000000 1.950029
 1467.000000 1.754520
 1468.000000 1.667518
 1469.000000 1.360550
 1470.000000 1.588560
 1471.000000 1.381402
 1472.000000 1.449764
 1473.000000 1.626562
 1474.000000 1.406213
 1475.000000 1.304347
 1476.000000 1.358863
 1477.000000 1.363472
 1478.000000 1.160549
 1479.000000 1.272107
 1480.000000 1.372827
 1481.000000 1.335385
 1482.000000 1.357393
 1483.000000 1.322017
 1484.000000 1.339537
 1485.000000 1.372731
 1486.000000 1.189883
 1487.000000 1.220627
 1488.000000 1.194279
 1489.000000 1.412900
 1490.000000 1.298658
 1491.000000 1.333346
 1492.000000 1.373682
 1493.000000 1.291028
 1494.000000 1.517268
 1495.000000 1.497306
 1496.000000 1.458034
 1497.000000 1.409813
 1498.000000 1.323050
 1499.000000 1.415686
 1500.000000 1.342514
 1501.000000 1.437981
 1502.000000 1.407115
 1503.000000 1.414850
 1504.000000 1.397722
 1505.000000 1.258316
 1506.000000 1.326793
 1507.000000 1.532476
 1508.000000 1.358589
 1509.000000 1.421912
 1510.000000 1.397519
 1511.000000 1.431929
 1512.000000 1.405685
 1513.000000 1.381395
 1514.000000 1.363194
 1515.000000 1.382978
 1516.000000 1.361505
 1517.000000 1.308548
 1518.000000 1.342730
 1519.000000 1.468572
 1520.000000 1.430253
 1521.000000 1.392495
 1522.000000 1.474414
 1523.000000 1.431424
 1524.000000 1.280757
 1525.000000 1.306966
 1526.000000 1.445959
 1527.000000 1.346986
 1528.000000 1.433357
 1529.000000 1.305749
 1530.000000 1.349485
 1531.000000 1.360847
 1532.000000 1.535322
 1533.000000 1.447688
 1534.000000 1.553586
 1535.000000 1.597915
 1536.000000 1.538900
 1537.000000 1.433726
 1538.000000 1.577173
 1539.000000 1.636388
 1540.000000 1.634968
 1541.000000 1.766319
 1542.000000 1.787267
 1543.000000 1.725041
 1544.000000 1.617236
 1545.000000 1.873536
 1546.000000 1.738692
 1547.000000 1.600887
 1548.000000 1.516982
 1549.000000 1.538230
 1550.000000 1.427775
 1551.000000 1.597909
 1552.000000 1.441086
 1553.000000 1.765443
 1554.000000 1.572655
 1555.000000 1.807799
 1556.000000 1.572664
 1557.000000 1.609091
 1558.000000 1.960781
 1559.000000 1.479140
 1560.000000 1.563863
 1561.000000 1.476347
 1562.000000 1.738234
 1563.000000 1.699768
 1564.000000 1.642568
 1565.000000 1.527309
 1566.000000 1.663446
 1567.000000 1.151373
 1568.000000 1.255591
 1569.000000 1.384047
 1570.000000 1.481790
 1571.000000 1.396051
 1572.000000 1.426803
 1573.000000 1.894864
 1574.000000 2.173558
 1575.000000 1.977819
 1576.000000 1.392392
 1577.000000 1.598573
 1578.000000 1.341982
 1579.000000 1.504362
 1580.000000 1.494034
 1581.000000 1.585493
 1582.000000 1.862672
 1583.000000 1.854461
 1584.000000 1.798362
 1585.000000 1.733657
 1586.000000 1.473471
 1587.000000 1.544879
 1588.000000 1.623292
 1589.000000 1.480154
 1590.000000 1.576441
 1591.000000 1.728406
 1592.000000 1.513433
 1593.000000 1.621617
 1594.000000 1.444268
 1595.000000 1.816170
 1596.000000 1.540290
 1597.000000 1.598629
 1598.000000 1.399406
 1599.000000 1.240961
 1600.000000 1.514125
 1601.000000 1.579532
 1602.000000 1.504749
 1603.000000 1.391798
 1604.000000 1.366900
 1605.000000 1.415858
 1606.000000 1.551398
 1607.000000 1.705722
 1608.000000 1.746194
 1609.000000 1.953977
 1610.000000 1.882632
 1611.000000 1.931886
 1612.000000 1.969014
 1613.000000 2.102869
 1614.000000 2.006546
 1615.000000 1.979642
 1616.000000 1.964429
 1617.000000 1.991538
 1618.000000 1.810689
 1619.000000 1.545346
 1620.000000 1.710133
 1621.000000 1.693674
 1622.000000 1.501807
 1623.000000 1.609728
 1624.000000 1.296512
 1625.000000 1.430546
 1626.000000 1.517898
 1627.000000 1.504237
 1628.000000 1.343894
 1629.000000 1.408332
 1630.000000 1.440699
 1631.000000 1.219006
 1632.000000 1.471084
 1633.000000 1.561533
 1634.000000 1.313200
 1635.000000 1.275946
 1636.000000 1.411592
 1637.000000 1.249191
 1638.000000 1.149305
 1639.000000 0.719529
 1640.000000 0.947202
 1641.000000 1.130993
 1642.000000 0.978111
 1643.000000 0.935186
 1644.000000 1.071803
 1645.000000 1.009628
 1646.000000 0.998171
 1647.000000 1.230112
 1648.000000 1.222509
 1649.000000 0.825968
 1650.000000 0.938806
 1651.000000 1.136658
 1652.000000 1.076357
 1653.000000 1.158149
 1654.000000 1.576333
 1655.000000 1.025839
 1656.000000 1.217935
 1657.000000 0.970935
 1658.000000 0.231543
 1659.000000 0.219018
 1660.000000 0.494320
 1661.000000 0.750404
 1662.000000 0.497513
 1663.000000 0.503321
 1664.000000 0.276078
 1665.000000 0.265701
 1666.000000 0.268304
 1667.000000 0.231201
 1668.000000 0.853846
 1669.000000 0.505287
 1670.000000 0.740555
 1671.000000 0.976710
 1672.000000 1.057817
 1673.000000 0.771822
 1674.000000 1.401747
 1675.000000 1.371651
 1676.000000 1.119765
 1677.000000 1.690169
 1678.000000 2.516023
 1679.000000 3.101499
 1680.000000 3.297194
 1681.000000 3.812404
 1682.000000 3.873429
 1683.000000 3.864278
 1684.000000 3.641751
 1685.000000 2.773412
 1686.000000 2.816542
 1687.000000 2.873810
 1688.000000 2.949088
 1689.000000 3.098567
 1690.000000 4.294826
 1691.000000 3.484336
 1692.000000 3.172288
 1693.000000 4.336053
 1694.000000 3.839740
 1695.000000 3.643929
 1696.000000 3.270684
 1697.000000 3.042265
 1698.000000 3.189762
 1699.000000 2.006937
 1700.000000 1.711268
 1701.000000 2.150916
 1702.000000 3.153315
 1703.000000 3.662979
 1704.000000 4.831995
 1705.000000 4.553079
 1706.000000 3.455187
 1707.000000 2.874561
 1708.000000 1.975586
 1709.000000 3.622662
 1710.000000 3.011987
 1711.000000 3.046917
 1712.000000 3.222276
 1713.000000 2.938242
 1714.000000 2.576698
 1715.000000 3.680127
 1716.000000 4.205660
 1717.000000 3.471796
 1718.000000 3.223082
 1719.000000 4.209174
 1720.000000 4.563815
 1721.000000 4.430029
 1722.000000 4.291674
 1723.000000 3.857684
 1724.000000 3.467291
 1725.000000 2.506085
 1726.000000 1.796393
 1727.000000 1.661269
 1728.000000 1.613179
 1729.000000 1.433155
 1730.000000 1.576569
 1731.000000 0.774267
 1732.000000 0.971751
 1733.000000 1.031417
 1734.000000 0.983821
 1735.000000 0.872283
 1736.000000 1.566752
 1737.000000 1.859940
 1738.000000 1.719386
 1739.000000 2.464573
 1740.000000 2.297333
 1741.000000 2.248682
 1742.000000 2.711992
 1743.000000 2.136700
 1744.000000 3.087308
 1745.000000 2.712730
 1746.000000 2.496432
 1747.000000 2.772873
 1748.000000 3.387082
 1749.000000 2.545894
 1750.000000 2.161452
 1751.000000 3.005191
 1752.000000 3.350066
 1753.000000 3.487803
 1754.000000 3.398076
 1755.000000 3.836012
 1756.000000 3.350967
 1757.000000 2.449445
 1758.000000 2.377780
 1759.000000 2.211196
 1760.000000 2.227559
 1761.000000 2.272628
 1762.000000 2.283371
 1763.000000 2.127441
 1764.000000 1.963745
 1765.000000 1.497710
 1766.000000 2.730462
 1767.000000 2.303898
 1768.000000 2.344708
 1769.000000 1.930192
 1770.000000 3.480176
 1771.000000 4.169993
 1772.000000 4.191401
 1773.000000 4.337276
 1774.000000 3.936130
 1775.000000 3.720402
 1776.000000 3.758022
 1777.000000 2.927547
 1778.000000 4.152747
 1779.000000 3.159229
 1780.000000 2.536385
 1781.000000 3.150847
 1782.000000 3.048530
 1783.000000 3.329478
 1784.000000 3.268556
 1785.000000 3.397445
 1786.000000 3.049606
 1787.000000 2.752377
 1788.000000 3.392075
 1789.000000 4.166829
 1790.000000 4.040073
 1791.000000 4.297890
 1792.000000 4.085609
 1793.000000 4.362536
 1794.000000 4.248453
 1795.000000 4.194475
 1796.000000 4.188774
 1797.000000 3.941999
 1798.000000 3.401824
 1799.000000 2.730247
 1800.000000 2.901636
 1801.000000 2.921933
 1802.000000 3.219172
 1803.000000 3.062504
 1804.000000 2.976276
 1805.000000 2.328968
 1806.000000 2.107814
 1807.000000 1.482826
 1808.000000 1.022301
 1809.000000 1.379378
 1810.000000 1.254596
 1811.000000 0.820294
 1812.000000 0.955863
 1813.000000 1.058462
 1814.000000 0.946418
 1815.000000 0.598928
 1816.000000 0.483328
 1817.000000 0.469986
 1818.000000 0.290162
 1819.000000 0.808542
 1820.000000 0.288634
 1821.000000 0.729871
 1822.000000 0.443335
 1823.000000 0.481089
 1824.000000 0.657458
 1825.000000 0.469008
 1826.000000 0.629002
 1827.000000 0.430965
 1828.000000 0.489001
 1829.000000 0.276431
 1830.000000 1.667890
 1831.000000 2.472960
 1832.000000 3.874512
 1833.000000 3.665218
 1834.000000 3.275137
 1835.000000 3.012015
 1836.000000 2.513359
 1837.000000 2.777338
 1838.000000 3.208710
 1839.000000 3.495797
 1840.000000 3.343833
 1841.000000 3.154338
 1842.000000 3.284600
 1843.000000 3.274542
 1844.000000 3.248408
 1845.000000 3.203494
 1846.000000 3.233718
 1847.000000 3.481652
 1848.000000 3.262924
 1849.000000 3.537278
 1850.000000 3.527041
 1851.000000 3.226105
 1852.000000 3.212211
 1853.000000 3.659423
 1854.000000 2.994930
 1855.000000 3.681189
 1856.000000 3.628716
 1857.000000 3.548231
 1858.000000 2.778294
 1859.000000 2.943363
 1860.000000 3.310688
 1861.000000 4.010165
 1862.000000 3.795062
 1863.000000 3.590240
 1864.000000 2.846531
 1865.000000 3.854842
 1866.000000 3.258961
 1867.000000 3.186973
 1868.000000 2.810770
 1869.000000 2.148776
 1870.000000 3.450245
 1871.000000 4.008592
 1872.000000 3.015013
 1873.000000 3.086379
 1874.000000 4.032377
 1875.000000 4.105570
 1876.000000 3.844086
 1877.000000 3.876371
 1878.000000 3.926419
 1879.000000 3.890860
 1880.000000 3.915838
 1881.000000 3.878422
 1882.000000 4.062845
 1883.000000 3.775853
 1884.000000 3.807171
 1885.000000 3.829587
 1886.000000 3.860406
 1887.000000 3.843689
 1888.000000 3.813930
 1889.000000 3.781614
 1890.000000 3.876993
 1891.000000 4.096195
 1892.000000 4.026009
 1893.000000 3.948587
 1894.000000 3.857611
 1895.000000 3.952917
 1896.000000 3.877779
 1897.000000 4.051746
 1898.000000 3.875727
 1899.000000 3.871935
 1900.000000 2.580994
 1901.000000 2.652582
 1902.000000 2.824926
 1903.000000 2.898622
 1904.000000 2.640566
 1905.000000 3.249390
 1906.000000 3.300385
 1907.000000 4.220079
 1908.000000 4.015997
 1909.000000 3.980525
 1910.000000 4.461703
 1911.000000 3.387450
 1912.000000 3.866205
 1913.000000 4.491863
 1914.000000 4.353661
 1915.000000 3.213984
 1916.000000 2.842158
 1917.000000 3.675351
 1918.000000 3.269214
 1919.000000 3.276146
 1920.000000 2.808936
 1921.000000 2.854176
 1922.000000 2.479158
 1923.000000 2.212943
 1924.000000 2.258700
 1925.000000 2.060531
 1926.000000 1.872697
 1927.000000 1.594814
 1928.000000 1.347492
 1929.000000 1.984592
 1930.000000 1.814688
 1931.000000 2.047805
 1932.000000 1.342040
 1933.000000 1.590200
 1934.000000 1.280469
 1935.000000 1.444829
 1936.000000 1.885368
 1937.000000 2.629255
 1938.000000 1.069365
 1939.000000 1.124368
 1940.000000 1.129443
 1941.000000 1.070412
 1942.000000 0.848439
 1943.000000 0.566068
 1944.000000 0.375689
 1945.000000 0.366860
 1946.000000 0.615445
 1947.000000 0.309684
 1948.000000 0.550732
 1949.000000 0.939873
 1950.000000 0.368746
 1951.000000 0.459628
 1952.000000 0.299723
 1953.000000 0.216624
 1954.000000 0.253310
 1955.000000 0.247606
 1956.000000 0.240878
 1957.000000 0.247080
 1958.000000 0.260170
 1959.000000 0.263096
 1960.000000 0.250434
 1961.000000 0.253881
 1962.000000 0.273985
 1963.000000 0.263773
 1964.000000 0.718531
 1965.000000 2.444943
 1966.000000 2.719182
 1967.000000 2.740761
 1968.000000 3.106672
 1969.000000 3.796600
 1970.000000 3.434538
 1971.000000 3.333556
 1972.000000 3.739693
 1973.000000 2.994848
 1974.000000 3.586897
 1975.000000 3.069051
 1976.000000 3.395917
 1977.000000 3.080657
 1978.000000 3.352477
 1979.000000 3.838416
 1980.000000 3.353851
 1981.000000 4.104545
 1982.000000 4.151057
 1983.000000 4.506560
 1984.000000 4.178444
 1985.000000 4.101148
 1986.000000 3.821702
 1987.000000 3.087027
 1988.000000 3.081232
 1989.000000 2.770712
 1990.000000 3.093030
 1991.000000 2.807952
 1992.000000 3.926290
 1993.000000 3.615197
 1994.000000 3.178760
 1995.000000 3.282872
 1996.000000 3.072856
 1997.000000 3.614762
 1998.000000 3.442755
 1999.000000 3.364427
 2000.000000 3.249227
 2001.000000 3.668456
 2002.000000 3.142870
 2003.000000 3.423522
 2004.000000 3.539839
 2005.000000 3.686871
 2006.000000 3.567341
 2007.000000 3.416893
 2008.000000 3.335586
 2009.000000 3.734062
 2010.000000 3.407623
 2011.000000 3.552124
 2012.000000 3.430852
 2013.000000 2.625294
 2014.000000 3.216141
 2015.000000 3.292023
 2016.000000 3.201114
 2017.000000 3.338693
 2018.000000 3.747862
 2019.000000 4.005606
 2020.000000 3.891968
 2021.000000 3.889958
 2022.000000 3.831018
 2023.000000 3.930776
 2024.000000 4.014684
