#! FIELDS time g1.min
 0.000000 2.211239
 1.000000 2.184557
 2.000000 2.189499
 3.000000 2.310715
 4.000000 2.164116
 5.000000 1.591674
 6.000000 1.154328
 7.000000 0.736025
 8.000000 1.023133
 9.000000 2.288717
 10.000000 1.301634
 11.000000 1.626163
 12.000000 2.910593
 13.000000 2.992490
 14.000000 2.598250
 15.000000 2.587326
 16.000000 2.519674
 17.000000 2.443217
 18.000000 2.395320
 19.000000 1.979354
 20.000000 1.848554
 21.000000 1.953011
 22.000000 2.074872
 23.000000 1.952657
 24.000000 2.913731
 25.000000 0.877204
 26.000000 0.311707
 27.000000 0.204673
 28.000000 0.208859
 29.000000 0.601836
 30.000000 1.345127
 31.000000 2.104064
 32.000000 2.822705
 33.000000 2.875832
 34.000000 0.915866
 35.000000 1.910886
 36.000000 2.848402
 37.000000 2.621161
 38.000000 3.361219
 39.000000 2.758030
 40.000000 2.946607
 41.000000 3.001141
 42.000000 3.454437
 43.000000 2.751484
 44.000000 1.036450
 45.000000 0.304967
 46.000000 0.803631
 47.000000 1.209461
 48.000000 1.227716
 49.000000 1.646519
 50.000000 0.948766
 51.000000 1.193160
 52.000000 1.234675
 53.000000 1.841907
 54.000000 0.989102
 55.000000 1.086432
 56.000000 1.005558
 57.000000 0.825041
 58.000000 1.332984
 59.000000 1.228682
 60.000000 1.204849
 61.000000 1.129842
 62.000000 1.097523
 63.000000 1.016424
 64.000000 1.245598
 65.000000 1.260558
 66.000000 2.424729
 67.000000 3.111770
 68.000000 2.864688
 69.000000 3.046494
 70.000000 3.081515
 71.000000 2.769378
 72.000000 3.192971
 73.000000 3.477326
 74.000000 3.270810
 75.000000 2.434396
 76.000000 3.260075
 77.000000 3.000525
 78.000000 2.478973
 79.000000 2.836144
 80.000000 2.754285
 81.000000 2.849933
 82.000000 2.644004
 83.000000 2.794891
 84.000000 2.718769
 85.000000 2.543195
 86.000000 2.694918
 87.000000 2.786618
 88.000000 3.054169
 89.000000 3.108225
 90.000000 3.305180
 91.000000 3.357169
 92.000000 3.283483
 93.000000 3.207615
 94.000000 3.263091
 95.000000 3.455668
 96.000000 3.257716
 97.000000 2.555136
 98.000000 1.740217
 99.000000 1.095730
 100.000000 2.368559
 101.000000 1.809323
 102.000000 2.901704
 103.000000 2.343845
 104.000000 2.889336
 105.000000 2.427270
 106.000000 3.253008
 107.000000 2.314899
 108.000000 0.700408
 109.000000 0.643874
 110.000000 0.728847
 111.000000 0.906412
 112.000000 1.724906
 113.000000 2.289465
 114.000000 2.448890
 115.000000 2.310336
 116.000000 2.292077
 117.000000 2.424635
 118.000000 2.365999
 119.000000 1.943837
 120.000000 2.199191
 121.000000 2.118028
 122.000000 2.265507
 123.000000 2.199988
 124.000000 2.379270
 125.000000 2.121567
 126.000000 2.248596
 127.000000 1.552173
 128.000000 1.787902
 129.000000 0.961285
 130.000000 0.829618
 131.000000 0.686398
 132.000000 0.772331
 133.000000 0.398107
 134.000000 0.756701
 135.000000 0.800859
 136.000000 1.368158
 137.000000 1.224233
 138.000000 0.718751
 139.000000 0.796088
 140.000000 0.804775
 141.000000 0.876252
 142.000000 2.167764
 143.000000 2.226616
 144.000000 1.659939
 145.000000 1.169236
 146.000000 2.862163
 147.000000 2.906910
 148.000000 2.409111
 149.000000 2.494673
 150.000000 2.736313
 151.000000 2.729348
 152.000000 2.054187
 153.000000 2.612898
 154.000000 2.677200
 155.000000 2.887010
 156.000000 2.917822
 157.000000 2.475606
 158.000000 2.579395
 159.000000 2.459011
 160.000000 2.754130
 161.000000 3.134462
 162.000000 3.156066
 163.000000 2.870735
 164.000000 2.665283
 165.000000 2.858073
 166.000000 2.536777
 167.000000 2.226128
 168.000000 3.046463
 169.000000 2.691763
 170.000000 2.676886
 171.000000 2.493869
 172.000000 2.725168
 173.000000 2.808692
 174.000000 2.752526
 175.000000 2.807855
 176.000000 2.752528
 177.000000 2.667800
 178.000000 2.665984
 179.000000 2.770191
 180.000000 2.738916
 181.000000 2.766679
 182.000000 2.715680
 183.000000 2.718527
 184.000000 2.740475
 185.000000 2.637471
 186.000000 2.560283
 187.000000 2.647471
 188.000000 2.691466
 189.000000 2.661666
 190.000000 2.776195
 191.000000 2.798083
 192.000000 2.910812
 193.000000 2.745550
 194.000000 2.835834
 195.000000 2.788847
 196.000000 2.806747
 197.000000 2.828432
 198.000000 2.718021
 199.000000 2.791785
 200.000000 2.733363
 201.000000 2.765897
 202.000000 2.737398
 203.000000 2.763172
 204.000000 2.997469
 205.000000 2.712501
 206.000000 2.321624
 207.000000 2.311793
 208.000000 2.450202
 209.000000 2.662267
 210.000000 2.818662
 211.000000 2.709446
 212.000000 2.201917
 213.000000 2.236929
 214.000000 2.623640
 215.000000 2.702285
 216.000000 2.778641
 217.000000 2.492944
 218.000000 2.690475
 219.000000 2.896699
 220.000000 2.713561
 221.000000 2.905114
 222.000000 2.887939
 223.000000 2.972995
 224.000000 3.053105
 225.000000 3.183342
 226.000000 3.018548
 227.000000 2.951476
 228.000000 2.950078
 229.000000 2.960613
 230.000000 2.926243
 231.000000 2.963180
 232.000000 2.878276
 233.000000 3.093821
 234.000000 3.127328
 235.000000 3.097080
 236.000000 3.089441
 237.000000 3.074632
 238.000000 2.823030
 239.000000 3.032210
 240.000000 3.188059
 241.000000 3.157461
 242.000000 3.069879
 243.000000 3.107822
 244.000000 3.437746
 245.000000 3.329656
 246.000000 3.329602
 247.000000 3.270631
 248.000000 3.345009
 249.000000 3.337164
 250.000000 3.371324
 251.000000 3.390539
 252.000000 3.423843
 253.000000 3.376962
 254.000000 3.289769
 255.000000 3.001063
 256.000000 3.136859
 257.000000 2.644779
 258.000000 2.744412
 259.000000 2.673847
 260.000000 2.706797
 261.000000 2.689490
 262.000000 3.355972
 263.000000 3.123476
 264.000000 2.619074
 265.000000 1.253917
 266.000000 0.516822
 267.000000 2.123500
 268.000000 3.109087
 269.000000 3.365152
 270.000000 3.645413
 271.000000 3.641110
 272.000000 3.241887
 273.000000 3.547663
 274.000000 3.373666
 275.000000 2.729105
 276.000000 1.844234
 277.000000 1.751369
 278.000000 1.300229
 279.000000 2.926386
 280.000000 2.433238
 281.000000 2.987834
 282.000000 2.576330
 283.000000 2.804140
 284.000000 1.875933
 285.000000 3.286882
 286.000000 3.075853
 287.000000 3.198695
 288.000000 3.131776
 289.000000 1.716667
 290.000000 2.344777
 291.000000 3.200919
 292.000000 2.976690
 293.000000 3.195140
 294.000000 2.945658
 295.000000 2.684652
 296.000000 2.738247
 297.000000 2.975021
 298.000000 2.032875
 299.000000 1.481734
 300.000000 1.586163
 301.000000 0.609837
 302.000000 2.405032
 303.000000 2.978667
 304.000000 3.367045
 305.000000 2.693330
 306.000000 2.973181
 307.000000 3.249562
 308.000000 2.624483
 309.000000 2.662917
 310.000000 2.114348
 311.000000 1.208752
 312.000000 2.699004
 313.000000 3.113500
 314.000000 3.018037
 315.000000 2.806884
 316.000000 3.355916
 317.000000 2.531968
 318.000000 3.241536
 319.000000 2.922821
 320.000000 3.179223
 321.000000 2.569027
 322.000000 2.223126
 323.000000 2.312377
 324.000000 1.955254
 325.000000 3.122068
 326.000000 2.825828
 327.000000 2.977057
 328.000000 2.802903
 329.000000 3.266055
 330.000000 2.640116
 331.000000 3.031504
 332.000000 2.913683
 333.000000 2.241834
 334.000000 0.769980
 335.000000 2.002846
 336.000000 3.240566
 337.000000 2.973450
 338.000000 2.748688
 339.000000 2.846505
 340.000000 3.357747
 341.000000 3.357720
 342.000000 3.314267
 343.000000 3.384829
 344.000000 3.224968
 345.000000 3.128981
 346.000000 2.934636
 347.000000 3.243847
 348.000000 3.215137
 349.000000 3.103107
 350.000000 3.087180
 351.000000 2.969071
 352.000000 3.076663
 353.000000 3.180737
 354.000000 3.295828
 355.000000 2.943095
 356.000000 2.949327
 357.000000 2.935811
 358.000000 2.500744
 359.000000 2.713434
 360.000000 2.946455
 361.000000 2.943330
 362.000000 3.100334
 363.000000 3.341951
 364.000000 3.435136
 365.000000 3.456571
 366.000000 3.391599
 367.000000 3.433930
 368.000000 3.311205
 369.000000 3.460168
 370.000000 3.403692
 371.000000 3.256607
 372.000000 3.145088
 373.000000 3.210769
 374.000000 3.039347
 375.000000 2.971474
 376.000000 2.901328
 377.000000 3.100360
 378.000000 3.185633
 379.000000 3.191910
 380.000000 2.995142
 381.000000 3.096451
 382.000000 3.301656
 383.000000 3.297172
 384.000000 3.260012
 385.000000 3.064507
 386.000000 2.960453
 387.000000 3.185288
 388.000000 3.306404
 389.000000 3.423175
 390.000000 3.298925
 391.000000 3.405222
 392.000000 3.287766
 393.000000 3.409029
 394.000000 3.361344
 395.000000 3.061787
 396.000000 3.094268
 397.000000 3.107038
 398.000000 3.076044
 399.000000 3.125975
 400.000000 3.205432
 401.000000 3.255975
 402.000000 3.232545
 403.000000 3.367790
 404.000000 3.422355
 405.000000 3.414097
 406.000000 3.270155
 407.000000 3.214257
 408.000000 3.341059
 409.000000 3.271830
 410.000000 3.159654
 411.000000 3.386715
 412.000000 3.402818
 413.000000 3.132396
 414.000000 3.168198
 415.000000 3.101764
 416.000000 3.258614
 417.000000 3.234613
 418.000000 3.261454
 419.000000 3.320497
 420.000000 3.372077
 421.000000 3.037933
 422.000000 3.489653
 423.000000 3.564574
 424.000000 3.437793
 425.000000 3.555801
 426.000000 3.612358
 427.000000 3.616924
 428.000000 3.551228
 429.000000 3.054123
 430.000000 3.595405
 431.000000 3.517168
 432.000000 3.610459
 433.000000 3.625166
 434.000000 3.525957
 435.000000 3.527096
 436.000000 3.508828
 437.000000 3.497971
 438.000000 3.539613
 439.000000 3.604919
 440.000000 3.595068
 441.000000 3.437659
 442.000000 3.392732
 443.000000 2.722699
 444.000000 2.762169
 445.000000 2.944499
 446.000000 3.426738
 447.000000 3.425286
 448.000000 2.703959
 449.000000 3.278623
 450.000000 3.495012
 451.000000 3.814820
 452.000000 2.464915
 453.000000 3.064101
 454.000000 2.249533
 455.000000 3.020965
 456.000000 3.664702
 457.000000 2.763917
 458.000000 2.994484
 459.000000 3.078890
 460.000000 2.804278
 461.000000 1.590033
 462.000000 2.461206
 463.000000 3.247538
 464.000000 2.831386
 465.000000 2.489070
 466.000000 2.492868
 467.000000 1.509546
 468.000000 2.443655
 469.000000 2.618140
 470.000000 3.510063
 471.000000 3.640755
 472.000000 3.361305
 473.000000 2.920734
 474.000000 2.361806
 475.000000 2.023607
 476.000000 2.532395
 477.000000 2.035573
 478.000000 0.634278
 479.000000 1.691842
 480.000000 1.736431
 481.000000 1.062990
 482.000000 1.711340
 483.000000 2.596277
 484.000000 2.661067
 485.000000 2.045473
 486.000000 2.965083
 487.000000 2.896346
 488.000000 2.277771
 489.000000 2.221720
 490.000000 2.194648
 491.000000 0.575809
 492.000000 0.999182
 493.000000 1.846769
 494.000000 2.143784
 495.000000 2.705843
 496.000000 2.838059
 497.000000 2.964243
 498.000000 3.067022
 499.000000 3.081167
 500.000000 3.263154
 501.000000 3.272998
 502.000000 3.096921
 503.000000 2.981189
 504.000000 3.187697
 505.000000 2.394746
 506.000000 2.874639
 507.000000 2.970961
 508.000000 2.128874
 509.000000 2.690945
 510.000000 3.073216
 511.000000 2.978992
 512.000000 2.675999
 513.000000 2.786418
 514.000000 3.073902
 515.000000 3.097825
 516.000000 3.052768
 517.000000 2.130125
 518.000000 2.921375
 519.000000 2.301320
 520.000000 1.993550
 521.000000 2.623553
 522.000000 3.490377
 523.000000 2.188882
 524.000000 2.301344
 525.000000 2.267873
 526.000000 0.896998
 527.000000 1.384506
 528.000000 2.463924
 529.000000 2.611007
 530.000000 2.518479
 531.000000 2.084638
 532.000000 1.746284
 533.000000 2.598884
 534.000000 1.777531
 535.000000 2.003838
 536.000000 2.263778
 537.000000 2.959017
 538.000000 2.860563
 539.000000 2.816412
 540.000000 2.683430
 541.000000 1.445665
 542.000000 2.705190
 543.000000 2.599406
 544.000000 2.530406
 545.000000 1.342757
 546.000000 0.954446
 547.000000 1.892901
 548.000000 2.261277
 549.000000 1.841916
 550.000000 2.066608
 551.000000 2.322806
 552.000000 2.275839
 553.000000 2.488541
 554.000000 2.637345
 555.000000 2.683102
 556.000000 2.681991
 557.000000 2.389463
 558.000000 2.631918
 559.000000 2.559907
 560.000000 2.581847
 561.000000 2.635828
 562.000000 2.697437
 563.000000 2.445647
 564.000000 2.405633
 565.000000 2.483975
 566.000000 2.380980
 567.000000 2.585171
 568.000000 2.537204
 569.000000 2.327292
 570.000000 1.917425
 571.000000 1.660061
 572.000000 1.615352
 573.000000 1.081711
 574.000000 1.708051
 575.000000 1.423640
 576.000000 0.991805
 577.000000 0.808701
 578.000000 1.279303
 579.000000 2.658903
 580.000000 1.942205
 581.000000 2.601047
 582.000000 2.584375
 583.000000 2.957619
 584.000000 3.007342
 585.000000 2.182247
 586.000000 2.836551
 587.000000 3.002571
 588.000000 3.020047
 589.000000 3.165694
 590.000000 3.434147
 591.000000 2.376047
 592.000000 3.169492
 593.000000 3.236939
 594.000000 3.304945
 595.000000 3.370956
 596.000000 3.472303
 597.000000 3.502840
 598.000000 3.392244
 599.000000 3.319484
 600.000000 3.486622
 601.000000 3.551867
 602.000000 3.544117
 603.000000 3.539205
 604.000000 3.472221
 605.000000 3.265773
 606.000000 3.477972
 607.000000 3.554868
 608.000000 3.490471
 609.000000 3.395455
 610.000000 3.451722
 611.000000 3.524911
 612.000000 3.472693
 613.000000 3.573398
 614.000000 3.573007
 615.000000 3.621441
 616.000000 3.661487
 617.000000 3.605782
 618.000000 3.271536
 619.000000 3.638968
 620.000000 3.579182
 621.000000 3.588007
 622.000000 3.686191
 623.000000 3.642210
 624.000000 3.164289
 625.000000 3.605752
 626.000000 3.617196
 627.000000 3.152208
 628.000000 3.608782
 629.000000 2.971894
 630.000000 3.164458
 631.000000 2.998304
 632.000000 2.822820
 633.000000 3.068173
 634.000000 3.682666
 635.000000 3.721058
 636.000000 3.665219
 637.000000 3.156625
 638.000000 3.110387
 639.000000 3.607633
 640.000000 3.544983
 641.000000 3.131781
 642.000000 3.719959
 643.000000 3.033539
 644.000000 2.948762
 645.000000 2.909980
 646.000000 3.821302
 647.000000 3.831969
 648.000000 2.624884
 649.000000 2.638644
 650.000000 2.698923
 651.000000 2.851900
 652.000000 2.986894
 653.000000 3.574942
 654.000000 3.697600
 655.000000 3.793764
 656.000000 3.713129
 657.000000 3.727421
 658.000000 3.519860
 659.000000 3.373119
 660.000000 3.165450
 661.000000 3.094380
 662.000000 3.168509
 663.000000 3.157664
 664.000000 3.141403
 665.000000 3.251825
 666.000000 2.621426
 667.000000 2.699928
 668.000000 2.720342
 669.000000 2.783588
 670.000000 2.814548
 671.000000 2.639795
 672.000000 2.708575
 673.000000 3.096862
 674.000000 3.133588
 675.000000 3.230672
 676.000000 3.195557
 677.000000 3.178423
 678.000000 3.215287
 679.000000 3.340454
 680.000000 3.316452
 681.000000 3.243512
 682.000000 3.222735
 683.000000 3.246867
 684.000000 3.205969
 685.000000 3.135231
 686.000000 3.337642
 687.000000 3.226295
 688.000000 3.390167
 689.000000 3.285478
 690.000000 3.179457
 691.000000 2.360801
 692.000000 2.535442
 693.000000 2.318468
 694.000000 3.176675
 695.000000 2.582892
 696.000000 2.349330
 697.000000 2.627269
 698.000000 3.298152
 699.000000 3.186787
 700.000000 3.083141
 701.000000 2.999087
 702.000000 2.933470
 703.000000 2.667265
 704.000000 2.668778
 705.000000 2.211751
 706.000000 2.493843
 707.000000 2.648001
 708.000000 2.587325
 709.000000 3.071218
 710.000000 3.369909
 711.000000 2.936196
 712.000000 2.541736
 713.000000 2.975415
 714.000000 2.898927
 715.000000 3.052762
 716.000000 2.785492
 717.000000 2.793561
 718.000000 2.277113
 719.000000 1.812798
 720.000000 1.859455
 721.000000 0.189021
 722.000000 2.433048
 723.000000 2.692601
 724.000000 1.178382
 725.000000 0.425582
 726.000000 2.606869
 727.000000 2.516302
 728.000000 2.813606
 729.000000 2.434199
 730.000000 2.874140
 731.000000 2.690383
 732.000000 1.633196
 733.000000 2.222210
 734.000000 3.604291
 735.000000 3.647677
 736.000000 3.262868
 737.000000 2.781036
 738.000000 3.242121
 739.000000 2.831646
 740.000000 3.092812
 741.000000 2.421447
 742.000000 3.046878
 743.000000 2.779235
 744.000000 2.711786
 745.000000 2.359073
 746.000000 2.489622
 747.000000 2.279120
 748.000000 2.746625
 749.000000 2.682778
 750.000000 3.225124
 751.000000 2.998447
 752.000000 3.148388
 753.000000 2.963472
 754.000000 2.792812
 755.000000 2.311224
 756.000000 3.157928
 757.000000 2.058075
 758.000000 1.987565
 759.000000 2.194850
 760.000000 1.119016
 761.000000 1.799144
 762.000000 1.598881
 763.000000 1.838759
 764.000000 2.508215
 765.000000 2.731799
 766.000000 2.771089
 767.000000 3.163076
 768.000000 3.360087
 769.000000 3.026815
 770.000000 2.760409
 771.000000 2.985240
 772.000000 3.118724
 773.000000 2.797418
 774.000000 2.452980
 775.000000 2.317141
 776.000000 2.518657
 777.000000 2.775798
 778.000000 2.528489
 779.000000 2.521133
 780.000000 2.970498
 781.000000 2.677535
 782.000000 2.804353
 783.000000 2.521906
 784.000000 2.689314
 785.000000 2.940471
 786.000000 3.193713
 787.000000 2.806782
 788.000000 2.499223
 789.000000 3.152168
 790.000000 2.695505
 791.000000 2.814494
 792.000000 2.943290
 793.000000 3.461078
 794.000000 3.682990
 795.000000 3.419263
 796.000000 3.156020
 797.000000 3.486316
 798.000000 3.380723
 799.000000 2.811921
 800.000000 2.559650
 801.000000 1.923223
 802.000000 1.700363
 803.000000 2.643229
 804.000000 2.560284
 805.000000 2.387953
 806.000000 1.998197
 807.000000 1.387409
 808.000000 1.111450
 809.000000 1.993865
 810.000000 1.786494
 811.000000 2.294476
 812.000000 2.556062
 813.000000 2.587825
 814.000000 2.885759
 815.000000 2.600830
 816.000000 3.092717
 817.000000 3.464177
 818.000000 3.362198
 819.000000 3.513047
 820.000000 3.120810
 821.000000 3.009411
 822.000000 2.875055
 823.000000 3.048988
 824.000000 2.838068
 825.000000 2.364242
 826.000000 2.703351
 827.000000 2.719082
 828.000000 2.436816
 829.000000 2.879454
 830.000000 2.925766
 831.000000 2.952560
 832.000000 2.780039
 833.000000 2.902533
 834.000000 2.878123
 835.000000 3.024083
 836.000000 3.024309
 837.000000 2.885142
 838.000000 3.082995
 839.000000 2.854211
 840.000000 2.991860
 841.000000 3.309411
 842.000000 1.992060
 843.000000 2.510927
 844.000000 3.150745
 845.000000 3.081729
 846.000000 3.022207
 847.000000 3.013952
 848.000000 2.722090
 849.000000 3.326240
 850.000000 3.409272
 851.000000 2.971038
 852.000000 3.216821
 853.000000 2.766456
 854.000000 2.843158
 855.000000 3.815748
 856.000000 3.073809
 857.000000 2.872598
 858.000000 3.469716
 859.000000 2.872719
 860.000000 2.399758
 861.000000 2.534785
 862.000000 2.252535
 863.000000 2.594308
 864.000000 2.866585
 865.000000 3.152873
 866.000000 2.964506
 867.000000 3.370004
 868.000000 2.935373
 869.000000 2.709453
 870.000000 3.134318
 871.000000 2.876937
 872.000000 2.720617
 873.000000 3.277128
 874.000000 3.108186
 875.000000 3.229690
 876.000000 3.067377
 877.000000 2.758370
 878.000000 2.125807
 879.000000 3.229381
 880.000000 2.763416
 881.000000 3.573051
 882.000000 2.922502
 883.000000 3.157544
 884.000000 2.787868
 885.000000 3.188457
 886.000000 2.821916
 887.000000 3.285676
 888.000000 2.549733
 889.000000 2.824832
 890.000000 2.759720
 891.000000 2.911897
 892.000000 3.164908
 893.000000 3.099553
 894.000000 3.033063
 895.000000 2.869873
 896.000000 2.698721
 897.000000 2.955021
 898.000000 2.961130
 899.000000 2.796896
 900.000000 2.605701
 901.000000 2.549434
 902.000000 2.673208
 903.000000 3.307678
 904.000000 3.134018
 905.000000 3.058097
 906.000000 2.481413
 907.000000 1.241392
 908.000000 0.244782
 909.000000 0.185434
 910.000000 0.174937
 911.000000 0.189326
 912.000000 0.276243
 913.000000 0.261994
 914.000000 0.237392
 915.000000 0.200893
 916.000000 0.195438
 917.000000 0.247026
 918.000000 0.195512
 919.000000 0.240156
 920.000000 0.474644
 921.000000 0.739947
 922.000000 0.766114
 923.000000 1.281938
 924.000000 1.465790
 925.000000 0.857006
 926.000000 1.243615
 927.000000 1.166408
 928.000000 0.940813
 929.000000 1.139402
 930.000000 1.384474
 931.000000 1.276753
 932.000000 1.108104
 933.000000 1.055437
 934.000000 1.436426
 935.000000 0.858656
 936.000000 0.674685
 937.000000 0.478758
 938.000000 0.955077
 939.000000 1.096082
 940.000000 1.020391
 941.000000 0.798526
 942.000000 0.558821
 943.000000 0.596700
 944.000000 0.266467
 945.000000 0.286574
 946.000000 0.235937
 947.000000 0.302498
 948.000000 0.339316
 949.000000 0.302702
 950.000000 0.366289
 951.000000 0.274236
 952.000000 0.544408
 953.000000 0.691961
 954.000000 1.030318
 955.000000 0.857740
 956.000000 0.987265
 957.000000 0.958367
 958.000000 0.592235
 959.000000 0.939220
 960.000000 0.964894
 961.000000 0.868772
 962.000000 1.249539
 963.000000 1.117689
 964.000000 0.354193
 965.000000 1.048761
 966.000000 0.972793
 967.000000 1.026703
 968.000000 0.695305
 969.000000 0.615802
 970.000000 0.716160
 971.000000 0.796204
 972.000000 0.731349
 973.000000 0.707079
 974.000000 0.790344
 975.000000 0.743884
 976.000000 0.742470
 977.000000 0.860848
 978.000000 2.109262
 979.000000 2.248118
 980.000000 2.657603
 981.000000 1.887589
 982.000000 3.073566
 983.000000 2.744047
 984.000000 2.388642
 985.000000 3.334855
 986.000000 2.873153
 987.000000 3.299125
 988.000000 3.184634
 989.000000 2.855010
 990.000000 2.380592
 991.000000 2.269586
 992.000000 2.993165
 993.000000 3.041186
 994.000000 2.961117
 995.000000 2.406510
 996.000000 2.722636
 997.000000 2.563745
 998.000000 0.446518
 999.000000 1.107668
 1000.000000 0.784341
 1001.000000 0.207620
 1002.000000 0.270264
 1003.000000 0.507228
 1004.000000 0.699531
 1005.000000 0.478234
 1006.000000 0.627579
 1007.000000 0.688677
 1008.000000 0.650764
 1009.000000 1.522184
 1010.000000 1.191068
 1011.000000 0.681633
 1012.000000 1.601445
 1013.000000 1.515635
 1014.000000 1.566032
 1015.000000 1.823579
 1016.000000 1.618586
 1017.000000 1.616428
 1018.000000 1.681664
 1019.000000 1.288269
 1020.000000 1.090088
 1021.000000 1.117846
 1022.000000 1.237829
 1023.000000 1.217592
 1024.000000 1.236466
 1025.000000 1.312635
 1026.000000 1.288393
 1027.000000 1.461388
 1028.000000 1.595508
 1029.000000 1.551859
 1030.000000 1.462778
 1031.000000 1.741558
 1032.000000 1.664203
 1033.000000 1.896311
 1034.000000 1.829185
 1035.000000 1.946153
 1036.000000 1.934162
 1037.000000 1.935893
 1038.000000 1.928860
 1039.000000 2.190074
 1040.000000 1.369023
 1041.000000 2.587248
 1042.000000 2.705214
 1043.000000 3.085569
 1044.000000 2.781338
 1045.000000 3.174635
 1046.000000 3.252042
 1047.000000 3.045432
 1048.000000 3.055110
 1049.000000 3.410345
 1050.000000 3.475510
 1051.000000 3.446951
 1052.000000 3.334613
 1053.000000 3.085649
 1054.000000 3.257937
 1055.000000 2.906514
 1056.000000 2.263932
 1057.000000 2.376275
 1058.000000 3.131897
 1059.000000 3.030979
 1060.000000 2.648863
 1061.000000 2.945603
 1062.000000 3.026578
 1063.000000 2.956697
 1064.000000 3.555000
 1065.000000 3.322017
 1066.000000 3.011882
 1067.000000 2.623421
 1068.000000 2.875685
 1069.000000 2.992862
 1070.000000 2.901283
 1071.000000 2.932451
 1072.000000 2.237332
 1073.000000 2.469161
 1074.000000 1.090403
 1075.000000 1.835932
 1076.000000 0.933357
 1077.000000 1.993175
 1078.000000 2.901144
 1079.000000 2.880806
 1080.000000 2.787386
 1081.000000 1.273181
 1082.000000 1.078553
 1083.000000 1.583747
 1084.000000 2.453010
 1085.000000 1.387763
 1086.000000 2.642595
 1087.000000 2.528002
 1088.000000 2.922125
 1089.000000 3.399906
 1090.000000 3.292294
 1091.000000 3.094291
 1092.000000 2.594947
 1093.000000 3.004810
 1094.000000 2.727652
 1095.000000 2.859105
 1096.000000 2.828383
 1097.000000 3.436077
 1098.000000 2.984726
 1099.000000 2.704195
 1100.000000 2.665229
 1101.000000 2.606243
 1102.000000 2.567305
 1103.000000 2.271546
 1104.000000 2.372263
 1105.000000 2.622845
 1106.000000 2.779119
 1107.000000 2.671286
 1108.000000 2.325759
 1109.000000 2.189678
 1110.000000 2.169597
 1111.000000 2.066527
 1112.000000 2.001602
 1113.000000 2.154068
 1114.000000 2.303353
 1115.000000 2.186085
 1116.000000 2.149970
 1117.000000 1.904771
 1118.000000 2.190463
 1119.000000 2.299700
 1120.000000 2.104997
 1121.000000 2.004817
 1122.000000 2.008143
 1123.000000 2.248735
 1124.000000 2.311427
 1125.000000 2.180972
 1126.000000 2.107687
 1127.000000 1.963063
 1128.000000 2.144302
 1129.000000 2.182321
 1130.000000 2.172612
 1131.000000 2.247357
 1132.000000 2.190649
 1133.000000 2.181759
 1134.000000 2.199801
 1135.000000 2.216104
 1136.000000 2.271195
 1137.000000 2.137649
 1138.000000 2.256401
 1139.000000 2.304402
 1140.000000 2.421851
 1141.000000 2.288940
 1142.000000 2.253801
 1143.000000 2.286017
 1144.000000 2.485643
 1145.000000 2.379847
 1146.000000 2.436033
 1147.000000 2.464696
 1148.000000 2.165551
 1149.000000 2.090270
 1150.000000 2.342048
 1151.000000 2.552843
 1152.000000 2.538259
 1153.000000 2.375087
 1154.000000 2.388627
 1155.000000 2.380738
 1156.000000 2.456404
 1157.000000 2.321292
 1158.000000 2.389890
 1159.000000 2.333336
 1160.000000 2.351814
 1161.000000 2.329124
 1162.000000 2.339110
 1163.000000 2.367427
 1164.000000 2.418099
 1165.000000 2.556209
 1166.000000 2.409100
 1167.000000 2.462122
 1168.000000 2.469290
 1169.000000 2.529423
 1170.000000 2.426055
 1171.000000 2.521616
 1172.000000 2.543999
 1173.000000 2.427339
 1174.000000 2.470091
 1175.000000 2.429457
 1176.000000 2.335650
 1177.000000 2.462427
 1178.000000 2.333595
 1179.000000 2.336846
 1180.000000 2.167991
 1181.000000 2.351904
 1182.000000 2.393280
 1183.000000 2.587005
 1184.000000 2.458516
 1185.000000 2.501589
 1186.000000 2.382961
 1187.000000 2.410049
 1188.000000 2.381836
 1189.000000 2.383094
 1190.000000 2.440299
 1191.000000 2.431806
 1192.000000 2.484914
 1193.000000 2.529387
 1194.000000 2.503989
 1195.000000 2.408614
 1196.000000 2.314556
 1197.000000 2.445783
 1198.000000 2.468766
 1199.000000 2.309562
 1200.000000 2.413590
 1201.000000 2.496770
 1202.000000 2.371417
 1203.000000 2.425118
 1204.000000 2.338116
 1205.000000 2.484882
 1206.000000 2.431726
 1207.000000 2.400122
 1208.000000 2.331454
 1209.000000 2.422017
 1210.000000 2.442333
 1211.000000 2.542708
 1212.000000 2.477255
 1213.000000 2.477058
 1214.000000 2.570004
 1215.000000 2.773339
 1216.000000 2.652496
 1217.000000 2.425540
 1218.000000 2.499939
 1219.000000 2.381942
 1220.000000 2.400446
 1221.000000 2.165711
 1222.000000 2.307420
 1223.000000 2.232724
 1224.000000 2.564815
 1225.000000 2.460174
 1226.000000 2.616235
 1227.000000 2.478503
 1228.000000 2.679038
 1229.000000 2.512960
 1230.000000 2.672503
 1231.000000 2.345950
 1232.000000 2.317628
 1233.000000 2.481952
 1234.000000 2.809014
 1235.000000 2.782109
 1236.000000 2.757612
 1237.000000 2.774805
 1238.000000 2.773953
 1239.000000 2.621062
 1240.000000 2.456471
 1241.000000 2.539656
 1242.000000 2.456553
 1243.000000 2.596765
 1244.000000 2.538417
 1245.000000 2.708637
 1246.000000 2.664190
 1247.000000 2.617013
 1248.000000 2.563363
 1249.000000 2.353087
 1250.000000 2.120787
 1251.000000 2.052494
 1252.000000 1.896760
 1253.000000 1.885833
 1254.000000 2.034788
 1255.000000 1.851290
 1256.000000 1.926270
 1257.000000 2.304234
 1258.000000 2.552997
 1259.000000 2.595954
 1260.000000 2.731005
 1261.000000 2.754155
 1262.000000 2.867883
 1263.000000 2.852197
 1264.000000 2.743317
 1265.000000 2.816033
 1266.000000 2.648526
 1267.000000 2.635357
 1268.000000 2.686815
 1269.000000 2.604040
 1270.000000 2.528242
 1271.000000 2.658432
 1272.000000 2.629737
 1273.000000 2.578242
 1274.000000 2.793487
 1275.000000 2.795101
 1276.000000 2.693134
 1277.000000 2.755271
 1278.000000 2.713876
 1279.000000 2.504432
 1280.000000 2.318200
 1281.000000 2.056829
 1282.000000 2.351509
 1283.000000 2.371118
 1284.000000 2.198676
 1285.000000 2.316032
 1286.000000 2.287261
 1287.000000 2.362597
 1288.000000 2.106080
 1289.000000 2.190810
 1290.000000 1.791799
 1291.000000 2.030931
 1292.000000 2.234555
 1293.000000 2.015572
 1294.000000 2.138487
 1295.000000 1.917980
 1296.000000 1.636933
 1297.000000 1.883429
 1298.000000 1.821797
 1299.000000 2.005017
 1300.000000 2.101711
 1301.000000 1.770703
 1302.000000 1.784235
 1303.000000 1.661959
 1304.000000 1.784114
 1305.000000 1.874977
 1306.000000 1.901948
 1307.000000 1.984850
 1308.000000 1.840376
 1309.000000 1.782173
 1310.000000 1.875840
 1311.000000 1.926708
 1312.000000 1.762105
 1313.000000 1.688518
 1314.000000 1.702037
 1315.000000 1.670585
 1316.000000 1.697870
 1317.000000 1.764305
 1318.000000 1.831524
 1319.000000 1.753500
 1320.000000 1.842792
 1321.000000 1.794542
 1322.000000 1.866816
 1323.000000 1.875901
 1324.000000 1.819762
 1325.000000 1.646501
 1326.000000 1.718961
 1327.000000 1.832493
 1328.000000 1.756684
 1329.000000 1.892616
 1330.000000 1.798175
 1331.000000 1.770836
 1332.000000 1.925023
 1333.000000 1.965918
 1334.000000 2.016346
 1335.000000 1.817064
 1336.000000 1.713647
 1337.000000 1.888168
 1338.000000 2.191699
 1339.000000 2.105214
 1340.000000 1.760281
 1341.000000 1.559645
 1342.000000 1.567427
 1343.000000 1.547694
 1344.000000 2.278160
 1345.000000 2.104924
 1346.000000 2.339292
 1347.000000 2.463753
 1348.000000 2.546976
 1349.000000 2.427427
 1350.000000 2.530264
 1351.000000 2.438315
 1352.000000 2.697443
 1353.000000 2.500870
 1354.000000 2.633700
 1355.000000 2.614602
 1356.000000 2.820815
 1357.000000 2.990577
 1358.000000 2.999550
 1359.000000 2.972470
 1360.000000 2.939766
 1361.000000 2.853125
 1362.000000 2.906611
 1363.000000 2.890756
 1364.000000 2.881069
 1365.000000 3.046893
 1366.000000 3.058007
 1367.000000 2.991467
 1368.000000 3.034358
 1369.000000 3.069463
 1370.000000 3.024398
 1371.000000 2.913674
 1372.000000 2.800416
 1373.000000 2.709753
 1374.000000 2.535469
 1375.000000 2.989660
 1376.000000 2.697027
 1377.000000 2.642118
 1378.000000 2.843969
 1379.000000 2.699714
 1380.000000 2.766262
 1381.000000 2.630056
 1382.000000 2.683928
 1383.000000 2.992063
 1384.000000 2.953730
 1385.000000 2.710668
 1386.000000 2.705463
 1387.000000 2.835789
 1388.000000 2.919287
 1389.000000 2.848607
 1390.000000 2.879290
 1391.000000 2.826484
 1392.000000 3.075444
 1393.000000 3.059927
 1394.000000 2.926521
 1395.000000 2.948208
 1396.000000 2.838237
 1397.000000 2.787832
 1398.000000 2.602365
 1399.000000 2.451013
 1400.000000 2.796472
 1401.000000 2.610993
 1402.000000 2.665757
 1403.000000 2.583426
 1404.000000 2.471946
 1405.000000 2.401562
 1406.000000 2.623429
 1407.000000 2.314897
 1408.000000 1.852418
 1409.000000 2.159168
 1410.000000 1.875316
 1411.000000 1.954888
 1412.000000 2.062135
 1413.000000 1.850575
 1414.000000 2.003842
 1415.000000 1.949670
 1416.000000 1.942890
 1417.000000 1.944031
 1418.000000 2.103281
 1419.000000 2.272629
 1420.000000 2.111532
 1421.000000 2.116999
 1422.000000 2.045959
 1423.000000 2.144747
 1424.000000 2.280094
 1425.000000 2.345515
 1426.000000 1.951117
 1427.000000 2.045945
 1428.000000 1.948138
 1429.000000 2.249296
 1430.000000 1.829434
 1431.000000 2.098364
 1432.000000 2.276995
 1433.000000 2.399824
 1434.000000 2.144066
 1435.000000 2.213945
 1436.000000 1.939153
 1437.000000 1.998224
 1438.000000 2.075405
 1439.000000 2.049621
 1440.000000 1.956908
 1441.000000 1.834153
 1442.000000 1.784168
 1443.000000 1.939296
 1444.000000 1.891912
 1445.000000 2.014760
 1446.000000 2.284692
 1447.000000 2.151237
 1448.000000 2.055986
 1449.000000 2.059837
 1450.000000 2.327467
 1451.000000 1.913014
 1452.000000 2.169943
 1453.000000 1.985511
 1454.000000 2.164418
 1455.000000 2.259961
 1456.000000 2.670320
 1457.000000 2.503422
 1458.000000 2.410091
 1459.000000 2.550796
 1460.000000 2.517856
 1461.000000 2.658407
 1462.000000 2.733692
 1463.000000 2.650332
 1464.000000 2.417732
 1465.000000 2.551892
 1466.000000 2.614794
 1467.000000 2.594590
 1468.000000 2.559288
 1469.000000 2.256966
 1470.000000 2.062710
 1471.000000 2.191558
 1472.000000 2.181827
 1473.000000 2.264105
 1474.000000 2.274224
 1475.000000 2.216512
 1476.000000 2.027267
 1477.000000 2.214145
 1478.000000 2.230960
 1479.000000 2.147461
 1480.000000 2.207911
 1481.000000 2.069208
 1482.000000 2.100224
 1483.000000 2.142089
 1484.000000 1.987637
 1485.000000 2.040566
 1486.000000 2.079252
 1487.000000 2.250360
 1488.000000 2.080889
 1489.000000 1.964179
 1490.000000 2.100840
 1491.000000 2.148808
 1492.000000 2.221726
 1493.000000 2.153046
 1494.000000 2.166367
 1495.000000 2.507252
 1496.000000 2.152103
 1497.000000 2.082173
 1498.000000 2.042469
 1499.000000 2.277838
 1500.000000 2.492231
 1501.000000 2.298310
 1502.000000 2.419087
 1503.000000 2.566197
 1504.000000 2.514868
 1505.000000 2.592954
 1506.000000 2.518756
 1507.000000 2.486628
 1508.000000 2.443764
 1509.000000 2.468159
 1510.000000 2.415413
 1511.000000 2.332953
 1512.000000 2.410443
 1513.000000 2.365088
 1514.000000 2.376306
 1515.000000 2.347338
 1516.000000 2.376109
 1517.000000 2.364674
 1518.000000 2.403671
 1519.000000 2.424496
 1520.000000 2.423643
 1521.000000 2.571521
 1522.000000 2.377476
 1523.000000 2.183331
 1524.000000 2.226901
 1525.000000 2.264759
 1526.000000 1.939912
 1527.000000 2.049795
 1528.000000 2.305529
 1529.000000 2.390707
 1530.000000 2.522403
 1531.000000 2.503487
 1532.000000 2.589234
 1533.000000 2.779606
 1534.000000 2.869841
 1535.000000 2.697479
 1536.000000 2.833428
 1537.000000 2.745934
 1538.000000 2.790101
 1539.000000 2.819404
 1540.000000 2.823494
 1541.000000 2.790466
 1542.000000 2.858781
 1543.000000 3.000151
 1544.000000 3.084851
 1545.000000 3.121612
 1546.000000 3.220278
 1547.000000 3.103348
 1548.000000 3.109529
 1549.000000 3.088401
 1550.000000 3.129491
 1551.000000 3.259989
 1552.000000 3.191940
 1553.000000 3.210047
 1554.000000 3.191100
 1555.000000 3.213418
 1556.000000 3.140569
 1557.000000 3.137556
 1558.000000 3.039776
 1559.000000 3.095101
 1560.000000 2.849893
 1561.000000 2.705787
 1562.000000 2.882953
 1563.000000 2.821064
 1564.000000 2.535307
 1565.000000 2.641776
 1566.000000 2.701106
 1567.000000 2.717993
 1568.000000 2.538471
 1569.000000 2.769860
 1570.000000 2.831622
 1571.000000 2.846769
 1572.000000 2.849529
 1573.000000 2.726613
 1574.000000 2.853218
 1575.000000 2.840655
 1576.000000 2.868764
 1577.000000 2.536438
 1578.000000 2.447875
 1579.000000 2.479991
 1580.000000 2.480321
 1581.000000 2.482271
 1582.000000 2.426131
 1583.000000 2.004557
 1584.000000 2.535046
 1585.000000 2.657917
 1586.000000 2.676345
 1587.000000 2.834029
 1588.000000 2.664293
 1589.000000 2.792001
 1590.000000 2.811516
 1591.000000 2.955565
 1592.000000 2.983016
 1593.000000 3.084520
 1594.000000 3.062540
 1595.000000 3.022102
 1596.000000 2.820514
 1597.000000 2.671459
 1598.000000 2.478995
 1599.000000 1.922555
 1600.000000 1.978701
 1601.000000 2.403437
 1602.000000 2.091536
 1603.000000 1.921983
 1604.000000 1.867313
 1605.000000 1.782088
 1606.000000 1.852175
 1607.000000 1.776398
 1608.000000 1.818987
 1609.000000 2.070826
 1610.000000 2.019535
 1611.000000 2.139324
 1612.000000 1.809996
 1613.000000 1.445282
 1614.000000 1.547163
 1615.000000 1.905678
 1616.000000 1.940781
 1617.000000 2.127052
 1618.000000 1.939445
 1619.000000 1.882805
 1620.000000 1.866643
 1621.000000 1.944043
 1622.000000 2.000226
 1623.000000 2.028998
 1624.000000 1.947453
 1625.000000 2.185381
 1626.000000 2.191008
 1627.000000 2.163328
 1628.000000 2.226822
 1629.000000 2.097393
 1630.000000 2.317062
 1631.000000 2.181707
 1632.000000 2.172039
 1633.000000 2.194742
 1634.000000 2.195547
 1635.000000 2.104652
 1636.000000 1.919212
 1637.000000 1.775932
 1638.000000 1.816348
 1639.000000 1.727289
 1640.000000 1.892715
 1641.000000 1.912536
 1642.000000 1.647818
 1643.000000 1.637230
 1644.000000 2.095902
 1645.000000 2.015545
 1646.000000 2.172888
 1647.000000 2.260712
 1648.000000 2.197700
 1649.000000 2.227435
 1650.000000 2.381454
 1651.000000 2.288067
 1652.000000 1.947609
 1653.000000 1.832954
 1654.000000 2.305833
 1655.000000 2.019405
 1656.000000 2.376804
 1657.000000 2.698674
 1658.000000 2.365528
 1659.000000 2.459768
 1660.000000 2.515764
 1661.000000 2.586991
 1662.000000 2.393999
 1663.000000 2.253001
 1664.000000 2.180109
 1665.000000 1.987807
 1666.000000 1.875907
 1667.000000 1.492362
 1668.000000 1.844825
 1669.000000 1.728113
 1670.000000 1.422545
 1671.000000 1.049433
 1672.000000 1.054423
 1673.000000 1.336248
 1674.000000 0.987175
 1675.000000 0.739110
 1676.000000 0.675114
 1677.000000 0.605073
 1678.000000 1.015338
 1679.000000 1.921206
 1680.000000 2.197857
 1681.000000 2.588649
 1682.000000 2.658698
 1683.000000 2.601025
 1684.000000 2.269181
 1685.000000 1.477971
 1686.000000 1.190025
 1687.000000 1.254203
 1688.000000 1.355504
 1689.000000 1.784090
 1690.000000 3.281927
 1691.000000 3.092721
 1692.000000 2.800330
 1693.000000 3.275438
 1694.000000 3.152147
 1695.000000 2.856445
 1696.000000 2.575190
 1697.000000 2.385372
 1698.000000 2.250942
 1699.000000 0.601396
 1700.000000 1.321102
 1701.000000 1.262206
 1702.000000 2.735970
 1703.000000 3.032038
 1704.000000 3.692975
 1705.000000 3.663673
 1706.000000 2.664139
 1707.000000 1.976450
 1708.000000 1.580419
 1709.000000 2.856000
 1710.000000 2.485526
 1711.000000 2.821754
 1712.000000 2.923818
 1713.000000 2.700822
 1714.000000 2.639064
 1715.000000 3.340245
 1716.000000 3.035661
 1717.000000 3.380056
 1718.000000 3.051156
 1719.000000 3.138649
 1720.000000 3.457315
 1721.000000 3.274332
 1722.000000 3.237820
 1723.000000 2.899230
 1724.000000 2.499593
 1725.000000 1.187135
 1726.000000 1.183254
 1727.000000 0.969554
 1728.000000 1.056434
 1729.000000 1.162020
 1730.000000 0.743609
 1731.000000 0.717064
 1732.000000 0.634661
 1733.000000 0.616273
 1734.000000 0.630320
 1735.000000 0.831640
 1736.000000 1.085606
 1737.000000 0.959905
 1738.000000 1.361764
 1739.000000 1.624892
 1740.000000 1.526731
 1741.000000 1.295291
 1742.000000 2.878202
 1743.000000 1.203807
 1744.000000 2.552556
 1745.000000 1.780115
 1746.000000 0.862995
 1747.000000 1.839106
 1748.000000 2.673877
 1749.000000 2.073938
 1750.000000 1.375476
 1751.000000 1.955561
 1752.000000 2.318468
 1753.000000 2.411562
 1754.000000 2.230908
 1755.000000 2.226081
 1756.000000 2.088565
 1757.000000 1.004972
 1758.000000 1.101714
 1759.000000 1.211388
 1760.000000 0.930574
 1761.000000 1.149379
 1762.000000 0.925658
 1763.000000 0.861584
 1764.000000 0.819850
 1765.000000 1.183731
 1766.000000 1.343391
 1767.000000 0.364519
 1768.000000 0.615174
 1769.000000 0.370127
 1770.000000 2.816270
 1771.000000 3.570977
 1772.000000 3.564430
 1773.000000 3.168121
 1774.000000 2.619780
 1775.000000 2.475189
 1776.000000 2.900958
 1777.000000 2.651388
 1778.000000 2.948814
 1779.000000 2.528413
 1780.000000 2.460028
 1781.000000 2.339245
 1782.000000 2.977649
 1783.000000 2.404248
 1784.000000 3.298217
 1785.000000 2.046978
 1786.000000 1.477164
 1787.000000 0.667954
 1788.000000 2.307036
 1789.000000 3.323949
 1790.000000 3.024000
 1791.000000 3.301841
 1792.000000 3.054762
 1793.000000 3.353086
 1794.000000 3.245403
 1795.000000 3.223969
 1796.000000 3.219634
 1797.000000 3.098344
 1798.000000 2.767966
 1799.000000 2.581327
 1800.000000 2.680759
 1801.000000 2.427955
 1802.000000 3.021343
 1803.000000 2.887900
 1804.000000 2.343835
 1805.000000 2.148619
 1806.000000 1.784548
 1807.000000 1.810358
 1808.000000 1.845539
 1809.000000 1.986147
 1810.000000 1.881248
 1811.000000 1.799553
 1812.000000 1.867840
 1813.000000 1.819655
 1814.000000 1.788319
 1815.000000 1.522395
 1816.000000 1.508946
 1817.000000 1.851228
 1818.000000 1.762058
 1819.000000 1.848616
 1820.000000 1.747107
 1821.000000 1.993188
 1822.000000 2.065818
 1823.000000 1.951873
 1824.000000 1.892035
 1825.000000 1.587684
 1826.000000 1.309474
 1827.000000 1.134319
 1828.000000 1.354570
 1829.000000 1.210059
 1830.000000 0.961448
 1831.000000 1.503529
 1832.000000 3.024151
 1833.000000 2.903808
 1834.000000 2.544996
 1835.000000 2.422597
 1836.000000 1.456720
 1837.000000 2.390249
 1838.000000 2.470785
 1839.000000 2.903336
 1840.000000 2.894645
 1841.000000 2.813987
 1842.000000 2.918556
 1843.000000 2.897869
 1844.000000 2.920589
 1845.000000 2.862667
 1846.000000 2.835489
 1847.000000 2.893730
 1848.000000 2.864747
 1849.000000 2.990234
 1850.000000 2.969866
 1851.000000 2.887040
 1852.000000 2.893845
 1853.000000 2.961187
 1854.000000 2.802314
 1855.000000 2.832238
 1856.000000 2.671489
 1857.000000 2.706618
 1858.000000 1.946949
 1859.000000 2.517657
 1860.000000 2.846085
 1861.000000 3.157922
 1862.000000 2.966050
 1863.000000 3.083210
 1864.000000 2.270999
 1865.000000 3.118500
 1866.000000 2.561867
 1867.000000 2.381979
 1868.000000 2.325660
 1869.000000 1.988885
 1870.000000 2.466422
 1871.000000 3.086879
 1872.000000 2.708626
 1873.000000 3.071897
 1874.000000 3.202395
 1875.000000 3.086588
 1876.000000 2.823085
 1877.000000 2.770355
 1878.000000 2.758211
 1879.000000 2.703468
 1880.000000 2.899240
 1881.000000 2.901879
 1882.000000 2.999000
 1883.000000 3.079853
 1884.000000 3.082899
 1885.000000 2.901857
 1886.000000 2.899211
 1887.000000 3.030581
 1888.000000 2.999795
 1889.000000 2.805703
 1890.000000 3.065889
 1891.000000 3.400887
 1892.000000 2.837419
 1893.000000 2.804478
 1894.000000 3.101673
 1895.000000 3.278672
 1896.000000 3.327010
 1897.000000 3.379670
 1898.000000 3.586209
 1899.000000 3.225995
 1900.000000 3.009839
 1901.000000 2.958839
 1902.000000 2.928045
 1903.000000 2.790499
 1904.000000 1.151992
 1905.000000 1.805348
 1906.000000 2.109504
 1907.000000 3.189169
 1908.000000 3.099840
 1909.000000 2.504231
 1910.000000 2.978068
 1911.000000 2.375517
 1912.000000 3.043616
 1913.000000 2.940029
 1914.000000 3.020001
 1915.000000 2.376942
 1916.000000 2.697595
 1917.000000 2.530536
 1918.000000 3.241337
 1919.000000 2.395258
 1920.000000 0.577188
 1921.000000 0.763044
 1922.000000 0.560291
 1923.000000 0.735466
 1924.000000 1.130006
 1925.000000 1.451596
 1926.000000 1.904900
 1927.000000 1.732229
 1928.000000 1.736369
 1929.000000 1.073834
 1930.000000 1.470442
 1931.000000 1.223672
 1932.000000 1.554169
 1933.000000 2.031119
 1934.000000 1.952890
 1935.000000 1.872510
 1936.000000 1.841298
 1937.000000 1.692057
 1938.000000 1.834784
 1939.000000 2.194215
 1940.000000 2.002378
 1941.000000 2.094347
 1942.000000 2.233893
 1943.000000 2.397111
 1944.000000 2.291137
 1945.000000 1.972963
 1946.000000 2.327749
 1947.000000 2.366413
 1948.000000 2.339955
 1949.000000 2.453814
 1950.000000 2.580700
 1951.000000 2.450287
 1952.000000 2.616941
 1953.000000 2.442830
 1954.000000 2.293130
 1955.000000 2.208563
 1956.000000 2.234804
 1957.000000 2.280275
 1958.000000 2.278103
 1959.000000 2.002879
 1960.000000 2.082216
 1961.000000 2.083649
 1962.000000 1.943111
 1963.000000 2.247363
 1964.000000 1.914660
 1965.000000 2.778292
 1966.000000 2.620403
 1967.000000 1.202474
 1968.000000 2.317909
 1969.000000 2.765397
 1970.000000 2.217517
 1971.000000 1.800479
 1972.000000 2.117524
 1973.000000 1.760810
 1974.000000 1.226837
 1975.000000 0.653184
 1976.000000 0.829212
 1977.000000 0.208473
 1978.000000 0.458878
 1979.000000 1.858089
 1980.000000 1.521666
 1981.000000 2.752243
 1982.000000 2.829421
 1983.000000 3.322492
 1984.000000 3.040551
 1985.000000 2.845308
 1986.000000 2.276377
 1987.000000 3.038030
 1988.000000 2.820030
 1989.000000 2.626223
 1990.000000 2.595254
 1991.000000 2.554647
 1992.000000 2.680388
 1993.000000 2.789882
 1994.000000 3.083705
 1995.000000 1.612505
 1996.000000 0.194466
 1997.000000 2.776812
 1998.000000 2.207482
 1999.000000 2.094068
 2000.000000 2.398020
 2001.000000 1.826184
 2002.000000 1.847162
 2003.000000 2.032694
 2004.000000 1.335919
 2005.000000 1.931637
 2006.000000 2.303888
 2007.000000 2.481469
 2008.000000 1.177223
 2009.000000 2.350080
 2010.000000 2.188276
 2011.000000 1.949364
 2012.000000 1.937473
 2013.000000 1.573764
 2014.000000 1.846671
 2015.000000 2.576948
 2016.000000 1.322088
 2017.000000 2.320319
 2018.000000 2.861850
 2019.000000 3.313481
 2020.000000 3.081153
 2021.000000 3.213289
 2022.000000 3.169637
 2023.000000 3.196017
 2024.000000 3.077604
