#! FIELDS time r33.min
 0.000000 2.298182
 1.000000 2.405143
 2.000000 2.618181
 3.000000 3.101878
 4.000000 2.484719
 5.000000 2.141758
 6.000000 1.798109
 7.000000 1.550632
 8.000000 1.907705
 9.000000 3.203738
 10.000000 2.043830
 11.000000 2.578180
 12.000000 3.736017
 13.000000 3.669522
 14.000000 3.004075
 15.000000 2.946854
 16.000000 3.101705
 17.000000 3.079763
 18.000000 2.890266
 19.000000 2.929012
 20.000000 2.373463
 21.000000 2.398171
 22.000000 2.726051
 23.000000 2.549995
 24.000000 3.719246
 25.000000 2.045317
 26.000000 1.571645
 27.000000 1.621681
 28.000000 0.920832
 29.000000 1.276125
 30.000000 2.278738
 31.000000 2.748718
 32.000000 3.563242
 33.000000 3.624046
 34.000000 1.954348
 35.000000 2.786282
 36.000000 3.348300
 37.000000 3.158175
 38.000000 4.158989
 39.000000 3.626187
 40.000000 3.647822
 41.000000 3.906209
 42.000000 4.510958
 43.000000 3.317860
 44.000000 1.529639
 45.000000 1.134806
 46.000000 1.134671
 47.000000 1.741770
 48.000000 1.745369
 49.000000 1.985323
 50.000000 1.305537
 51.000000 1.946581
 52.000000 1.821453
 53.000000 2.219871
 54.000000 1.945019
 55.000000 1.928638
 56.000000 1.749196
 57.000000 1.822219
 58.000000 1.747492
 59.000000 1.718418
 60.000000 1.954501
 61.000000 1.876681
 62.000000 1.843251
 63.000000 2.464049
 64.000000 2.456159
 65.000000 2.526134
 66.000000 3.193829
 67.000000 3.904398
 68.000000 3.407516
 69.000000 3.739153
 70.000000 3.879143
 71.000000 3.715112
 72.000000 3.988071
 73.000000 4.374144
 74.000000 4.102762
 75.000000 3.161484
 76.000000 4.089226
 77.000000 3.856344
 78.000000 3.362632
 79.000000 3.051275
 80.000000 3.034473
 81.000000 3.073475
 82.000000 2.628813
 83.000000 3.093705
 84.000000 3.698702
 85.000000 3.574771
 86.000000 3.573290
 87.000000 3.363885
 88.000000 3.838728
 89.000000 3.986856
 90.000000 4.056057
 91.000000 4.142258
 92.000000 3.928495
 93.000000 3.937429
 94.000000 4.018039
 95.000000 4.331546
 96.000000 4.011905
 97.000000 3.150289
 98.000000 2.625776
 99.000000 1.533801
 100.000000 2.931192
 101.000000 2.530637
 102.000000 3.577235
 103.000000 2.976602
 104.000000 3.627689
 105.000000 3.127003
 106.000000 4.043863
 107.000000 2.992695
 108.000000 1.688209
 109.000000 1.769414
 110.000000 2.022832
 111.000000 2.046430
 112.000000 2.254143
 113.000000 2.713293
 114.000000 2.970687
 115.000000 2.684987
 116.000000 2.751819
 117.000000 2.933295
 118.000000 2.738544
 119.000000 2.285067
 120.000000 2.561335
 121.000000 2.684921
 122.000000 2.770929
 123.000000 2.616190
 124.000000 2.816621
 125.000000 2.502001
 126.000000 2.491466
 127.000000 2.211940
 128.000000 2.218499
 129.000000 1.472572
 130.000000 1.280568
 131.000000 1.138307
 132.000000 1.354476
 133.000000 1.697336
 134.000000 1.326574
 135.000000 1.678025
 136.000000 2.114139
 137.000000 1.776939
 138.000000 1.366058
 139.000000 1.231264
 140.000000 1.177901
 141.000000 1.598089
 142.000000 2.769992
 143.000000 2.900317
 144.000000 2.401829
 145.000000 2.050521
 146.000000 3.643285
 147.000000 3.713778
 148.000000 3.217039
 149.000000 3.340094
 150.000000 3.486550
 151.000000 3.392938
 152.000000 2.499154
 153.000000 3.011776
 154.000000 2.985080
 155.000000 3.298399
 156.000000 3.874401
 157.000000 3.270161
 158.000000 3.551238
 159.000000 3.234511
 160.000000 3.580110
 161.000000 4.037418
 162.000000 3.980592
 163.000000 3.714100
 164.000000 3.491202
 165.000000 3.462286
 166.000000 2.987171
 167.000000 2.668288
 168.000000 3.875955
 169.000000 3.280790
 170.000000 3.270192
 171.000000 3.050824
 172.000000 3.296382
 173.000000 3.428592
 174.000000 3.389635
 175.000000 3.438590
 176.000000 3.354450
 177.000000 3.233278
 178.000000 3.232003
 179.000000 3.379221
 180.000000 3.339967
 181.000000 3.369649
 182.000000 3.316505
 183.000000 3.280735
 184.000000 3.324614
 185.000000 3.161406
 186.000000 3.053182
 187.000000 3.155531
 188.000000 3.217196
 189.000000 3.205136
 190.000000 3.305397
 191.000000 3.323365
 192.000000 3.488803
 193.000000 3.321722
 194.000000 3.411511
 195.000000 3.409413
 196.000000 3.327750
 197.000000 3.422914
 198.000000 3.303546
 199.000000 3.364346
 200.000000 3.328995
 201.000000 3.401654
 202.000000 3.322181
 203.000000 3.394089
 204.000000 3.692702
 205.000000 3.493364
 206.000000 3.126946
 207.000000 3.136438
 208.000000 3.241160
 209.000000 3.556436
 210.000000 3.721260
 211.000000 3.587570
 212.000000 3.107476
 213.000000 3.155832
 214.000000 3.507693
 215.000000 3.595411
 216.000000 3.643393
 217.000000 3.401280
 218.000000 3.606186
 219.000000 3.837116
 220.000000 3.633289
 221.000000 3.819338
 222.000000 3.771097
 223.000000 3.903492
 224.000000 4.014670
 225.000000 4.174741
 226.000000 3.951652
 227.000000 3.896433
 228.000000 3.899586
 229.000000 3.864389
 230.000000 3.803920
 231.000000 3.849675
 232.000000 3.774968
 233.000000 4.012285
 234.000000 4.043667
 235.000000 4.027162
 236.000000 4.020521
 237.000000 4.007889
 238.000000 3.707784
 239.000000 3.842631
 240.000000 4.081423
 241.000000 4.085230
 242.000000 3.957768
 243.000000 3.980746
 244.000000 4.376379
 245.000000 4.343603
 246.000000 4.344478
 247.000000 4.271403
 248.000000 4.349220
 249.000000 4.274464
 250.000000 4.319125
 251.000000 4.391934
 252.000000 4.409143
 253.000000 4.169798
 254.000000 4.191688
 255.000000 3.999270
 256.000000 4.113078
 257.000000 3.915448
 258.000000 3.949383
 259.000000 4.160368
 260.000000 4.241142
 261.000000 3.911531
 262.000000 4.738067
 263.000000 4.597570
 264.000000 3.186392
 265.000000 3.125150
 266.000000 2.485004
 267.000000 3.252241
 268.000000 4.491168
 269.000000 4.816036
 270.000000 4.987061
 271.000000 4.952943
 272.000000 4.472504
 273.000000 4.921837
 274.000000 4.670230
 275.000000 4.184422
 276.000000 3.962953
 277.000000 3.466550
 278.000000 3.090460
 279.000000 2.661402
 280.000000 3.953875
 281.000000 4.707103
 282.000000 3.217504
 283.000000 3.758773
 284.000000 2.992542
 285.000000 4.379765
 286.000000 4.323613
 287.000000 4.657782
 288.000000 4.156553
 289.000000 3.308520
 290.000000 3.850175
 291.000000 3.159769
 292.000000 2.792393
 293.000000 2.913167
 294.000000 2.421804
 295.000000 2.558713
 296.000000 3.282292
 297.000000 3.688682
 298.000000 3.445990
 299.000000 3.061583
 300.000000 2.631022
 301.000000 2.557177
 302.000000 2.065924
 303.000000 2.659116
 304.000000 3.208731
 305.000000 4.028175
 306.000000 4.192553
 307.000000 3.518411
 308.000000 3.114401
 309.000000 3.386626
 310.000000 2.239627
 311.000000 1.967061
 312.000000 3.436982
 313.000000 3.456431
 314.000000 3.971354
 315.000000 3.669276
 316.000000 4.209586
 317.000000 3.336766
 318.000000 4.460064
 319.000000 4.011892
 320.000000 4.427392
 321.000000 3.801166
 322.000000 3.594796
 323.000000 3.900421
 324.000000 3.691043
 325.000000 3.292037
 326.000000 4.191706
 327.000000 4.350375
 328.000000 3.407104
 329.000000 3.937073
 330.000000 3.061154
 331.000000 3.598338
 332.000000 3.146629
 333.000000 1.477407
 334.000000 1.642409
 335.000000 3.038308
 336.000000 4.162798
 337.000000 4.311262
 338.000000 4.063108
 339.000000 4.130409
 340.000000 3.562157
 341.000000 3.397597
 342.000000 3.408932
 343.000000 3.494640
 344.000000 3.356265
 345.000000 3.453701
 346.000000 3.561868
 347.000000 3.839415
 348.000000 3.544397
 349.000000 3.625237
 350.000000 3.772470
 351.000000 3.487773
 352.000000 3.567874
 353.000000 3.778331
 354.000000 3.646332
 355.000000 3.457751
 356.000000 3.774508
 357.000000 3.477326
 358.000000 3.136351
 359.000000 3.119744
 360.000000 3.302629
 361.000000 3.456073
 362.000000 3.528805
 363.000000 3.451842
 364.000000 3.660562
 365.000000 3.693164
 366.000000 3.498598
 367.000000 3.643780
 368.000000 3.744722
 369.000000 3.623869
 370.000000 3.380961
 371.000000 3.564620
 372.000000 3.554538
 373.000000 3.600845
 374.000000 3.394873
 375.000000 3.536590
 376.000000 3.761348
 377.000000 3.754835
 378.000000 3.615536
 379.000000 3.431283
 380.000000 3.552751
 381.000000 3.482445
 382.000000 3.515058
 383.000000 3.424992
 384.000000 3.438470
 385.000000 3.518681
 386.000000 3.597706
 387.000000 3.529635
 388.000000 3.493257
 389.000000 3.443883
 390.000000 3.389442
 391.000000 3.531142
 392.000000 3.464489
 393.000000 3.511646
 394.000000 3.596895
 395.000000 3.491061
 396.000000 3.647743
 397.000000 3.462580
 398.000000 3.650842
 399.000000 3.416787
 400.000000 3.393077
 401.000000 3.442600
 402.000000 3.160944
 403.000000 3.484143
 404.000000 3.466552
 405.000000 3.366555
 406.000000 3.311767
 407.000000 3.289381
 408.000000 3.487606
 409.000000 3.343196
 410.000000 3.309422
 411.000000 3.479131
 412.000000 3.405222
 413.000000 3.427897
 414.000000 3.464461
 415.000000 3.392190
 416.000000 3.363401
 417.000000 3.437253
 418.000000 3.498762
 419.000000 3.582922
 420.000000 3.409857
 421.000000 4.537234
 422.000000 3.377988
 423.000000 3.494171
 424.000000 3.609869
 425.000000 3.494952
 426.000000 3.488913
 427.000000 3.518842
 428.000000 3.498655
 429.000000 3.948276
 430.000000 3.649255
 431.000000 3.563658
 432.000000 3.750128
 433.000000 3.753904
 434.000000 3.612716
 435.000000 3.694550
 436.000000 3.448159
 437.000000 3.493469
 438.000000 3.469102
 439.000000 3.633905
 440.000000 3.575468
 441.000000 3.290147
 442.000000 3.433970
 443.000000 4.309383
 444.000000 4.285706
 445.000000 4.379518
 446.000000 3.443271
 447.000000 4.846183
 448.000000 3.230765
 449.000000 4.959246
 450.000000 5.188207
 451.000000 5.428437
 452.000000 3.709263
 453.000000 3.768299
 454.000000 2.716280
 455.000000 4.023176
 456.000000 4.978533
 457.000000 4.041887
 458.000000 4.322442
 459.000000 4.728061
 460.000000 4.521254
 461.000000 3.892313
 462.000000 3.771620
 463.000000 3.934654
 464.000000 3.050038
 465.000000 3.013882
 466.000000 3.612287
 467.000000 3.147272
 468.000000 3.784464
 469.000000 3.943145
 470.000000 3.746253
 471.000000 3.863646
 472.000000 3.447475
 473.000000 2.853760
 474.000000 2.530566
 475.000000 0.431406
 476.000000 1.912491
 477.000000 0.949133
 478.000000 3.108848
 479.000000 2.992985
 480.000000 2.972938
 481.000000 3.381069
 482.000000 3.453539
 483.000000 4.264694
 484.000000 4.508074
 485.000000 4.104308
 486.000000 3.094828
 487.000000 3.487055
 488.000000 3.204931
 489.000000 1.852771
 490.000000 0.991400
 491.000000 1.673050
 492.000000 2.352636
 493.000000 3.054250
 494.000000 3.008181
 495.000000 2.632274
 496.000000 3.018042
 497.000000 3.340876
 498.000000 3.832396
 499.000000 3.947508
 500.000000 4.116387
 501.000000 3.964426
 502.000000 4.850157
 503.000000 4.570709
 504.000000 3.021994
 505.000000 3.836346
 506.000000 3.972816
 507.000000 3.973354
 508.000000 3.429184
 509.000000 3.869883
 510.000000 4.142661
 511.000000 4.053163
 512.000000 3.553536
 513.000000 3.364253
 514.000000 3.586801
 515.000000 3.587447
 516.000000 3.542986
 517.000000 2.945063
 518.000000 3.694754
 519.000000 3.065704
 520.000000 3.259435
 521.000000 3.877874
 522.000000 4.430756
 523.000000 2.902375
 524.000000 2.539832
 525.000000 2.387049
 526.000000 2.240157
 527.000000 2.562390
 528.000000 2.895678
 529.000000 2.761863
 530.000000 3.007610
 531.000000 2.605399
 532.000000 2.679498
 533.000000 3.639595
 534.000000 3.347275
 535.000000 3.478645
 536.000000 3.628505
 537.000000 4.214552
 538.000000 4.204046
 539.000000 4.108944
 540.000000 3.979365
 541.000000 3.367118
 542.000000 3.913606
 543.000000 3.830657
 544.000000 3.824299
 545.000000 2.915970
 546.000000 2.681961
 547.000000 2.124386
 548.000000 1.920717
 549.000000 2.251696
 550.000000 2.096179
 551.000000 2.083815
 552.000000 2.182119
 553.000000 2.095680
 554.000000 2.316083
 555.000000 2.505426
 556.000000 2.596724
 557.000000 2.446423
 558.000000 2.609575
 559.000000 2.486802
 560.000000 2.578900
 561.000000 2.535233
 562.000000 2.501099
 563.000000 2.300501
 564.000000 2.435771
 565.000000 2.594933
 566.000000 2.345533
 567.000000 2.471071
 568.000000 2.373374
 569.000000 2.162288
 570.000000 2.328026
 571.000000 2.245251
 572.000000 2.353266
 573.000000 2.341073
 574.000000 2.650304
 575.000000 2.600217
 576.000000 2.759489
 577.000000 2.875195
 578.000000 2.961112
 579.000000 4.090339
 580.000000 3.412609
 581.000000 3.882898
 582.000000 3.480704
 583.000000 3.362153
 584.000000 3.597526
 585.000000 2.917595
 586.000000 3.808595
 587.000000 3.564710
 588.000000 3.617903
 589.000000 3.695883
 590.000000 4.214064
 591.000000 3.524458
 592.000000 3.326268
 593.000000 3.317018
 594.000000 3.200751
 595.000000 3.941699
 596.000000 3.785109
 597.000000 3.936266
 598.000000 4.013347
 599.000000 3.970507
 600.000000 3.914031
 601.000000 3.998340
 602.000000 3.929901
 603.000000 3.989046
 604.000000 3.834744
 605.000000 3.895844
 606.000000 3.762150
 607.000000 3.842433
 608.000000 3.730239
 609.000000 3.641446
 610.000000 3.744953
 611.000000 3.759378
 612.000000 3.782338
 613.000000 3.852849
 614.000000 3.722311
 615.000000 3.952757
 616.000000 3.891985
 617.000000 3.932225
 618.000000 4.652892
 619.000000 3.837049
 620.000000 3.757521
 621.000000 3.751666
 622.000000 3.877679
 623.000000 3.845378
 624.000000 4.631815
 625.000000 3.819695
 626.000000 3.778508
 627.000000 4.637173
 628.000000 3.723305
 629.000000 4.549634
 630.000000 4.706976
 631.000000 4.585292
 632.000000 4.436789
 633.000000 4.539462
 634.000000 3.840253
 635.000000 3.864241
 636.000000 3.886100
 637.000000 4.509526
 638.000000 4.560257
 639.000000 3.769505
 640.000000 3.777070
 641.000000 4.659215
 642.000000 4.002273
 643.000000 4.604195
 644.000000 4.559305
 645.000000 4.553955
 646.000000 4.060093
 647.000000 4.067056
 648.000000 4.390511
 649.000000 4.398192
 650.000000 4.335117
 651.000000 4.471605
 652.000000 4.469456
 653.000000 3.779882
 654.000000 3.958594
 655.000000 4.036176
 656.000000 4.051170
 657.000000 4.130533
 658.000000 4.124821
 659.000000 4.170457
 660.000000 4.160023
 661.000000 4.127321
 662.000000 4.157313
 663.000000 4.057890
 664.000000 4.016605
 665.000000 4.180795
 666.000000 3.782723
 667.000000 3.879949
 668.000000 3.880046
 669.000000 4.073939
 670.000000 4.078022
 671.000000 3.922542
 672.000000 3.968842
 673.000000 4.003938
 674.000000 3.969331
 675.000000 4.072253
 676.000000 4.012166
 677.000000 4.032335
 678.000000 4.130359
 679.000000 4.255832
 680.000000 4.198475
 681.000000 4.065959
 682.000000 3.867900
 683.000000 3.807590
 684.000000 3.908052
 685.000000 3.957351
 686.000000 4.033067
 687.000000 3.829600
 688.000000 3.858161
 689.000000 4.111828
 690.000000 4.121075
 691.000000 3.849851
 692.000000 3.622648
 693.000000 3.838238
 694.000000 3.930791
 695.000000 3.890004
 696.000000 3.657317
 697.000000 3.986848
 698.000000 4.106405
 699.000000 3.960277
 700.000000 3.896799
 701.000000 3.790006
 702.000000 3.643088
 703.000000 3.590352
 704.000000 3.363196
 705.000000 2.381636
 706.000000 2.722501
 707.000000 3.902192
 708.000000 3.970628
 709.000000 4.220091
 710.000000 4.437870
 711.000000 4.287444
 712.000000 3.687726
 713.000000 4.204815
 714.000000 3.412881
 715.000000 3.698864
 716.000000 4.068439
 717.000000 4.028180
 718.000000 3.501930
 719.000000 3.165763
 720.000000 3.272182
 721.000000 2.364733
 722.000000 3.590908
 723.000000 4.040449
 724.000000 2.621927
 725.000000 1.521498
 726.000000 3.395531
 727.000000 3.088542
 728.000000 4.297292
 729.000000 3.974384
 730.000000 4.518247
 731.000000 4.265777
 732.000000 3.560612
 733.000000 4.017997
 734.000000 3.716269
 735.000000 3.795721
 736.000000 3.186577
 737.000000 2.968254
 738.000000 4.224514
 739.000000 3.011850
 740.000000 3.621657
 741.000000 3.043284
 742.000000 4.035951
 743.000000 3.062540
 744.000000 3.350796
 745.000000 2.945941
 746.000000 2.193466
 747.000000 2.275665
 748.000000 3.424907
 749.000000 3.568341
 750.000000 3.700770
 751.000000 3.708871
 752.000000 3.839302
 753.000000 3.909366
 754.000000 3.705664
 755.000000 3.377293
 756.000000 3.293901
 757.000000 3.259279
 758.000000 2.260299
 759.000000 2.310110
 760.000000 0.927354
 761.000000 1.453165
 762.000000 1.209801
 763.000000 1.218757
 764.000000 2.919699
 765.000000 3.172596
 766.000000 2.836548
 767.000000 3.514915
 768.000000 3.859274
 769.000000 3.368442
 770.000000 3.744248
 771.000000 4.047740
 772.000000 4.057208
 773.000000 3.738047
 774.000000 3.375819
 775.000000 2.248412
 776.000000 2.528406
 777.000000 2.882890
 778.000000 2.519261
 779.000000 2.472096
 780.000000 3.240532
 781.000000 2.721243
 782.000000 2.843365
 783.000000 2.492986
 784.000000 2.897247
 785.000000 3.360128
 786.000000 3.901649
 787.000000 2.959770
 788.000000 3.408508
 789.000000 3.529093
 790.000000 3.495465
 791.000000 3.648870
 792.000000 3.835475
 793.000000 4.125945
 794.000000 4.614091
 795.000000 4.111207
 796.000000 3.775465
 797.000000 4.259128
 798.000000 3.988375
 799.000000 3.155707
 800.000000 2.841934
 801.000000 2.850815
 802.000000 2.271533
 803.000000 3.204173
 804.000000 3.148785
 805.000000 2.997370
 806.000000 2.785362
 807.000000 2.206907
 808.000000 2.028439
 809.000000 2.792627
 810.000000 2.668440
 811.000000 3.024644
 812.000000 3.182001
 813.000000 3.157625
 814.000000 3.128059
 815.000000 2.741948
 816.000000 3.506514
 817.000000 4.121355
 818.000000 4.010353
 819.000000 4.199311
 820.000000 3.856392
 821.000000 3.655794
 822.000000 3.611419
 823.000000 3.518657
 824.000000 3.164919
 825.000000 2.780936
 826.000000 2.882335
 827.000000 2.886059
 828.000000 2.341561
 829.000000 3.067904
 830.000000 3.138599
 831.000000 3.187015
 832.000000 2.901897
 833.000000 3.109938
 834.000000 3.049372
 835.000000 3.306260
 836.000000 3.289257
 837.000000 3.013991
 838.000000 3.316557
 839.000000 2.981209
 840.000000 3.208226
 841.000000 3.785588
 842.000000 2.871124
 843.000000 3.263152
 844.000000 3.962684
 845.000000 3.646192
 846.000000 3.586152
 847.000000 3.649912
 848.000000 3.490714
 849.000000 4.165426
 850.000000 4.263273
 851.000000 3.817704
 852.000000 3.513595
 853.000000 3.310253
 854.000000 3.295831
 855.000000 4.645985
 856.000000 4.166056
 857.000000 3.902433
 858.000000 4.097190
 859.000000 3.966915
 860.000000 3.544838
 861.000000 3.523911
 862.000000 3.274506
 863.000000 3.582646
 864.000000 3.945199
 865.000000 3.421092
 866.000000 3.076320
 867.000000 3.851860
 868.000000 3.409759
 869.000000 2.920092
 870.000000 3.324889
 871.000000 3.827474
 872.000000 3.812204
 873.000000 3.624078
 874.000000 3.427704
 875.000000 3.608309
 876.000000 3.328135
 877.000000 3.811638
 878.000000 3.269825
 879.000000 3.612581
 880.000000 2.905641
 881.000000 4.228010
 882.000000 3.078214
 883.000000 4.213464
 884.000000 3.734419
 885.000000 4.249216
 886.000000 3.801128
 887.000000 3.550401
 888.000000 3.584463
 889.000000 3.783729
 890.000000 3.624154
 891.000000 3.498180
 892.000000 3.820358
 893.000000 3.967577
 894.000000 3.938538
 895.000000 3.739542
 896.000000 3.247769
 897.000000 3.334739
 898.000000 3.500342
 899.000000 3.708606
 900.000000 3.303324
 901.000000 3.416350
 902.000000 3.648314
 903.000000 4.235038
 904.000000 4.169500
 905.000000 3.993481
 906.000000 3.356709
 907.000000 2.743224
 908.000000 2.197676
 909.000000 2.051013
 910.000000 2.008782
 911.000000 2.395250
 912.000000 2.231072
 913.000000 2.371845
 914.000000 2.302951
 915.000000 2.207142
 916.000000 2.050494
 917.000000 2.134171
 918.000000 2.126903
 919.000000 2.099309
 920.000000 2.252253
 921.000000 2.406074
 922.000000 2.458160
 923.000000 2.570214
 924.000000 2.719893
 925.000000 2.347049
 926.000000 2.443906
 927.000000 2.343178
 928.000000 2.463102
 929.000000 2.568807
 930.000000 2.675378
 931.000000 2.576944
 932.000000 2.456662
 933.000000 2.410155
 934.000000 2.516624
 935.000000 2.301112
 936.000000 2.345800
 937.000000 2.276042
 938.000000 2.380565
 939.000000 2.459215
 940.000000 2.664968
 941.000000 2.511850
 942.000000 2.402716
 943.000000 2.436741
 944.000000 2.187526
 945.000000 2.199626
 946.000000 2.224559
 947.000000 2.302625
 948.000000 2.035647
 949.000000 2.183030
 950.000000 2.172095
 951.000000 2.238800
 952.000000 2.394285
 953.000000 2.411773
 954.000000 2.580346
 955.000000 2.535364
 956.000000 2.437956
 957.000000 2.496120
 958.000000 2.314764
 959.000000 2.516109
 960.000000 2.449906
 961.000000 2.494488
 962.000000 2.642620
 963.000000 2.557153
 964.000000 2.223122
 965.000000 2.576221
 966.000000 2.589547
 967.000000 2.479031
 968.000000 2.507363
 969.000000 2.374797
 970.000000 2.533699
 971.000000 2.366105
 972.000000 2.322582
 973.000000 2.430405
 974.000000 2.303820
 975.000000 2.414788
 976.000000 2.473400
 977.000000 2.405687
 978.000000 3.338115
 979.000000 3.235504
 980.000000 3.152340
 981.000000 2.636795
 982.000000 3.847784
 983.000000 3.170499
 984.000000 2.901868
 985.000000 4.095880
 986.000000 3.479583
 987.000000 4.158824
 988.000000 3.750227
 989.000000 3.468006
 990.000000 3.146808
 991.000000 3.248092
 992.000000 4.107815
 993.000000 4.106816
 994.000000 3.891239
 995.000000 3.357409
 996.000000 3.818155
 997.000000 3.675429
 998.000000 2.480442
 999.000000 2.676211
 1000.000000 2.532017
 1001.000000 1.623834
 1002.000000 1.454414
 1003.000000 1.265761
 1004.000000 1.473656
 1005.000000 1.809542
 1006.000000 1.567615
 1007.000000 1.843256
 1008.000000 1.398029
 1009.000000 1.371004
 1010.000000 0.809220
 1011.000000 0.557499
 1012.000000 0.873901
 1013.000000 1.158770
 1014.000000 0.772955
 1015.000000 0.732994
 1016.000000 1.072798
 1017.000000 0.818508
 1018.000000 0.850361
 1019.000000 0.834740
 1020.000000 0.664626
 1021.000000 0.805000
 1022.000000 0.742224
 1023.000000 0.497492
 1024.000000 0.249680
 1025.000000 0.203946
 1026.000000 0.271741
 1027.000000 0.308757
 1028.000000 0.263324
 1029.000000 0.485271
 1030.000000 0.329020
 1031.000000 0.586852
 1032.000000 0.233994
 1033.000000 0.268035
 1034.000000 0.536160
 1035.000000 0.378530
 1036.000000 0.484335
 1037.000000 0.684323
 1038.000000 0.649648
 1039.000000 1.155481
 1040.000000 1.124389
 1041.000000 2.436880
 1042.000000 2.845965
 1043.000000 3.569229
 1044.000000 3.325474
 1045.000000 3.345195
 1046.000000 3.888331
 1047.000000 4.175199
 1048.000000 4.259692
 1049.000000 4.098942
 1050.000000 4.260039
 1051.000000 4.169244
 1052.000000 3.749857
 1053.000000 3.282304
 1054.000000 3.521403
 1055.000000 4.054470
 1056.000000 3.435447
 1057.000000 3.650053
 1058.000000 3.326643
 1059.000000 3.216800
 1060.000000 3.839117
 1061.000000 4.168164
 1062.000000 4.166929
 1063.000000 4.147226
 1064.000000 4.364744
 1065.000000 4.164701
 1066.000000 4.237786
 1067.000000 3.824506
 1068.000000 4.104279
 1069.000000 4.239872
 1070.000000 4.094593
 1071.000000 4.168277
 1072.000000 3.471555
 1073.000000 3.510481
 1074.000000 2.709761
 1075.000000 2.904417
 1076.000000 2.002651
 1077.000000 2.338407
 1078.000000 3.135170
 1079.000000 3.541828
 1080.000000 3.377777
 1081.000000 1.573548
 1082.000000 1.743599
 1083.000000 2.861071
 1084.000000 3.285560
 1085.000000 2.478893
 1086.000000 3.679893
 1087.000000 3.631721
 1088.000000 2.880107
 1089.000000 4.559574
 1090.000000 4.389329
 1091.000000 3.815154
 1092.000000 3.645368
 1093.000000 4.010055
 1094.000000 3.667149
 1095.000000 3.377216
 1096.000000 3.333336
 1097.000000 3.809977
 1098.000000 3.334615
 1099.000000 3.171884
 1100.000000 3.092228
 1101.000000 2.842770
 1102.000000 2.166393
 1103.000000 1.695937
 1104.000000 1.957469
 1105.000000 2.966361
 1106.000000 2.723522
 1107.000000 2.405777
 1108.000000 1.895298
 1109.000000 1.751298
 1110.000000 2.005117
 1111.000000 1.887266
 1112.000000 1.718233
 1113.000000 1.641706
 1114.000000 1.682129
 1115.000000 1.626329
 1116.000000 1.335016
 1117.000000 1.178946
 1118.000000 1.295239
 1119.000000 1.634202
 1120.000000 1.613500
 1121.000000 1.578959
 1122.000000 1.669663
 1123.000000 1.614918
 1124.000000 1.602989
 1125.000000 1.610967
 1126.000000 1.574070
 1127.000000 1.456983
 1128.000000 1.812020
 1129.000000 1.908626
 1130.000000 1.980646
 1131.000000 2.054875
 1132.000000 2.032232
 1133.000000 1.914106
 1134.000000 1.874794
 1135.000000 1.842623
 1136.000000 1.779743
 1137.000000 1.846969
 1138.000000 1.755902
 1139.000000 1.885349
 1140.000000 1.982002
 1141.000000 1.925073
 1142.000000 1.885499
 1143.000000 1.891586
 1144.000000 1.963458
 1145.000000 1.969692
 1146.000000 1.937150
 1147.000000 1.941448
 1148.000000 1.969815
 1149.000000 1.908724
 1150.000000 1.929317
 1151.000000 2.042614
 1152.000000 2.126484
 1153.000000 1.934475
 1154.000000 1.871577
 1155.000000 1.991083
 1156.000000 2.091406
 1157.000000 2.046317
 1158.000000 2.066025
 1159.000000 1.978071
 1160.000000 2.030480
 1161.000000 1.968190
 1162.000000 2.020319
 1163.000000 2.062626
 1164.000000 1.960684
 1165.000000 2.018344
 1166.000000 2.049233
 1167.000000 1.981759
 1168.000000 2.050980
 1169.000000 2.047357
 1170.000000 2.176800
 1171.000000 2.212455
 1172.000000 2.130340
 1173.000000 2.112222
 1174.000000 2.216047
 1175.000000 2.056304
 1176.000000 2.118553
 1177.000000 2.158756
 1178.000000 2.061904
 1179.000000 2.056044
 1180.000000 1.944128
 1181.000000 2.031883
 1182.000000 2.032218
 1183.000000 2.109688
 1184.000000 2.005183
 1185.000000 1.992325
 1186.000000 1.836180
 1187.000000 1.963485
 1188.000000 1.850524
 1189.000000 1.754939
 1190.000000 1.967557
 1191.000000 1.885005
 1192.000000 1.904487
 1193.000000 2.047094
 1194.000000 1.958647
 1195.000000 1.826839
 1196.000000 2.021679
 1197.000000 2.059178
 1198.000000 2.026680
 1199.000000 2.032707
 1200.000000 1.995110
 1201.000000 2.120658
 1202.000000 2.003681
 1203.000000 2.066694
 1204.000000 2.049446
 1205.000000 2.002468
 1206.000000 2.044675
 1207.000000 2.068189
 1208.000000 2.048254
 1209.000000 2.035413
 1210.000000 2.042734
 1211.000000 2.016461
 1212.000000 2.037187
 1213.000000 2.066650
 1214.000000 1.967950
 1215.000000 2.066277
 1216.000000 2.006013
 1217.000000 1.903513
 1218.000000 1.928705
 1219.000000 1.882092
 1220.000000 1.812300
 1221.000000 1.786459
 1222.000000 1.918584
 1223.000000 1.861249
 1224.000000 2.177408
 1225.000000 2.077216
 1226.000000 2.185651
 1227.000000 2.168260
 1228.000000 2.523863
 1229.000000 2.268869
 1230.000000 2.424590
 1231.000000 2.253980
 1232.000000 2.312975
 1233.000000 2.440692
 1234.000000 2.541622
 1235.000000 2.590334
 1236.000000 2.553179
 1237.000000 2.711349
 1238.000000 2.484849
 1239.000000 2.322595
 1240.000000 2.167774
 1241.000000 2.204637
 1242.000000 2.128873
 1243.000000 2.099092
 1244.000000 2.053187
 1245.000000 2.295569
 1246.000000 2.207667
 1247.000000 2.207063
 1248.000000 2.132149
 1249.000000 2.200214
 1250.000000 2.013585
 1251.000000 2.210503
 1252.000000 2.145031
 1253.000000 2.148306
 1254.000000 1.981055
 1255.000000 2.143955
 1256.000000 2.083856
 1257.000000 2.106898
 1258.000000 2.281275
 1259.000000 2.300070
 1260.000000 2.213499
 1261.000000 2.214592
 1262.000000 2.344442
 1263.000000 2.309038
 1264.000000 2.314534
 1265.000000 2.175118
 1266.000000 1.993444
 1267.000000 2.044867
 1268.000000 2.070671
 1269.000000 1.930164
 1270.000000 1.765576
 1271.000000 1.824359
 1272.000000 2.146056
 1273.000000 1.906908
 1274.000000 2.200911
 1275.000000 2.405337
 1276.000000 2.253078
 1277.000000 2.300859
 1278.000000 2.228792
 1279.000000 2.242776
 1280.000000 2.117287
 1281.000000 2.119026
 1282.000000 2.199272
 1283.000000 2.304432
 1284.000000 2.012775
 1285.000000 2.027765
 1286.000000 2.258135
 1287.000000 2.198729
 1288.000000 1.980563
 1289.000000 2.000612
 1290.000000 1.969000
 1291.000000 1.901991
 1292.000000 1.995760
 1293.000000 1.970177
 1294.000000 2.098843
 1295.000000 2.002480
 1296.000000 2.122898
 1297.000000 2.058431
 1298.000000 1.938484
 1299.000000 1.882622
 1300.000000 1.933067
 1301.000000 1.875137
 1302.000000 1.738478
 1303.000000 1.839975
 1304.000000 1.593333
 1305.000000 1.793396
 1306.000000 1.745004
 1307.000000 1.656609
 1308.000000 1.611339
 1309.000000 1.770127
 1310.000000 1.756406
 1311.000000 1.943921
 1312.000000 1.774477
 1313.000000 1.816379
 1314.000000 1.960040
 1315.000000 1.932308
 1316.000000 1.833228
 1317.000000 1.761524
 1318.000000 1.823549
 1319.000000 1.726729
 1320.000000 1.653636
 1321.000000 1.649393
 1322.000000 1.229920
 1323.000000 1.451975
 1324.000000 1.483575
 1325.000000 1.378340
 1326.000000 1.380687
 1327.000000 1.438393
 1328.000000 1.612142
 1329.000000 1.851102
 1330.000000 1.883371
 1331.000000 1.631660
 1332.000000 1.626177
 1333.000000 2.033238
 1334.000000 1.879414
 1335.000000 1.762419
 1336.000000 1.898332
 1337.000000 1.741563
 1338.000000 1.744371
 1339.000000 1.666500
 1340.000000 1.532933
 1341.000000 1.515482
 1342.000000 1.860798
 1343.000000 1.932625
 1344.000000 2.077149
 1345.000000 2.338598
 1346.000000 2.440122
 1347.000000 2.393200
 1348.000000 2.454467
 1349.000000 2.286770
 1350.000000 2.184827
 1351.000000 2.372372
 1352.000000 2.210359
 1353.000000 2.173616
 1354.000000 2.142631
 1355.000000 2.182248
 1356.000000 2.096596
 1357.000000 2.261582
 1358.000000 2.215724
 1359.000000 2.289441
 1360.000000 2.132879
 1361.000000 2.083813
 1362.000000 2.307694
 1363.000000 2.085565
 1364.000000 2.154090
 1365.000000 2.042779
 1366.000000 2.226924
 1367.000000 2.209633
 1368.000000 2.165083
 1369.000000 2.091087
 1370.000000 2.207024
 1371.000000 2.095793
 1372.000000 2.159764
 1373.000000 2.215425
 1374.000000 2.283933
 1375.000000 2.319142
 1376.000000 2.086001
 1377.000000 2.155253
 1378.000000 1.981613
 1379.000000 1.933875
 1380.000000 2.094459
 1381.000000 2.024406
 1382.000000 2.019058
 1383.000000 2.368635
 1384.000000 2.347402
 1385.000000 2.316009
 1386.000000 2.328807
 1387.000000 2.491461
 1388.000000 2.215956
 1389.000000 2.097052
 1390.000000 1.975751
 1391.000000 2.026156
 1392.000000 2.171375
 1393.000000 2.039375
 1394.000000 2.060793
 1395.000000 1.960991
 1396.000000 1.906771
 1397.000000 2.190192
 1398.000000 2.647649
 1399.000000 2.531684
 1400.000000 2.178188
 1401.000000 2.069955
 1402.000000 1.952036
 1403.000000 1.879329
 1404.000000 1.955892
 1405.000000 1.902563
 1406.000000 2.161212
 1407.000000 2.070917
 1408.000000 1.881253
 1409.000000 2.082955
 1410.000000 2.013465
 1411.000000 2.005716
 1412.000000 1.983874
 1413.000000 1.941352
 1414.000000 1.874496
 1415.000000 2.113854
 1416.000000 1.948742
 1417.000000 1.995884
 1418.000000 2.274445
 1419.000000 2.308130
 1420.000000 2.253220
 1421.000000 2.237499
 1422.000000 2.222979
 1423.000000 2.194327
 1424.000000 2.370357
 1425.000000 2.181993
 1426.000000 2.029473
 1427.000000 2.119409
 1428.000000 2.304592
 1429.000000 2.048302
 1430.000000 2.213208
 1431.000000 2.367409
 1432.000000 2.201795
 1433.000000 2.690741
 1434.000000 2.281108
 1435.000000 2.346608
 1436.000000 2.369512
 1437.000000 2.343785
 1438.000000 2.534491
 1439.000000 2.482333
 1440.000000 2.452620
 1441.000000 2.488196
 1442.000000 2.415712
 1443.000000 2.494492
 1444.000000 2.460128
 1445.000000 2.433881
 1446.000000 2.374650
 1447.000000 2.446191
 1448.000000 2.376920
 1449.000000 2.421729
 1450.000000 2.308243
 1451.000000 2.326490
 1452.000000 2.299951
 1453.000000 2.437799
 1454.000000 2.469390
 1455.000000 2.491576
 1456.000000 2.349113
 1457.000000 2.208595
 1458.000000 2.124460
 1459.000000 2.336503
 1460.000000 2.198586
 1461.000000 2.358488
 1462.000000 2.359650
 1463.000000 2.343030
 1464.000000 2.401800
 1465.000000 2.121462
 1466.000000 2.214904
 1467.000000 2.314019
 1468.000000 2.175665
 1469.000000 2.007206
 1470.000000 1.961535
 1471.000000 1.677761
 1472.000000 1.967027
 1473.000000 1.967755
 1474.000000 1.603379
 1475.000000 1.795405
 1476.000000 1.776497
 1477.000000 1.689724
 1478.000000 1.627111
 1479.000000 1.683098
 1480.000000 1.679378
 1481.000000 1.795478
 1482.000000 1.733521
 1483.000000 1.645538
 1484.000000 1.769709
 1485.000000 1.740927
 1486.000000 1.672935
 1487.000000 1.710718
 1488.000000 1.688643
 1489.000000 1.809737
 1490.000000 1.744891
 1491.000000 1.742466
 1492.000000 1.792116
 1493.000000 1.758012
 1494.000000 1.853654
 1495.000000 1.751468
 1496.000000 1.790332
 1497.000000 1.479688
 1498.000000 1.639520
 1499.000000 1.524286
 1500.000000 1.556723
 1501.000000 1.562717
 1502.000000 1.707054
 1503.000000 1.683337
 1504.000000 1.979358
 1505.000000 1.628473
 1506.000000 1.617366
 1507.000000 1.861348
 1508.000000 1.835865
 1509.000000 1.939313
 1510.000000 2.021796
 1511.000000 2.064575
 1512.000000 1.994994
 1513.000000 1.931207
 1514.000000 1.811640
 1515.000000 1.915948
 1516.000000 1.850955
 1517.000000 1.772420
 1518.000000 1.755721
 1519.000000 1.985887
 1520.000000 1.986364
 1521.000000 1.975698
 1522.000000 2.143206
 1523.000000 2.039377
 1524.000000 2.056410
 1525.000000 1.931502
 1526.000000 2.105424
 1527.000000 2.005019
 1528.000000 2.063690
 1529.000000 1.999053
 1530.000000 2.109116
 1531.000000 2.056180
 1532.000000 2.213328
 1533.000000 2.176952
 1534.000000 2.223462
 1535.000000 2.234471
 1536.000000 2.168669
 1537.000000 2.124373
 1538.000000 2.150450
 1539.000000 2.182756
 1540.000000 2.225905
 1541.000000 2.235027
 1542.000000 2.175127
 1543.000000 2.391491
 1544.000000 2.273504
 1545.000000 2.522215
 1546.000000 2.376868
 1547.000000 2.359494
 1548.000000 2.207215
 1549.000000 2.410220
 1550.000000 2.199933
 1551.000000 2.398210
 1552.000000 2.226593
 1553.000000 2.461939
 1554.000000 2.440544
 1555.000000 2.422322
 1556.000000 2.350153
 1557.000000 2.245190
 1558.000000 2.319718
 1559.000000 2.286994
 1560.000000 2.277530
 1561.000000 2.247525
 1562.000000 2.384300
 1563.000000 2.207260
 1564.000000 2.308674
 1565.000000 2.228713
 1566.000000 2.263677
 1567.000000 2.121996
 1568.000000 2.030099
 1569.000000 2.259310
 1570.000000 2.331951
 1571.000000 2.165032
 1572.000000 2.167735
 1573.000000 2.181717
 1574.000000 2.388483
 1575.000000 2.140388
 1576.000000 2.249495
 1577.000000 2.294082
 1578.000000 2.183887
 1579.000000 2.389755
 1580.000000 2.449047
 1581.000000 2.459791
 1582.000000 2.502110
 1583.000000 2.401664
 1584.000000 2.354247
 1585.000000 2.293767
 1586.000000 2.243046
 1587.000000 2.090609
 1588.000000 1.926973
 1589.000000 1.546801
 1590.000000 1.726947
 1591.000000 1.968250
 1592.000000 2.079765
 1593.000000 2.112191
 1594.000000 2.081541
 1595.000000 2.168307
 1596.000000 1.966983
 1597.000000 2.085115
 1598.000000 2.082230
 1599.000000 2.181645
 1600.000000 2.267927
 1601.000000 2.366991
 1602.000000 2.165089
 1603.000000 2.038794
 1604.000000 1.987869
 1605.000000 2.140350
 1606.000000 2.236927
 1607.000000 2.309549
 1608.000000 2.407477
 1609.000000 2.497198
 1610.000000 2.463557
 1611.000000 2.426752
 1612.000000 2.355233
 1613.000000 2.257215
 1614.000000 2.198821
 1615.000000 2.230161
 1616.000000 2.315277
 1617.000000 2.480266
 1618.000000 2.386805
 1619.000000 2.194022
 1620.000000 2.306058
 1621.000000 2.294490
 1622.000000 2.247917
 1623.000000 2.339603
 1624.000000 2.209349
 1625.000000 2.235518
 1626.000000 2.260490
 1627.000000 2.277405
 1628.000000 2.317325
 1629.000000 2.258284
 1630.000000 2.405364
 1631.000000 2.102886
 1632.000000 2.275900
 1633.000000 2.351609
 1634.000000 2.180771
 1635.000000 2.104786
 1636.000000 2.207599
 1637.000000 2.067563
 1638.000000 2.047052
 1639.000000 1.795248
 1640.000000 1.891105
 1641.000000 1.839713
 1642.000000 1.946090
 1643.000000 1.809889
 1644.000000 1.701446
 1645.000000 1.667960
 1646.000000 1.771632
 1647.000000 1.935033
 1648.000000 1.842777
 1649.000000 1.723966
 1650.000000 1.957398
 1651.000000 1.954508
 1652.000000 1.704002
 1653.000000 1.792574
 1654.000000 2.104599
 1655.000000 1.858659
 1656.000000 1.597568
 1657.000000 1.829857
 1658.000000 1.252622
 1659.000000 1.287784
 1660.000000 1.551196
 1661.000000 1.569286
 1662.000000 1.276414
 1663.000000 0.987568
 1664.000000 1.025171
 1665.000000 0.515093
 1666.000000 0.548111
 1667.000000 0.534331
 1668.000000 0.760442
 1669.000000 0.738149
 1670.000000 0.567338
 1671.000000 0.314675
 1672.000000 0.451870
 1673.000000 0.379344
 1674.000000 0.711890
 1675.000000 0.685611
 1676.000000 0.807911
 1677.000000 0.971684
 1678.000000 2.247100
 1679.000000 2.855560
 1680.000000 3.011717
 1681.000000 3.755510
 1682.000000 3.983091
 1683.000000 3.945162
 1684.000000 3.533046
 1685.000000 2.535113
 1686.000000 2.674882
 1687.000000 2.544696
 1688.000000 2.886494
 1689.000000 2.966012
 1690.000000 4.440983
 1691.000000 3.570399
 1692.000000 3.331975
 1693.000000 4.432187
 1694.000000 3.979617
 1695.000000 3.646539
 1696.000000 3.277392
 1697.000000 2.929735
 1698.000000 2.919879
 1699.000000 1.296315
 1700.000000 1.000048
 1701.000000 1.666751
 1702.000000 2.937781
 1703.000000 3.561946
 1704.000000 5.053300
 1705.000000 4.735002
 1706.000000 3.269663
 1707.000000 2.604652
 1708.000000 2.033730
 1709.000000 3.970917
 1710.000000 3.165365
 1711.000000 3.193017
 1712.000000 3.387734
 1713.000000 2.799622
 1714.000000 2.644162
 1715.000000 3.792691
 1716.000000 4.206712
 1717.000000 3.839252
 1718.000000 3.611398
 1719.000000 4.216061
 1720.000000 4.672903
 1721.000000 4.560214
 1722.000000 4.363011
 1723.000000 3.784857
 1724.000000 3.286473
 1725.000000 2.031621
 1726.000000 1.330182
 1727.000000 1.300554
 1728.000000 1.331331
 1729.000000 1.026793
 1730.000000 0.927983
 1731.000000 0.395931
 1732.000000 0.551327
 1733.000000 0.368772
 1734.000000 0.394231
 1735.000000 0.315589
 1736.000000 1.382347
 1737.000000 1.670675
 1738.000000 1.564149
 1739.000000 2.267949
 1740.000000 1.937137
 1741.000000 1.869012
 1742.000000 2.922680
 1743.000000 1.516152
 1744.000000 2.937645
 1745.000000 2.311193
 1746.000000 1.866475
 1747.000000 2.305044
 1748.000000 3.242902
 1749.000000 2.182873
 1750.000000 1.686565
 1751.000000 2.726678
 1752.000000 3.202918
 1753.000000 3.442585
 1754.000000 3.170745
 1755.000000 3.829523
 1756.000000 3.143448
 1757.000000 2.346996
 1758.000000 2.280919
 1759.000000 2.031397
 1760.000000 1.974874
 1761.000000 2.165093
 1762.000000 2.223879
 1763.000000 1.843113
 1764.000000 1.798511
 1765.000000 1.495952
 1766.000000 2.577839
 1767.000000 1.889160
 1768.000000 1.955684
 1769.000000 1.309869
 1770.000000 3.445609
 1771.000000 4.319239
 1772.000000 4.513111
 1773.000000 4.393763
 1774.000000 3.860029
 1775.000000 3.581283
 1776.000000 3.644853
 1777.000000 2.745298
 1778.000000 4.329411
 1779.000000 2.948668
 1780.000000 2.244377
 1781.000000 3.358888
 1782.000000 3.215444
 1783.000000 3.695824
 1784.000000 3.601086
 1785.000000 3.598449
 1786.000000 3.189606
 1787.000000 2.694805
 1788.000000 3.419067
 1789.000000 4.350455
 1790.000000 4.151358
 1791.000000 4.360183
 1792.000000 4.166506
 1793.000000 4.482780
 1794.000000 4.296711
 1795.000000 4.288620
 1796.000000 4.291952
 1797.000000 4.056170
 1798.000000 3.548844
 1799.000000 3.039692
 1800.000000 3.077969
 1801.000000 3.045166
 1802.000000 3.567627
 1803.000000 3.298312
 1804.000000 2.877521
 1805.000000 2.496120
 1806.000000 2.371701
 1807.000000 1.938968
 1808.000000 1.748030
 1809.000000 1.988191
 1810.000000 2.016979
 1811.000000 1.735517
 1812.000000 1.786503
 1813.000000 1.611263
 1814.000000 1.668804
 1815.000000 1.411966
 1816.000000 1.238202
 1817.000000 1.296320
 1818.000000 0.983815
 1819.000000 1.360482
 1820.000000 1.253607
 1821.000000 1.555050
 1822.000000 1.396709
 1823.000000 1.460943
 1824.000000 1.596018
 1825.000000 1.450618
 1826.000000 1.363614
 1827.000000 1.197788
 1828.000000 1.287114
 1829.000000 1.321292
 1830.000000 1.473110
 1831.000000 2.449882
 1832.000000 3.987996
 1833.000000 3.842168
 1834.000000 3.394608
 1835.000000 3.097841
 1836.000000 2.266548
 1837.000000 3.026517
 1838.000000 3.291522
 1839.000000 3.787285
 1840.000000 3.660258
 1841.000000 3.549887
 1842.000000 3.652996
 1843.000000 3.681005
 1844.000000 3.682930
 1845.000000 3.591414
 1846.000000 3.534944
 1847.000000 3.549502
 1848.000000 3.556906
 1849.000000 3.532273
 1850.000000 3.532224
 1851.000000 3.678278
 1852.000000 3.658375
 1853.000000 3.528365
 1854.000000 3.478217
 1855.000000 3.576616
 1856.000000 3.397033
 1857.000000 3.333275
 1858.000000 2.717243
 1859.000000 3.054559
 1860.000000 3.469391
 1861.000000 4.099379
 1862.000000 3.916807
 1863.000000 3.408757
 1864.000000 2.504890
 1865.000000 3.773096
 1866.000000 3.016468
 1867.000000 2.992508
 1868.000000 2.511488
 1869.000000 2.269170
 1870.000000 3.288178
 1871.000000 4.020416
 1872.000000 3.305141
 1873.000000 3.489203
 1874.000000 4.242019
 1875.000000 4.199727
 1876.000000 4.025247
 1877.000000 4.016844
 1878.000000 4.009975
 1879.000000 3.951453
 1880.000000 4.018395
 1881.000000 4.024663
 1882.000000 4.104919
 1883.000000 4.067252
 1884.000000 3.944323
 1885.000000 3.882983
 1886.000000 3.843707
 1887.000000 3.830412
 1888.000000 3.790988
 1889.000000 3.718997
 1890.000000 3.874731
 1891.000000 4.385048
 1892.000000 4.045692
 1893.000000 3.932160
 1894.000000 3.874229
 1895.000000 3.931016
 1896.000000 3.898624
 1897.000000 4.058438
 1898.000000 4.293644
 1899.000000 3.807700
 1900.000000 2.880010
 1901.000000 2.873814
 1902.000000 3.023095
 1903.000000 3.222589
 1904.000000 2.690219
 1905.000000 3.308118
 1906.000000 3.344482
 1907.000000 4.194925
 1908.000000 3.961613
 1909.000000 3.894047
 1910.000000 4.496431
 1911.000000 3.212164
 1912.000000 3.915234
 1913.000000 4.546080
 1914.000000 4.417955
 1915.000000 3.218663
 1916.000000 2.965669
 1917.000000 3.551157
 1918.000000 3.579474
 1919.000000 2.963454
 1920.000000 2.309645
 1921.000000 2.389509
 1922.000000 1.830267
 1923.000000 1.684451
 1924.000000 1.596803
 1925.000000 1.432695
 1926.000000 1.415090
 1927.000000 1.089729
 1928.000000 0.807842
 1929.000000 1.463005
 1930.000000 1.187497
 1931.000000 1.445671
 1932.000000 1.051113
 1933.000000 1.711414
 1934.000000 1.320388
 1935.000000 1.094518
 1936.000000 1.548372
 1937.000000 2.570015
 1938.000000 1.386312
 1939.000000 1.338408
 1940.000000 1.889889
 1941.000000 1.518302
 1942.000000 0.595928
 1943.000000 0.972030
 1944.000000 0.877833
 1945.000000 0.770344
 1946.000000 0.948850
 1947.000000 0.677410
 1948.000000 0.903201
 1949.000000 0.416817
 1950.000000 0.828635
 1951.000000 0.812963
 1952.000000 0.735711
 1953.000000 0.785423
 1954.000000 0.758648
 1955.000000 0.653286
 1956.000000 0.584003
 1957.000000 0.704511
 1958.000000 0.746554
 1959.000000 0.890825
 1960.000000 0.674946
 1961.000000 0.633234
 1962.000000 0.926737
 1963.000000 0.421717
 1964.000000 0.258662
 1965.000000 2.165027
 1966.000000 2.493268
 1967.000000 2.669938
 1968.000000 3.170373
 1969.000000 3.705516
 1970.000000 3.241132
 1971.000000 3.183733
 1972.000000 3.668802
 1973.000000 2.865674
 1974.000000 3.527521
 1975.000000 2.914094
 1976.000000 3.283482
 1977.000000 3.054666
 1978.000000 3.388347
 1979.000000 3.836630
 1980.000000 3.453273
 1981.000000 4.336444
 1982.000000 4.456059
 1983.000000 4.846190
 1984.000000 4.176499
 1985.000000 4.395185
 1986.000000 4.181207
 1987.000000 2.756242
 1988.000000 2.707663
 1989.000000 2.311219
 1990.000000 2.772868
 1991.000000 2.294493
 1992.000000 4.230367
 1993.000000 4.002096
 1994.000000 2.878143
 1995.000000 3.012612
 1996.000000 3.061538
 1997.000000 3.466343
 1998.000000 3.334040
 1999.000000 3.224797
 2000.000000 3.114796
 2001.000000 3.619263
 2002.000000 3.056843
 2003.000000 3.316951
 2004.000000 3.527800
 2005.000000 3.672048
 2006.000000 3.482614
 2007.000000 3.269047
 2008.000000 3.292256
 2009.000000 3.838308
 2010.000000 3.595744
 2011.000000 3.579513
 2012.000000 3.686727
 2013.000000 3.048149
 2014.000000 3.617832
 2015.000000 3.301011
 2016.000000 3.394435
 2017.000000 3.638440
 2018.000000 4.013701
 2019.000000 4.224560
 2020.000000 4.035648
 2021.000000 4.053654
 2022.000000 4.066799
 2023.000000 4.132221
 2024.000000 4.103642
