#! FIELDS time r12.min
 0.000000 1.832914
 1.000000 2.268871
 2.000000 1.815454
 3.000000 2.587876
 4.000000 1.503062
 5.000000 0.686548
 6.000000 0.644763
 7.000000 0.249249
 8.000000 0.604029
 9.000000 2.250019
 10.000000 2.012136
 11.000000 2.070451
 12.000000 3.428204
 13.000000 3.782209
 14.000000 3.143460
 15.000000 3.588158
 16.000000 3.597297
 17.000000 3.813148
 18.000000 3.715667
 19.000000 3.520957
 20.000000 3.540569
 21.000000 3.628146
 22.000000 3.732722
 23.000000 3.690253
 24.000000 3.764430
 25.000000 2.227512
 26.000000 2.390504
 27.000000 3.071672
 28.000000 2.852414
 29.000000 2.835083
 30.000000 2.455365
 31.000000 3.081921
 32.000000 3.909642
 33.000000 4.050323
 34.000000 1.898650
 35.000000 2.210056
 36.000000 3.792571
 37.000000 3.693182
 38.000000 4.556949
 39.000000 3.568718
 40.000000 3.768491
 41.000000 3.332609
 42.000000 3.665209
 43.000000 3.816774
 44.000000 2.856994
 45.000000 2.264135
 46.000000 2.579098
 47.000000 2.926808
 48.000000 2.995001
 49.000000 2.915924
 50.000000 2.428308
 51.000000 2.707376
 52.000000 2.496211
 53.000000 2.889551
 54.000000 2.479764
 55.000000 2.358938
 56.000000 2.392099
 57.000000 2.146471
 58.000000 2.495306
 59.000000 2.413167
 60.000000 2.368081
 61.000000 2.350914
 62.000000 2.272073
 63.000000 2.245328
 64.000000 2.387199
 65.000000 2.151110
 66.000000 3.021117
 67.000000 3.876694
 68.000000 3.650103
 69.000000 3.885615
 70.000000 3.850160
 71.000000 3.122274
 72.000000 3.834482
 73.000000 4.274818
 74.000000 3.943630
 75.000000 2.713399
 76.000000 3.947240
 77.000000 3.404329
 78.000000 2.587793
 79.000000 3.699764
 80.000000 3.612255
 81.000000 3.737625
 82.000000 3.531916
 83.000000 3.695306
 84.000000 2.721948
 85.000000 2.634589
 86.000000 2.799598
 87.000000 3.556880
 88.000000 3.809400
 89.000000 3.471893
 90.000000 4.126660
 91.000000 4.224372
 92.000000 4.165422
 93.000000 4.153270
 94.000000 4.220330
 95.000000 4.283656
 96.000000 3.892029
 97.000000 3.374776
 98.000000 2.718611
 99.000000 2.108354
 100.000000 3.163098
 101.000000 2.738868
 102.000000 3.904332
 103.000000 3.216802
 104.000000 3.686181
 105.000000 3.209075
 106.000000 4.021298
 107.000000 3.015553
 108.000000 1.849806
 109.000000 1.844856
 110.000000 1.925979
 111.000000 2.205943
 112.000000 2.495142
 113.000000 2.813378
 114.000000 3.171035
 115.000000 3.017762
 116.000000 3.097862
 117.000000 3.033197
 118.000000 3.017525
 119.000000 2.702359
 120.000000 2.799082
 121.000000 2.966628
 122.000000 3.067644
 123.000000 2.923286
 124.000000 3.219070
 125.000000 2.899020
 126.000000 3.052420
 127.000000 2.552705
 128.000000 2.725424
 129.000000 2.039038
 130.000000 1.950807
 131.000000 1.722417
 132.000000 1.722447
 133.000000 1.720806
 134.000000 1.767284
 135.000000 1.855741
 136.000000 2.274850
 137.000000 2.291472
 138.000000 1.979618
 139.000000 1.766604
 140.000000 1.819966
 141.000000 1.957924
 142.000000 3.009860
 143.000000 2.709413
 144.000000 2.340867
 145.000000 2.161919
 146.000000 3.584637
 147.000000 3.278956
 148.000000 3.071650
 149.000000 3.129360
 150.000000 3.574890
 151.000000 3.608542
 152.000000 2.936263
 153.000000 3.455027
 154.000000 3.436697
 155.000000 3.744259
 156.000000 3.645795
 157.000000 2.982559
 158.000000 3.259178
 159.000000 2.878012
 160.000000 3.144040
 161.000000 4.070876
 162.000000 3.548060
 163.000000 3.778939
 164.000000 3.543230
 165.000000 2.973085
 166.000000 2.570104
 167.000000 2.129829
 168.000000 3.956300
 169.000000 2.794685
 170.000000 2.750956
 171.000000 2.442996
 172.000000 2.827700
 173.000000 2.916248
 174.000000 2.829997
 175.000000 2.898411
 176.000000 2.843015
 177.000000 2.704797
 178.000000 2.689144
 179.000000 2.857120
 180.000000 2.812599
 181.000000 2.839679
 182.000000 2.769159
 183.000000 2.990833
 184.000000 3.011251
 185.000000 2.848211
 186.000000 2.730284
 187.000000 2.779449
 188.000000 2.949059
 189.000000 2.877618
 190.000000 2.866346
 191.000000 2.932851
 192.000000 3.121427
 193.000000 2.801030
 194.000000 2.997802
 195.000000 2.956293
 196.000000 2.961733
 197.000000 3.013204
 198.000000 2.939736
 199.000000 2.860660
 200.000000 2.818090
 201.000000 2.877408
 202.000000 2.768407
 203.000000 2.852781
 204.000000 3.844957
 205.000000 3.452096
 206.000000 3.209128
 207.000000 3.099625
 208.000000 3.233502
 209.000000 3.393072
 210.000000 3.604047
 211.000000 3.571938
 212.000000 3.017508
 213.000000 3.012504
 214.000000 3.355961
 215.000000 3.423972
 216.000000 3.510727
 217.000000 3.081355
 218.000000 3.275543
 219.000000 3.556083
 220.000000 3.394697
 221.000000 3.518552
 222.000000 3.454592
 223.000000 3.631203
 224.000000 3.762210
 225.000000 4.007547
 226.000000 3.752223
 227.000000 3.716078
 228.000000 3.779624
 229.000000 3.687586
 230.000000 3.525802
 231.000000 3.589352
 232.000000 3.528717
 233.000000 3.712522
 234.000000 3.730765
 235.000000 3.791820
 236.000000 3.774555
 237.000000 3.711962
 238.000000 3.560268
 239.000000 3.548977
 240.000000 3.763665
 241.000000 3.791546
 242.000000 4.030044
 243.000000 3.918521
 244.000000 3.594661
 245.000000 2.988765
 246.000000 2.396176
 247.000000 2.658300
 248.000000 3.091925
 249.000000 3.161171
 250.000000 3.125124
 251.000000 3.566032
 252.000000 3.889029
 253.000000 3.843756
 254.000000 3.812623
 255.000000 3.535265
 256.000000 3.007171
 257.000000 2.987661
 258.000000 2.640737
 259.000000 2.840856
 260.000000 1.924736
 261.000000 1.197430
 262.000000 3.331169
 263.000000 3.224402
 264.000000 3.726708
 265.000000 2.012410
 266.000000 2.691231
 267.000000 3.195141
 268.000000 2.652976
 269.000000 3.163070
 270.000000 3.595333
 271.000000 3.455481
 272.000000 2.436490
 273.000000 3.873243
 274.000000 3.648581
 275.000000 2.746524
 276.000000 2.884373
 277.000000 3.288001
 278.000000 2.553338
 279.000000 3.720709
 280.000000 2.471208
 281.000000 3.537420
 282.000000 2.903461
 283.000000 3.080661
 284.000000 0.817898
 285.000000 3.534811
 286.000000 2.918744
 287.000000 4.039656
 288.000000 3.573607
 289.000000 1.910846
 290.000000 2.832230
 291.000000 3.767203
 292.000000 3.595699
 293.000000 3.995959
 294.000000 3.771724
 295.000000 3.386790
 296.000000 2.762719
 297.000000 3.028583
 298.000000 2.941587
 299.000000 1.973801
 300.000000 2.057242
 301.000000 2.445629
 302.000000 2.806087
 303.000000 3.334044
 304.000000 3.852942
 305.000000 3.470912
 306.000000 3.609940
 307.000000 3.382760
 308.000000 2.501538
 309.000000 2.814912
 310.000000 1.720220
 311.000000 0.368798
 312.000000 2.428252
 313.000000 3.071282
 314.000000 3.164331
 315.000000 2.908255
 316.000000 3.607515
 317.000000 3.798576
 318.000000 3.632787
 319.000000 3.043051
 320.000000 3.656718
 321.000000 2.969937
 322.000000 2.514431
 323.000000 3.233545
 324.000000 3.268408
 325.000000 3.727339
 326.000000 3.972936
 327.000000 3.765054
 328.000000 2.758782
 329.000000 3.399322
 330.000000 2.176686
 331.000000 2.877294
 332.000000 2.575759
 333.000000 1.870600
 334.000000 1.553559
 335.000000 3.084228
 336.000000 3.372874
 337.000000 3.640359
 338.000000 3.272670
 339.000000 3.863576
 340.000000 3.870841
 341.000000 3.883646
 342.000000 3.638994
 343.000000 3.517217
 344.000000 3.178116
 345.000000 3.097873
 346.000000 2.876482
 347.000000 3.296674
 348.000000 3.401614
 349.000000 3.237243
 350.000000 3.090150
 351.000000 3.043842
 352.000000 3.170617
 353.000000 3.355536
 354.000000 3.486772
 355.000000 3.243921
 356.000000 3.324381
 357.000000 3.177990
 358.000000 2.505905
 359.000000 2.955667
 360.000000 3.358143
 361.000000 3.535585
 362.000000 3.530316
 363.000000 3.895007
 364.000000 4.055102
 365.000000 4.002586
 366.000000 3.878070
 367.000000 4.065750
 368.000000 3.873810
 369.000000 4.098093
 370.000000 3.959037
 371.000000 3.799354
 372.000000 3.671157
 373.000000 3.805466
 374.000000 3.573804
 375.000000 3.532089
 376.000000 3.433026
 377.000000 3.698823
 378.000000 3.717641
 379.000000 3.758802
 380.000000 3.557972
 381.000000 3.514760
 382.000000 3.681403
 383.000000 3.616317
 384.000000 3.762340
 385.000000 3.776921
 386.000000 3.791750
 387.000000 3.782671
 388.000000 3.805587
 389.000000 4.127771
 390.000000 4.023107
 391.000000 4.012246
 392.000000 4.002856
 393.000000 4.033298
 394.000000 4.063946
 395.000000 3.857280
 396.000000 3.954177
 397.000000 3.855443
 398.000000 3.976542
 399.000000 3.865372
 400.000000 3.836963
 401.000000 3.931167
 402.000000 3.805102
 403.000000 4.005850
 404.000000 3.978444
 405.000000 3.921509
 406.000000 3.865733
 407.000000 3.862777
 408.000000 3.975642
 409.000000 3.849992
 410.000000 3.785148
 411.000000 3.971783
 412.000000 3.899735
 413.000000 3.855778
 414.000000 3.847424
 415.000000 3.861061
 416.000000 3.775242
 417.000000 3.844586
 418.000000 3.954865
 419.000000 3.987576
 420.000000 4.100479
 421.000000 3.838046
 422.000000 4.153991
 423.000000 4.290238
 424.000000 4.400504
 425.000000 4.495386
 426.000000 4.692086
 427.000000 4.753065
 428.000000 4.843618
 429.000000 3.216273
 430.000000 4.670814
 431.000000 4.522262
 432.000000 4.665562
 433.000000 4.579968
 434.000000 4.622798
 435.000000 4.731658
 436.000000 4.677639
 437.000000 4.866693
 438.000000 4.816957
 439.000000 4.715944
 440.000000 4.796864
 441.000000 4.560865
 442.000000 4.529150
 443.000000 3.100026
 444.000000 3.147959
 445.000000 3.117141
 446.000000 4.168829
 447.000000 3.774829
 448.000000 2.521276
 449.000000 3.757912
 450.000000 4.045258
 451.000000 4.331739
 452.000000 3.681132
 453.000000 4.038151
 454.000000 3.567920
 455.000000 4.194699
 456.000000 4.026940
 457.000000 2.937473
 458.000000 2.738534
 459.000000 3.504127
 460.000000 3.601256
 461.000000 2.485738
 462.000000 2.450095
 463.000000 3.503635
 464.000000 2.621392
 465.000000 2.899355
 466.000000 3.913744
 467.000000 3.251845
 468.000000 3.867639
 469.000000 4.204094
 470.000000 4.155563
 471.000000 4.204167
 472.000000 3.952745
 473.000000 3.597373
 474.000000 2.604205
 475.000000 3.191857
 476.000000 3.379014
 477.000000 2.545576
 478.000000 0.255916
 479.000000 0.275638
 480.000000 0.750381
 481.000000 1.089324
 482.000000 1.793985
 483.000000 2.797934
 484.000000 2.887156
 485.000000 2.675783
 486.000000 3.718093
 487.000000 3.493437
 488.000000 2.805975
 489.000000 2.995012
 490.000000 3.260402
 491.000000 1.946077
 492.000000 2.058963
 493.000000 2.839702
 494.000000 3.015403
 495.000000 3.462200
 496.000000 3.531604
 497.000000 3.465026
 498.000000 3.677939
 499.000000 3.773953
 500.000000 3.839348
 501.000000 3.901901
 502.000000 3.522228
 503.000000 3.524213
 504.000000 3.705386
 505.000000 3.020206
 506.000000 3.207988
 507.000000 3.375247
 508.000000 2.193803
 509.000000 2.800337
 510.000000 3.457125
 511.000000 3.514059
 512.000000 2.664690
 513.000000 3.245237
 514.000000 3.207410
 515.000000 2.927538
 516.000000 4.252510
 517.000000 3.653332
 518.000000 3.262969
 519.000000 2.082035
 520.000000 2.791323
 521.000000 3.689216
 522.000000 3.744496
 523.000000 1.941335
 524.000000 1.957844
 525.000000 1.950367
 526.000000 0.548567
 527.000000 0.750257
 528.000000 2.317317
 529.000000 2.785664
 530.000000 2.873257
 531.000000 3.640670
 532.000000 3.564755
 533.000000 3.002437
 534.000000 1.676507
 535.000000 1.868626
 536.000000 2.051360
 537.000000 2.792511
 538.000000 3.017538
 539.000000 3.181524
 540.000000 2.910883
 541.000000 2.578278
 542.000000 3.172970
 543.000000 2.460075
 544.000000 2.685712
 545.000000 2.190656
 546.000000 2.824656
 547.000000 3.033399
 548.000000 3.212808
 549.000000 3.260151
 550.000000 3.156183
 551.000000 3.051669
 552.000000 3.355732
 553.000000 3.281587
 554.000000 3.703155
 555.000000 3.726942
 556.000000 3.571357
 557.000000 3.134284
 558.000000 3.289968
 559.000000 3.296335
 560.000000 3.182242
 561.000000 3.279949
 562.000000 3.255399
 563.000000 3.088900
 564.000000 2.973250
 565.000000 2.988884
 566.000000 2.954635
 567.000000 3.155605
 568.000000 3.260223
 569.000000 2.781581
 570.000000 2.449082
 571.000000 2.271331
 572.000000 2.369194
 573.000000 2.388699
 574.000000 2.653110
 575.000000 2.489066
 576.000000 2.151163
 577.000000 1.438767
 578.000000 2.285026
 579.000000 3.419595
 580.000000 2.449311
 581.000000 3.237760
 582.000000 3.186969
 583.000000 3.011901
 584.000000 2.982888
 585.000000 1.736307
 586.000000 2.719757
 587.000000 3.002612
 588.000000 2.041791
 589.000000 2.783716
 590.000000 3.460391
 591.000000 3.113861
 592.000000 4.284206
 593.000000 4.323373
 594.000000 4.114041
 595.000000 4.199131
 596.000000 4.272162
 597.000000 4.550259
 598.000000 4.352606
 599.000000 4.277372
 600.000000 4.376939
 601.000000 4.804987
 602.000000 4.748975
 603.000000 4.564593
 604.000000 4.543706
 605.000000 4.264951
 606.000000 4.488250
 607.000000 4.559052
 608.000000 4.543770
 609.000000 4.421471
 610.000000 4.453374
 611.000000 4.563286
 612.000000 4.486680
 613.000000 4.648269
 614.000000 4.613077
 615.000000 4.670686
 616.000000 4.701021
 617.000000 4.700189
 618.000000 3.979738
 619.000000 4.709689
 620.000000 4.603875
 621.000000 4.721241
 622.000000 4.799810
 623.000000 4.708473
 624.000000 3.688599
 625.000000 4.839754
 626.000000 4.802546
 627.000000 3.321033
 628.000000 4.752936
 629.000000 3.264441
 630.000000 3.429137
 631.000000 3.287413
 632.000000 3.218163
 633.000000 3.294004
 634.000000 4.839454
 635.000000 4.803744
 636.000000 4.850041
 637.000000 3.320803
 638.000000 3.237320
 639.000000 4.840556
 640.000000 4.656746
 641.000000 3.275529
 642.000000 4.850043
 643.000000 3.277840
 644.000000 3.057823
 645.000000 3.301531
 646.000000 4.946387
 647.000000 4.913365
 648.000000 3.572832
 649.000000 3.429174
 650.000000 3.466206
 651.000000 3.605306
 652.000000 3.646403
 653.000000 4.571225
 654.000000 4.720872
 655.000000 4.809937
 656.000000 4.670672
 657.000000 4.809260
 658.000000 4.512794
 659.000000 4.425425
 660.000000 4.100700
 661.000000 3.960316
 662.000000 4.046174
 663.000000 4.014423
 664.000000 3.906522
 665.000000 3.999218
 666.000000 3.629624
 667.000000 3.697104
 668.000000 3.759812
 669.000000 3.867949
 670.000000 3.795371
 671.000000 3.691442
 672.000000 3.829923
 673.000000 3.925312
 674.000000 3.857823
 675.000000 3.962659
 676.000000 3.847615
 677.000000 3.811921
 678.000000 3.923215
 679.000000 4.136082
 680.000000 3.998768
 681.000000 3.852074
 682.000000 3.767478
 683.000000 3.816602
 684.000000 3.811142
 685.000000 3.812702
 686.000000 3.860661
 687.000000 3.680477
 688.000000 3.707066
 689.000000 3.879905
 690.000000 4.032653
 691.000000 3.814911
 692.000000 3.530333
 693.000000 3.653916
 694.000000 3.815925
 695.000000 3.764849
 696.000000 3.593968
 697.000000 3.780065
 698.000000 4.106551
 699.000000 4.065999
 700.000000 3.949825
 701.000000 3.768629
 702.000000 3.503223
 703.000000 3.259620
 704.000000 3.172797
 705.000000 1.993607
 706.000000 2.514100
 707.000000 3.585007
 708.000000 3.487333
 709.000000 3.911766
 710.000000 4.194898
 711.000000 3.703143
 712.000000 3.148121
 713.000000 3.785371
 714.000000 3.447762
 715.000000 3.658706
 716.000000 3.587285
 717.000000 3.652447
 718.000000 3.017910
 719.000000 2.546324
 720.000000 2.759441
 721.000000 1.624782
 722.000000 3.122073
 723.000000 3.576709
 724.000000 1.871772
 725.000000 1.153612
 726.000000 3.253771
 727.000000 2.973558
 728.000000 3.684700
 729.000000 3.224771
 730.000000 3.532659
 731.000000 3.023080
 732.000000 1.887983
 733.000000 2.461791
 734.000000 4.651443
 735.000000 4.699839
 736.000000 3.957072
 737.000000 3.393363
 738.000000 3.735227
 739.000000 3.125762
 740.000000 3.743373
 741.000000 3.165721
 742.000000 3.893534
 743.000000 3.119272
 744.000000 3.637445
 745.000000 3.265432
 746.000000 3.232331
 747.000000 3.176260
 748.000000 3.639187
 749.000000 3.553566
 750.000000 3.784077
 751.000000 3.287229
 752.000000 3.605223
 753.000000 3.866172
 754.000000 3.644540
 755.000000 3.251006
 756.000000 3.605295
 757.000000 2.621767
 758.000000 1.840967
 759.000000 2.376772
 760.000000 1.679738
 761.000000 1.483046
 762.000000 0.925726
 763.000000 1.294095
 764.000000 2.417068
 765.000000 2.764703
 766.000000 2.857242
 767.000000 3.450210
 768.000000 3.925741
 769.000000 3.627175
 770.000000 3.826168
 771.000000 3.977616
 772.000000 4.125602
 773.000000 3.822245
 774.000000 3.501284
 775.000000 2.373229
 776.000000 2.573550
 777.000000 2.929867
 778.000000 2.452018
 779.000000 2.402825
 780.000000 3.181604
 781.000000 2.628419
 782.000000 2.830120
 783.000000 2.408354
 784.000000 2.661326
 785.000000 3.107953
 786.000000 3.629439
 787.000000 2.850911
 788.000000 3.463535
 789.000000 3.425917
 790.000000 3.639743
 791.000000 3.661688
 792.000000 3.783540
 793.000000 3.941650
 794.000000 4.391246
 795.000000 3.942658
 796.000000 3.508746
 797.000000 4.044073
 798.000000 4.026544
 799.000000 3.288994
 800.000000 3.039028
 801.000000 3.004433
 802.000000 2.335228
 803.000000 2.977791
 804.000000 2.856968
 805.000000 2.810947
 806.000000 2.570631
 807.000000 1.750567
 808.000000 1.896366
 809.000000 2.506510
 810.000000 2.387891
 811.000000 2.763261
 812.000000 2.842813
 813.000000 2.787033
 814.000000 3.287910
 815.000000 2.938733
 816.000000 3.570238
 817.000000 4.088567
 818.000000 3.963650
 819.000000 4.166101
 820.000000 3.904611
 821.000000 3.744122
 822.000000 3.332282
 823.000000 3.565274
 824.000000 3.260410
 825.000000 3.021179
 826.000000 3.037976
 827.000000 3.010009
 828.000000 2.464612
 829.000000 3.055058
 830.000000 3.145654
 831.000000 3.219038
 832.000000 2.885646
 833.000000 3.058489
 834.000000 3.015437
 835.000000 3.287458
 836.000000 3.237948
 837.000000 3.037973
 838.000000 3.381696
 839.000000 3.085115
 840.000000 3.243427
 841.000000 3.780923
 842.000000 3.063834
 843.000000 3.344673
 844.000000 3.984589
 845.000000 3.710547
 846.000000 3.660166
 847.000000 3.773343
 848.000000 3.547993
 849.000000 4.137132
 850.000000 4.292498
 851.000000 3.859930
 852.000000 3.637121
 853.000000 3.065727
 854.000000 3.019617
 855.000000 4.581268
 856.000000 4.024257
 857.000000 3.723899
 858.000000 4.065668
 859.000000 3.782000
 860.000000 3.311294
 861.000000 3.162583
 862.000000 2.954770
 863.000000 3.296690
 864.000000 3.684602
 865.000000 3.462990
 866.000000 3.143412
 867.000000 3.834829
 868.000000 3.224938
 869.000000 2.941213
 870.000000 3.441639
 871.000000 3.598218
 872.000000 3.541659
 873.000000 3.590774
 874.000000 3.375565
 875.000000 3.526552
 876.000000 3.349599
 877.000000 3.473196
 878.000000 2.932991
 879.000000 3.601794
 880.000000 2.808407
 881.000000 4.158989
 882.000000 3.264932
 883.000000 3.955208
 884.000000 3.476245
 885.000000 4.019427
 886.000000 3.619200
 887.000000 3.706922
 888.000000 3.176613
 889.000000 3.510004
 890.000000 3.438928
 891.000000 3.324913
 892.000000 3.627501
 893.000000 3.696334
 894.000000 3.727888
 895.000000 3.584795
 896.000000 3.165966
 897.000000 3.255245
 898.000000 3.344586
 899.000000 3.431191
 900.000000 3.132753
 901.000000 3.297272
 902.000000 3.539186
 903.000000 3.856270
 904.000000 4.017484
 905.000000 3.885060
 906.000000 3.130265
 907.000000 2.264760
 908.000000 1.670346
 909.000000 1.635872
 910.000000 1.625206
 911.000000 1.672744
 912.000000 1.672589
 913.000000 1.701003
 914.000000 1.648381
 915.000000 1.610520
 916.000000 1.598884
 917.000000 1.722345
 918.000000 1.622348
 919.000000 1.669405
 920.000000 1.800972
 921.000000 1.983236
 922.000000 2.043077
 923.000000 2.306214
 924.000000 2.447159
 925.000000 2.047669
 926.000000 2.298196
 927.000000 2.177836
 928.000000 2.152729
 929.000000 2.233748
 930.000000 2.347171
 931.000000 2.349442
 932.000000 2.160764
 933.000000 2.140157
 934.000000 2.377375
 935.000000 2.071045
 936.000000 2.051079
 937.000000 1.894874
 938.000000 2.183353
 939.000000 2.292037
 940.000000 2.265306
 941.000000 2.083242
 942.000000 2.047783
 943.000000 2.009811
 944.000000 1.860236
 945.000000 1.786873
 946.000000 1.869659
 947.000000 1.702986
 948.000000 1.571479
 949.000000 1.795801
 950.000000 1.788823
 951.000000 1.788309
 952.000000 1.875142
 953.000000 2.102535
 954.000000 2.313985
 955.000000 2.429541
 956.000000 2.402474
 957.000000 2.370600
 958.000000 2.321847
 959.000000 2.249124
 960.000000 2.271227
 961.000000 2.217724
 962.000000 2.403760
 963.000000 2.275622
 964.000000 1.819327
 965.000000 2.299801
 966.000000 2.250169
 967.000000 2.290161
 968.000000 2.209191
 969.000000 2.344019
 970.000000 2.291462
 971.000000 2.132223
 972.000000 2.131951
 973.000000 2.279602
 974.000000 2.162602
 975.000000 2.158711
 976.000000 2.317864
 977.000000 2.165184
 978.000000 3.031644
 979.000000 3.036393
 980.000000 2.877927
 981.000000 2.074064
 982.000000 3.469828
 983.000000 3.118699
 984.000000 2.822899
 985.000000 3.830140
 986.000000 3.191801
 987.000000 3.847784
 988.000000 3.478193
 989.000000 3.079991
 990.000000 2.584563
 991.000000 2.733324
 992.000000 3.955479
 993.000000 3.985481
 994.000000 3.796725
 995.000000 3.189675
 996.000000 3.520549
 997.000000 3.316297
 998.000000 1.715801
 999.000000 2.275527
 1000.000000 2.317954
 1001.000000 1.534244
 1002.000000 0.783709
 1003.000000 1.400405
 1004.000000 1.730587
 1005.000000 1.704202
 1006.000000 1.603126
 1007.000000 1.636685
 1008.000000 1.510826
 1009.000000 1.889387
 1010.000000 1.644992
 1011.000000 1.201285
 1012.000000 2.048735
 1013.000000 2.060117
 1014.000000 2.178614
 1015.000000 2.498723
 1016.000000 2.359341
 1017.000000 2.407335
 1018.000000 2.261847
 1019.000000 2.190073
 1020.000000 1.941007
 1021.000000 2.054674
 1022.000000 2.037422
 1023.000000 1.933483
 1024.000000 1.878190
 1025.000000 1.831225
 1026.000000 1.697772
 1027.000000 1.953134
 1028.000000 1.913571
 1029.000000 1.697135
 1030.000000 1.768348
 1031.000000 1.961401
 1032.000000 1.735080
 1033.000000 1.860499
 1034.000000 1.758630
 1035.000000 1.827797
 1036.000000 1.872947
 1037.000000 1.820449
 1038.000000 1.779328
 1039.000000 1.930963
 1040.000000 1.880381
 1041.000000 2.955663
 1042.000000 2.967926
 1043.000000 3.596730
 1044.000000 3.261726
 1045.000000 3.574579
 1046.000000 3.803452
 1047.000000 3.846868
 1048.000000 4.005594
 1049.000000 4.139096
 1050.000000 4.257673
 1051.000000 4.059298
 1052.000000 3.787725
 1053.000000 3.371952
 1054.000000 3.596423
 1055.000000 3.760262
 1056.000000 3.094609
 1057.000000 3.361782
 1058.000000 3.574965
 1059.000000 3.475715
 1060.000000 3.553074
 1061.000000 3.864036
 1062.000000 3.906518
 1063.000000 3.926882
 1064.000000 4.399796
 1065.000000 4.161895
 1066.000000 4.000321
 1067.000000 3.571272
 1068.000000 3.862623
 1069.000000 4.015225
 1070.000000 3.872530
 1071.000000 3.932000
 1072.000000 3.280750
 1073.000000 3.383176
 1074.000000 2.425511
 1075.000000 2.678061
 1076.000000 1.824293
 1077.000000 2.290801
 1078.000000 3.257999
 1079.000000 3.536358
 1080.000000 3.263287
 1081.000000 1.402469
 1082.000000 1.598211
 1083.000000 2.614952
 1084.000000 3.133291
 1085.000000 2.216315
 1086.000000 3.540408
 1087.000000 3.510518
 1088.000000 3.053817
 1089.000000 4.459898
 1090.000000 4.290881
 1091.000000 3.837938
 1092.000000 3.393597
 1093.000000 3.736704
 1094.000000 3.372247
 1095.000000 3.174833
 1096.000000 3.171298
 1097.000000 3.889605
 1098.000000 3.429962
 1099.000000 3.199791
 1100.000000 3.132638
 1101.000000 3.045002
 1102.000000 2.394142
 1103.000000 1.994576
 1104.000000 2.219118
 1105.000000 3.031119
 1106.000000 2.893245
 1107.000000 2.630659
 1108.000000 2.163032
 1109.000000 1.961206
 1110.000000 2.159666
 1111.000000 2.012723
 1112.000000 1.908232
 1113.000000 1.876720
 1114.000000 2.018077
 1115.000000 1.909635
 1116.000000 1.742180
 1117.000000 1.523966
 1118.000000 1.690514
 1119.000000 1.919083
 1120.000000 1.948236
 1121.000000 1.876460
 1122.000000 1.932079
 1123.000000 1.945937
 1124.000000 1.910097
 1125.000000 1.891560
 1126.000000 1.990623
 1127.000000 1.772919
 1128.000000 2.053796
 1129.000000 2.117352
 1130.000000 2.170884
 1131.000000 2.202591
 1132.000000 2.197664
 1133.000000 2.139874
 1134.000000 2.135565
 1135.000000 2.085952
 1136.000000 2.059228
 1137.000000 2.068807
 1138.000000 2.068859
 1139.000000 2.153696
 1140.000000 2.216901
 1141.000000 2.185445
 1142.000000 2.037617
 1143.000000 2.213802
 1144.000000 2.340304
 1145.000000 2.218301
 1146.000000 2.202288
 1147.000000 2.207926
 1148.000000 2.198276
 1149.000000 2.159433
 1150.000000 2.191164
 1151.000000 2.248429
 1152.000000 2.358900
 1153.000000 2.243071
 1154.000000 2.150258
 1155.000000 2.198363
 1156.000000 2.335601
 1157.000000 2.248182
 1158.000000 2.263303
 1159.000000 2.202352
 1160.000000 2.149870
 1161.000000 2.087258
 1162.000000 2.204012
 1163.000000 2.272148
 1164.000000 2.164739
 1165.000000 2.393077
 1166.000000 2.385242
 1167.000000 2.184379
 1168.000000 2.253551
 1169.000000 2.218435
 1170.000000 2.288947
 1171.000000 2.440377
 1172.000000 2.390838
 1173.000000 2.340528
 1174.000000 2.404935
 1175.000000 2.159862
 1176.000000 2.186506
 1177.000000 2.298332
 1178.000000 2.175222
 1179.000000 2.247096
 1180.000000 2.107126
 1181.000000 2.113449
 1182.000000 2.178573
 1183.000000 2.397260
 1184.000000 2.276171
 1185.000000 2.351611
 1186.000000 2.168211
 1187.000000 2.257277
 1188.000000 2.214428
 1189.000000 2.175523
 1190.000000 2.372124
 1191.000000 2.273597
 1192.000000 2.312455
 1193.000000 2.334571
 1194.000000 2.410641
 1195.000000 2.349851
 1196.000000 2.316632
 1197.000000 2.286194
 1198.000000 2.244799
 1199.000000 2.243698
 1200.000000 2.223268
 1201.000000 2.435273
 1202.000000 2.209139
 1203.000000 2.344614
 1204.000000 2.278458
 1205.000000 2.354640
 1206.000000 2.447235
 1207.000000 2.429599
 1208.000000 2.505637
 1209.000000 2.498658
 1210.000000 2.411428
 1211.000000 2.426620
 1212.000000 2.559411
 1213.000000 2.642988
 1214.000000 2.509370
 1215.000000 2.587015
 1216.000000 2.646544
 1217.000000 2.525581
 1218.000000 2.508889
 1219.000000 2.432188
 1220.000000 2.479208
 1221.000000 2.383369
 1222.000000 2.517450
 1223.000000 2.435181
 1224.000000 2.678961
 1225.000000 2.717470
 1226.000000 2.834664
 1227.000000 2.858509
 1228.000000 3.055317
 1229.000000 2.819912
 1230.000000 3.007792
 1231.000000 2.825343
 1232.000000 2.711860
 1233.000000 2.857316
 1234.000000 2.984964
 1235.000000 3.127292
 1236.000000 2.980047
 1237.000000 3.242638
 1238.000000 2.971682
 1239.000000 2.870282
 1240.000000 2.626329
 1241.000000 2.630088
 1242.000000 2.503352
 1243.000000 2.509887
 1244.000000 2.389238
 1245.000000 2.800220
 1246.000000 2.570445
 1247.000000 2.606502
 1248.000000 2.426098
 1249.000000 2.469017
 1250.000000 2.430220
 1251.000000 2.644586
 1252.000000 2.354334
 1253.000000 2.558787
 1254.000000 2.262143
 1255.000000 2.466269
 1256.000000 2.597750
 1257.000000 2.731077
 1258.000000 2.778985
 1259.000000 2.879861
 1260.000000 2.814561
 1261.000000 2.850955
 1262.000000 2.955658
 1263.000000 2.885800
 1264.000000 2.900530
 1265.000000 2.803138
 1266.000000 2.664792
 1267.000000 2.549427
 1268.000000 2.678774
 1269.000000 2.535159
 1270.000000 2.339807
 1271.000000 2.502033
 1272.000000 2.526314
 1273.000000 2.411182
 1274.000000 2.817105
 1275.000000 2.930210
 1276.000000 2.687625
 1277.000000 2.700737
 1278.000000 2.795942
 1279.000000 2.629631
 1280.000000 2.188850
 1281.000000 2.296433
 1282.000000 2.233901
 1283.000000 2.575550
 1284.000000 2.500281
 1285.000000 2.511648
 1286.000000 2.741337
 1287.000000 2.669497
 1288.000000 2.557368
 1289.000000 2.490362
 1290.000000 2.379974
 1291.000000 2.427956
 1292.000000 2.456076
 1293.000000 2.377124
 1294.000000 2.681442
 1295.000000 2.356125
 1296.000000 2.452524
 1297.000000 2.497318
 1298.000000 2.285121
 1299.000000 2.313955
 1300.000000 2.493379
 1301.000000 2.133807
 1302.000000 2.126203
 1303.000000 2.117945
 1304.000000 2.081733
 1305.000000 2.207607
 1306.000000 2.136476
 1307.000000 2.099782
 1308.000000 2.216640
 1309.000000 2.318499
 1310.000000 2.373087
 1311.000000 2.557499
 1312.000000 2.392443
 1313.000000 2.397272
 1314.000000 2.400022
 1315.000000 2.328948
 1316.000000 2.200789
 1317.000000 2.223954
 1318.000000 2.369029
 1319.000000 2.248084
 1320.000000 2.240403
 1321.000000 2.177266
 1322.000000 2.022615
 1323.000000 2.017567
 1324.000000 2.081856
 1325.000000 2.027697
 1326.000000 2.088110
 1327.000000 1.971689
 1328.000000 2.167453
 1329.000000 2.298728
 1330.000000 2.415130
 1331.000000 2.264649
 1332.000000 2.418005
 1333.000000 2.666196
 1334.000000 2.455821
 1335.000000 2.352090
 1336.000000 2.441569
 1337.000000 2.420047
 1338.000000 2.477938
 1339.000000 2.414930
 1340.000000 2.202653
 1341.000000 2.214652
 1342.000000 2.221017
 1343.000000 2.422623
 1344.000000 2.565614
 1345.000000 2.562155
 1346.000000 2.739932
 1347.000000 2.768341
 1348.000000 2.777466
 1349.000000 2.623269
 1350.000000 2.827016
 1351.000000 3.064992
 1352.000000 3.595771
 1353.000000 3.519397
 1354.000000 3.413885
 1355.000000 3.437065
 1356.000000 3.654876
 1357.000000 3.639215
 1358.000000 3.585404
 1359.000000 3.555336
 1360.000000 3.755926
 1361.000000 3.756234
 1362.000000 3.705678
 1363.000000 3.831292
 1364.000000 4.045911
 1365.000000 4.288518
 1366.000000 4.229426
 1367.000000 4.318412
 1368.000000 4.321442
 1369.000000 4.320059
 1370.000000 4.146910
 1371.000000 4.182831
 1372.000000 4.151681
 1373.000000 4.037233
 1374.000000 3.810717
 1375.000000 4.080328
 1376.000000 3.917610
 1377.000000 3.822446
 1378.000000 4.179918
 1379.000000 3.839635
 1380.000000 3.671704
 1381.000000 3.712485
 1382.000000 3.751976
 1383.000000 4.062619
 1384.000000 4.006303
 1385.000000 3.913072
 1386.000000 3.824017
 1387.000000 3.979071
 1388.000000 4.078461
 1389.000000 4.135302
 1390.000000 4.120978
 1391.000000 4.132660
 1392.000000 4.394490
 1393.000000 4.442219
 1394.000000 4.252405
 1395.000000 4.321871
 1396.000000 4.186360
 1397.000000 4.161758
 1398.000000 4.009407
 1399.000000 3.928347
 1400.000000 3.816751
 1401.000000 3.854300
 1402.000000 3.996229
 1403.000000 3.898683
 1404.000000 3.936394
 1405.000000 3.759980
 1406.000000 3.798562
 1407.000000 3.671135
 1408.000000 3.453848
 1409.000000 3.422749
 1410.000000 3.331358
 1411.000000 2.838194
 1412.000000 3.180844
 1413.000000 3.038176
 1414.000000 2.782520
 1415.000000 2.802750
 1416.000000 2.742973
 1417.000000 2.497916
 1418.000000 2.773058
 1419.000000 2.937802
 1420.000000 2.876926
 1421.000000 3.075260
 1422.000000 3.092877
 1423.000000 3.164007
 1424.000000 2.935867
 1425.000000 2.983445
 1426.000000 2.070638
 1427.000000 2.858497
 1428.000000 2.856912
 1429.000000 2.861687
 1430.000000 2.773454
 1431.000000 2.886537
 1432.000000 2.716261
 1433.000000 3.066306
 1434.000000 3.373809
 1435.000000 3.177154
 1436.000000 3.057802
 1437.000000 2.788492
 1438.000000 2.972391
 1439.000000 2.887908
 1440.000000 2.537797
 1441.000000 2.638732
 1442.000000 2.474204
 1443.000000 2.604056
 1444.000000 2.446224
 1445.000000 2.685147
 1446.000000 2.912684
 1447.000000 2.698370
 1448.000000 2.757318
 1449.000000 3.126883
 1450.000000 3.294813
 1451.000000 3.645680
 1452.000000 3.603619
 1453.000000 3.626468
 1454.000000 3.711194
 1455.000000 3.953606
 1456.000000 3.916618
 1457.000000 3.909065
 1458.000000 3.785737
 1459.000000 3.777284
 1460.000000 3.972176
 1461.000000 3.769809
 1462.000000 3.694994
 1463.000000 3.778526
 1464.000000 3.581888
 1465.000000 3.767599
 1466.000000 3.689296
 1467.000000 3.797228
 1468.000000 3.808176
 1469.000000 3.650387
 1470.000000 3.756271
 1471.000000 3.854473
 1472.000000 3.733757
 1473.000000 3.837483
 1474.000000 3.590257
 1475.000000 3.681610
 1476.000000 3.396016
 1477.000000 3.544703
 1478.000000 3.412723
 1479.000000 3.393243
 1480.000000 3.549470
 1481.000000 3.476719
 1482.000000 3.356087
 1483.000000 3.464403
 1484.000000 3.525416
 1485.000000 3.433153
 1486.000000 3.349269
 1487.000000 3.442047
 1488.000000 3.332048
 1489.000000 3.070045
 1490.000000 3.321260
 1491.000000 3.375265
 1492.000000 3.647074
 1493.000000 3.259329
 1494.000000 3.404740
 1495.000000 3.734728
 1496.000000 3.695372
 1497.000000 3.670941
 1498.000000 3.699690
 1499.000000 3.755023
 1500.000000 3.832390
 1501.000000 3.760889
 1502.000000 3.847388
 1503.000000 3.930018
 1504.000000 3.943726
 1505.000000 3.945216
 1506.000000 3.908143
 1507.000000 3.701650
 1508.000000 3.476123
 1509.000000 3.615926
 1510.000000 3.598315
 1511.000000 3.410692
 1512.000000 3.436131
 1513.000000 3.521311
 1514.000000 3.471523
 1515.000000 3.532510
 1516.000000 3.660931
 1517.000000 3.775377
 1518.000000 3.725530
 1519.000000 3.449714
 1520.000000 3.534014
 1521.000000 3.546163
 1522.000000 3.179673
 1523.000000 2.828878
 1524.000000 2.774626
 1525.000000 3.078314
 1526.000000 2.522653
 1527.000000 2.568732
 1528.000000 2.636761
 1529.000000 2.784745
 1530.000000 3.153594
 1531.000000 3.054013
 1532.000000 3.127279
 1533.000000 3.602011
 1534.000000 3.780471
 1535.000000 3.641282
 1536.000000 3.605902
 1537.000000 3.818646
 1538.000000 3.864016
 1539.000000 3.665826
 1540.000000 3.716315
 1541.000000 3.793885
 1542.000000 3.836834
 1543.000000 3.958085
 1544.000000 4.177826
 1545.000000 4.063338
 1546.000000 4.108474
 1547.000000 4.207661
 1548.000000 4.286264
 1549.000000 4.376552
 1550.000000 4.466864
 1551.000000 4.611416
 1552.000000 4.530208
 1553.000000 4.575102
 1554.000000 4.621272
 1555.000000 4.418336
 1556.000000 4.418097
 1557.000000 4.354956
 1558.000000 4.122129
 1559.000000 4.046816
 1560.000000 3.609413
 1561.000000 3.426041
 1562.000000 3.451595
 1563.000000 3.139279
 1564.000000 3.464580
 1565.000000 3.461501
 1566.000000 3.592196
 1567.000000 3.471795
 1568.000000 2.964692
 1569.000000 2.977272
 1570.000000 3.417915
 1571.000000 3.245735
 1572.000000 3.406048
 1573.000000 3.537983
 1574.000000 3.782404
 1575.000000 3.632683
 1576.000000 3.662794
 1577.000000 3.656883
 1578.000000 3.353784
 1579.000000 3.508132
 1580.000000 3.496595
 1581.000000 3.370361
 1582.000000 3.345772
 1583.000000 3.125122
 1584.000000 3.189978
 1585.000000 3.279333
 1586.000000 3.256832
 1587.000000 3.293651
 1588.000000 3.202858
 1589.000000 3.235948
 1590.000000 3.447998
 1591.000000 3.479236
 1592.000000 3.441004
 1593.000000 3.197200
 1594.000000 3.116387
 1595.000000 3.171127
 1596.000000 3.680438
 1597.000000 3.717413
 1598.000000 3.567037
 1599.000000 3.383760
 1600.000000 3.430795
 1601.000000 3.219201
 1602.000000 3.558898
 1603.000000 3.346338
 1604.000000 3.487445
 1605.000000 3.619173
 1606.000000 3.408314
 1607.000000 3.619598
 1608.000000 3.749045
 1609.000000 3.804551
 1610.000000 3.664103
 1611.000000 3.600264
 1612.000000 3.385020
 1613.000000 3.456715
 1614.000000 3.526570
 1615.000000 3.215653
 1616.000000 3.287892
 1617.000000 3.209971
 1618.000000 3.053006
 1619.000000 3.064261
 1620.000000 3.130626
 1621.000000 3.094432
 1622.000000 3.039603
 1623.000000 3.185197
 1624.000000 3.377643
 1625.000000 3.274259
 1626.000000 3.299461
 1627.000000 3.181818
 1628.000000 2.880490
 1629.000000 2.857314
 1630.000000 2.779899
 1631.000000 2.959840
 1632.000000 2.449021
 1633.000000 2.235947
 1634.000000 2.328973
 1635.000000 2.245203
 1636.000000 2.540449
 1637.000000 2.179323
 1638.000000 2.307304
 1639.000000 1.962119
 1640.000000 2.384876
 1641.000000 2.588785
 1642.000000 2.701265
 1643.000000 2.641884
 1644.000000 2.888610
 1645.000000 2.753226
 1646.000000 2.859254
 1647.000000 2.917062
 1648.000000 2.987591
 1649.000000 2.685347
 1650.000000 3.011715
 1651.000000 3.261575
 1652.000000 3.257788
 1653.000000 2.997223
 1654.000000 3.254868
 1655.000000 3.204341
 1656.000000 3.090656
 1657.000000 3.397489
 1658.000000 3.377273
 1659.000000 3.429227
 1660.000000 3.274071
 1661.000000 3.146174
 1662.000000 3.317924
 1663.000000 3.260929
 1664.000000 3.201987
 1665.000000 2.904174
 1666.000000 2.760336
 1667.000000 2.708315
 1668.000000 2.601715
 1669.000000 2.361183
 1670.000000 2.419188
 1671.000000 2.341534
 1672.000000 2.295009
 1673.000000 2.419535
 1674.000000 2.370862
 1675.000000 2.130735
 1676.000000 2.234132
 1677.000000 2.190030
 1678.000000 1.453476
 1679.000000 2.607750
 1680.000000 2.644037
 1681.000000 2.915070
 1682.000000 2.624683
 1683.000000 2.307426
 1684.000000 1.961608
 1685.000000 1.004533
 1686.000000 0.354493
 1687.000000 0.404291
 1688.000000 0.452233
 1689.000000 1.066565
 1690.000000 3.735665
 1691.000000 4.215538
 1692.000000 3.635894
 1693.000000 4.148564
 1694.000000 3.919054
 1695.000000 3.201741
 1696.000000 3.237787
 1697.000000 3.380444
 1698.000000 3.328589
 1699.000000 2.257325
 1700.000000 2.167624
 1701.000000 2.566390
 1702.000000 3.791201
 1703.000000 4.111833
 1704.000000 4.402057
 1705.000000 4.449260
 1706.000000 3.086711
 1707.000000 3.000319
 1708.000000 2.565452
 1709.000000 3.195080
 1710.000000 2.998481
 1711.000000 3.499747
 1712.000000 3.711260
 1713.000000 3.617013
 1714.000000 3.235348
 1715.000000 4.034427
 1716.000000 3.419960
 1717.000000 4.047746
 1718.000000 3.837040
 1719.000000 3.766324
 1720.000000 3.990916
 1721.000000 3.924423
 1722.000000 3.234219
 1723.000000 2.406765
 1724.000000 2.213604
 1725.000000 1.501466
 1726.000000 1.947087
 1727.000000 1.620796
 1728.000000 1.376455
 1729.000000 1.885917
 1730.000000 1.659876
 1731.000000 1.294058
 1732.000000 1.162451
 1733.000000 1.366628
 1734.000000 1.489923
 1735.000000 1.345059
 1736.000000 1.476984
 1737.000000 0.895310
 1738.000000 1.767244
 1739.000000 1.598671
 1740.000000 1.286150
 1741.000000 1.019534
 1742.000000 3.292593
 1743.000000 1.370477
 1744.000000 2.096741
 1745.000000 0.737074
 1746.000000 1.047982
 1747.000000 1.505548
 1748.000000 2.597362
 1749.000000 2.107237
 1750.000000 0.901771
 1751.000000 1.096741
 1752.000000 1.787939
 1753.000000 1.908006
 1754.000000 1.341868
 1755.000000 2.851901
 1756.000000 2.675295
 1757.000000 2.614981
 1758.000000 2.932793
 1759.000000 2.985993
 1760.000000 2.613473
 1761.000000 2.863900
 1762.000000 2.574378
 1763.000000 2.263523
 1764.000000 2.090268
 1765.000000 1.598698
 1766.000000 1.764212
 1767.000000 0.481190
 1768.000000 0.795638
 1769.000000 1.948692
 1770.000000 3.237063
 1771.000000 4.339852
 1772.000000 4.483522
 1773.000000 3.574894
 1774.000000 2.331938
 1775.000000 2.584815
 1776.000000 3.552638
 1777.000000 2.762980
 1778.000000 3.537812
 1779.000000 3.096085
 1780.000000 3.330815
 1781.000000 3.108552
 1782.000000 4.116570
 1783.000000 3.389903
 1784.000000 4.611150
 1785.000000 2.990813
 1786.000000 3.003125
 1787.000000 3.088147
 1788.000000 1.967710
 1789.000000 3.551601
 1790.000000 2.218028
 1791.000000 2.991583
 1792.000000 3.134511
 1793.000000 3.748534
 1794.000000 3.428967
 1795.000000 3.036860
 1796.000000 3.143553
 1797.000000 3.169516
 1798.000000 2.214082
 1799.000000 2.316480
 1800.000000 2.813601
 1801.000000 2.264383
 1802.000000 3.380917
 1803.000000 3.522392
 1804.000000 3.232308
 1805.000000 2.632625
 1806.000000 1.584811
 1807.000000 2.505320
 1808.000000 2.682902
 1809.000000 2.770894
 1810.000000 2.766861
 1811.000000 2.978138
 1812.000000 3.076285
 1813.000000 2.878498
 1814.000000 2.998988
 1815.000000 3.340784
 1816.000000 3.209116
 1817.000000 3.489813
 1818.000000 2.764391
 1819.000000 2.988477
 1820.000000 2.678980
 1821.000000 3.111741
 1822.000000 3.113510
 1823.000000 2.833828
 1824.000000 2.634106
 1825.000000 2.737435
 1826.000000 2.992966
 1827.000000 2.985391
 1828.000000 2.846017
 1829.000000 3.099820
 1830.000000 2.016897
 1831.000000 1.879226
 1832.000000 2.980883
 1833.000000 3.114993
 1834.000000 3.302849
 1835.000000 3.034498
 1836.000000 2.792204
 1837.000000 2.940133
 1838.000000 2.625195
 1839.000000 2.438577
 1840.000000 3.263621
 1841.000000 3.247748
 1842.000000 3.294955
 1843.000000 3.058812
 1844.000000 3.429284
 1845.000000 3.255752
 1846.000000 3.212398
 1847.000000 3.729895
 1848.000000 3.241240
 1849.000000 3.983017
 1850.000000 3.632898
 1851.000000 3.585616
 1852.000000 3.330054
 1853.000000 3.568116
 1854.000000 3.340797
 1855.000000 3.282536
 1856.000000 2.852477
 1857.000000 3.064625
 1858.000000 2.624042
 1859.000000 3.364206
 1860.000000 3.677103
 1861.000000 3.763870
 1862.000000 3.308022
 1863.000000 3.985397
 1864.000000 2.775967
 1865.000000 3.781743
 1866.000000 2.931002
 1867.000000 2.580541
 1868.000000 2.908276
 1869.000000 3.050898
 1870.000000 2.425412
 1871.000000 3.374461
 1872.000000 3.575070
 1873.000000 4.021281
 1874.000000 3.879678
 1875.000000 3.543616
 1876.000000 3.346854
 1877.000000 3.233983
 1878.000000 3.096096
 1879.000000 3.275020
 1880.000000 3.553856
 1881.000000 3.221774
 1882.000000 3.490524
 1883.000000 3.790268
 1884.000000 3.805493
 1885.000000 3.523660
 1886.000000 3.607419
 1887.000000 3.646627
 1888.000000 3.722022
 1889.000000 3.591036
 1890.000000 3.882076
 1891.000000 4.389901
 1892.000000 4.255928
 1893.000000 3.816831
 1894.000000 4.210866
 1895.000000 4.596424
 1896.000000 4.644321
 1897.000000 4.553755
 1898.000000 4.418340
 1899.000000 4.080806
 1900.000000 3.838516
 1901.000000 3.929293
 1902.000000 4.002247
 1903.000000 3.945436
 1904.000000 2.134347
 1905.000000 2.309999
 1906.000000 2.882132
 1907.000000 3.339343
 1908.000000 3.131764
 1909.000000 2.506766
 1910.000000 2.786339
 1911.000000 3.158746
 1912.000000 3.801487
 1913.000000 3.283621
 1914.000000 3.373721
 1915.000000 2.956765
 1916.000000 3.491673
 1917.000000 3.397963
 1918.000000 4.219272
 1919.000000 3.014947
 1920.000000 1.996786
 1921.000000 2.012443
 1922.000000 2.296239
 1923.000000 2.150786
 1924.000000 2.583941
 1925.000000 2.956308
 1926.000000 2.802021
 1927.000000 2.458018
 1928.000000 2.342699
 1929.000000 1.411853
 1930.000000 2.387981
 1931.000000 1.869992
 1932.000000 2.193777
 1933.000000 2.420184
 1934.000000 2.381284
 1935.000000 2.602691
 1936.000000 2.687858
 1937.000000 2.814675
 1938.000000 2.264433
 1939.000000 2.522668
 1940.000000 2.156086
 1941.000000 2.646128
 1942.000000 2.882195
 1943.000000 3.281848
 1944.000000 3.182712
 1945.000000 2.852355
 1946.000000 3.029694
 1947.000000 2.927987
 1948.000000 3.020568
 1949.000000 2.832351
 1950.000000 3.120903
 1951.000000 2.758763
 1952.000000 2.938983
 1953.000000 3.144070
 1954.000000 2.920885
 1955.000000 2.717583
 1956.000000 2.885905
 1957.000000 2.962083
 1958.000000 3.053668
 1959.000000 3.361698
 1960.000000 3.193514
 1961.000000 3.193598
 1962.000000 3.029455
 1963.000000 3.232555
 1964.000000 2.576080
 1965.000000 3.159361
 1966.000000 3.016545
 1967.000000 2.713639
 1968.000000 2.680613
 1969.000000 3.231942
 1970.000000 1.967603
 1971.000000 1.424635
 1972.000000 1.760805
 1973.000000 2.827767
 1974.000000 1.406184
 1975.000000 0.388088
 1976.000000 0.454924
 1977.000000 1.013958
 1978.000000 0.507149
 1979.000000 2.448543
 1980.000000 2.296044
 1981.000000 2.615335
 1982.000000 2.612025
 1983.000000 3.539678
 1984.000000 3.734350
 1985.000000 3.043003
 1986.000000 2.637357
 1987.000000 3.850253
 1988.000000 3.586292
 1989.000000 3.553541
 1990.000000 3.476194
 1991.000000 3.173521
 1992.000000 2.703984
 1993.000000 2.859962
 1994.000000 4.049392
 1995.000000 3.108130
 1996.000000 2.148006
 1997.000000 3.591991
 1998.000000 2.895859
 1999.000000 2.769877
 2000.000000 3.167939
 2001.000000 2.239256
 2002.000000 2.932498
 2003.000000 3.074435
 2004.000000 2.940010
 2005.000000 3.032333
 2006.000000 3.275875
 2007.000000 2.978432
 2008.000000 2.767411
 2009.000000 3.272365
 2010.000000 2.906916
 2011.000000 3.041374
 2012.000000 2.879695
 2013.000000 2.623886
 2014.000000 3.085095
 2015.000000 3.451377
 2016.000000 2.909366
 2017.000000 3.274048
 2018.000000 3.284045
 2019.000000 4.351712
 2020.000000 4.010620
 2021.000000 4.103061
 2022.000000 4.066761
 2023.000000 4.066841
 2024.000000 3.874846
