#! FIELDS time r30.min
 0.000000 2.726375
 1.000000 2.820456
 2.000000 2.810327
 3.000000 3.139992
 4.000000 2.790540
 5.000000 2.211248
 6.000000 1.911259
 7.000000 1.143946
 8.000000 1.422443
 9.000000 2.857024
 10.000000 1.731970
 11.000000 2.111319
 12.000000 3.634924
 13.000000 3.735518
 14.000000 3.212407
 15.000000 3.307204
 16.000000 3.389081
 17.000000 3.405312
 18.000000 3.105108
 19.000000 3.152850
 20.000000 2.809981
 21.000000 2.859632
 22.000000 3.105618
 23.000000 2.869177
 24.000000 3.923344
 25.000000 1.954716
 26.000000 1.543290
 27.000000 1.523520
 28.000000 1.270351
 29.000000 1.509864
 30.000000 1.959087
 31.000000 2.290189
 32.000000 3.366891
 33.000000 3.371703
 34.000000 1.957900
 35.000000 2.691529
 36.000000 3.278673
 37.000000 2.865748
 38.000000 3.999846
 39.000000 3.720399
 40.000000 3.946338
 41.000000 4.073930
 42.000000 4.527381
 43.000000 2.983078
 44.000000 0.781641
 45.000000 0.788896
 46.000000 0.881606
 47.000000 1.744602
 48.000000 1.505771
 49.000000 1.774065
 50.000000 1.246620
 51.000000 1.537566
 52.000000 1.312305
 53.000000 1.708076
 54.000000 1.476367
 55.000000 1.420926
 56.000000 1.333115
 57.000000 1.427266
 58.000000 1.183613
 59.000000 1.254942
 60.000000 1.441253
 61.000000 1.353946
 62.000000 1.263851
 63.000000 2.130435
 64.000000 2.136715
 65.000000 2.298560
 66.000000 3.053519
 67.000000 3.820937
 68.000000 3.246418
 69.000000 3.564598
 70.000000 3.677504
 71.000000 3.648359
 72.000000 4.002699
 73.000000 4.335463
 74.000000 4.074640
 75.000000 3.148303
 76.000000 4.220962
 77.000000 3.922340
 78.000000 3.234569
 79.000000 3.111407
 80.000000 3.023064
 81.000000 3.087080
 82.000000 2.790474
 83.000000 3.146547
 84.000000 3.612467
 85.000000 3.516640
 86.000000 3.573981
 87.000000 3.362649
 88.000000 3.813414
 89.000000 3.976885
 90.000000 4.216025
 91.000000 4.283393
 92.000000 4.122056
 93.000000 3.758755
 94.000000 3.833688
 95.000000 4.493191
 96.000000 4.212395
 97.000000 2.893149
 98.000000 2.249532
 99.000000 0.814924
 100.000000 2.594591
 101.000000 2.018188
 102.000000 3.294399
 103.000000 2.586452
 104.000000 3.719004
 105.000000 3.130912
 106.000000 4.079838
 107.000000 2.711845
 108.000000 1.573185
 109.000000 1.541247
 110.000000 1.637243
 111.000000 1.742089
 112.000000 2.138065
 113.000000 2.631690
 114.000000 2.746607
 115.000000 2.430233
 116.000000 2.492723
 117.000000 2.749014
 118.000000 2.612960
 119.000000 2.104793
 120.000000 2.350484
 121.000000 2.414487
 122.000000 2.514923
 123.000000 2.333268
 124.000000 2.553675
 125.000000 2.153833
 126.000000 2.291599
 127.000000 1.662290
 128.000000 1.829551
 129.000000 0.807236
 130.000000 0.816858
 131.000000 0.584396
 132.000000 0.767757
 133.000000 1.234881
 134.000000 0.955000
 135.000000 1.171898
 136.000000 1.739376
 137.000000 1.281861
 138.000000 0.750700
 139.000000 0.622580
 140.000000 0.578580
 141.000000 1.078900
 142.000000 2.488993
 143.000000 2.749302
 144.000000 2.369666
 145.000000 1.785816
 146.000000 3.481649
 147.000000 3.672217
 148.000000 3.039551
 149.000000 3.192530
 150.000000 3.267998
 151.000000 3.164298
 152.000000 2.259097
 153.000000 2.986374
 154.000000 2.976111
 155.000000 3.255814
 156.000000 3.695099
 157.000000 3.128665
 158.000000 3.305727
 159.000000 3.179595
 160.000000 3.498738
 161.000000 3.780224
 162.000000 4.048324
 163.000000 3.406306
 164.000000 3.177893
 165.000000 3.653994
 166.000000 3.239229
 167.000000 2.945780
 168.000000 3.673149
 169.000000 3.561190
 170.000000 3.495959
 171.000000 3.338141
 172.000000 3.550052
 173.000000 3.625261
 174.000000 3.553859
 175.000000 3.651378
 176.000000 3.613092
 177.000000 3.484787
 178.000000 3.485919
 179.000000 3.587128
 180.000000 3.594063
 181.000000 3.563239
 182.000000 3.502633
 183.000000 3.495780
 184.000000 3.511585
 185.000000 3.456665
 186.000000 3.364733
 187.000000 3.444091
 188.000000 3.483682
 189.000000 3.440760
 190.000000 3.566440
 191.000000 3.609593
 192.000000 3.746628
 193.000000 3.568287
 194.000000 3.667243
 195.000000 3.610235
 196.000000 3.601224
 197.000000 3.671796
 198.000000 3.523135
 199.000000 3.572458
 200.000000 3.506506
 201.000000 3.568503
 202.000000 3.574326
 203.000000 3.641512
 204.000000 3.541860
 205.000000 3.252847
 206.000000 2.774827
 207.000000 2.919533
 208.000000 3.044286
 209.000000 3.297106
 210.000000 3.434246
 211.000000 3.312325
 212.000000 2.819491
 213.000000 2.961604
 214.000000 3.299936
 215.000000 3.376529
 216.000000 3.543743
 217.000000 3.232606
 218.000000 3.523322
 219.000000 3.685326
 220.000000 3.469789
 221.000000 3.671558
 222.000000 3.665474
 223.000000 3.762004
 224.000000 3.867930
 225.000000 4.010577
 226.000000 3.829492
 227.000000 3.726579
 228.000000 3.736987
 229.000000 3.745757
 230.000000 3.720503
 231.000000 3.751245
 232.000000 3.658318
 233.000000 3.948306
 234.000000 3.972606
 235.000000 3.910780
 236.000000 3.875934
 237.000000 3.853709
 238.000000 3.511555
 239.000000 3.801395
 240.000000 4.004883
 241.000000 3.996065
 242.000000 3.860203
 243.000000 3.874966
 244.000000 4.448318
 245.000000 4.269544
 246.000000 4.246325
 247.000000 4.184792
 248.000000 4.295682
 249.000000 4.267408
 250.000000 4.345997
 251.000000 4.393194
 252.000000 4.472780
 253.000000 4.163888
 254.000000 4.158197
 255.000000 3.799834
 256.000000 3.918500
 257.000000 3.763937
 258.000000 3.831053
 259.000000 3.954943
 260.000000 3.989312
 261.000000 3.785430
 262.000000 4.653625
 263.000000 4.445997
 264.000000 2.984368
 265.000000 2.778062
 266.000000 1.904592
 267.000000 3.072876
 268.000000 4.349274
 269.000000 4.652976
 270.000000 4.886545
 271.000000 4.840968
 272.000000 4.326057
 273.000000 4.789185
 274.000000 4.509883
 275.000000 3.980141
 276.000000 3.776316
 277.000000 3.217278
 278.000000 2.909490
 279.000000 2.767786
 280.000000 3.764183
 281.000000 4.548701
 282.000000 3.067408
 283.000000 3.653190
 284.000000 2.562950
 285.000000 4.199307
 286.000000 4.118588
 287.000000 4.457351
 288.000000 3.997312
 289.000000 2.876601
 290.000000 3.632488
 291.000000 3.373947
 292.000000 3.092479
 293.000000 3.286425
 294.000000 2.877600
 295.000000 2.699551
 296.000000 3.076401
 297.000000 3.672296
 298.000000 3.327460
 299.000000 2.824475
 300.000000 2.463048
 301.000000 2.419278
 302.000000 2.441115
 303.000000 3.063169
 304.000000 3.524893
 305.000000 3.746391
 306.000000 3.915289
 307.000000 3.548480
 308.000000 2.957153
 309.000000 3.164267
 310.000000 1.865513
 311.000000 1.421002
 312.000000 3.299716
 313.000000 3.390355
 314.000000 3.692338
 315.000000 3.403832
 316.000000 4.148032
 317.000000 3.301982
 318.000000 4.232579
 319.000000 3.770643
 320.000000 4.220092
 321.000000 3.544239
 322.000000 3.272711
 323.000000 3.613752
 324.000000 3.406837
 325.000000 3.427727
 326.000000 3.967460
 327.000000 4.103596
 328.000000 3.171995
 329.000000 3.906108
 330.000000 2.972791
 331.000000 3.517275
 332.000000 3.274604
 333.000000 1.714732
 334.000000 0.904078
 335.000000 2.704820
 336.000000 4.124861
 337.000000 4.171958
 338.000000 3.891616
 339.000000 3.909388
 340.000000 3.809412
 341.000000 3.646411
 342.000000 3.622099
 343.000000 3.748627
 344.000000 3.524674
 345.000000 3.541529
 346.000000 3.525772
 347.000000 3.839638
 348.000000 3.619602
 349.000000 3.675194
 350.000000 3.662953
 351.000000 3.312680
 352.000000 3.480473
 353.000000 3.598112
 354.000000 3.605787
 355.000000 3.443555
 356.000000 3.636553
 357.000000 3.289593
 358.000000 2.876894
 359.000000 3.058110
 360.000000 3.339912
 361.000000 3.466736
 362.000000 3.494790
 363.000000 3.744446
 364.000000 3.968461
 365.000000 4.048589
 366.000000 3.730765
 367.000000 3.875609
 368.000000 3.725854
 369.000000 3.795256
 370.000000 3.643959
 371.000000 3.700120
 372.000000 3.560710
 373.000000 3.764240
 374.000000 3.464764
 375.000000 3.679773
 376.000000 3.771395
 377.000000 3.857657
 378.000000 3.805658
 379.000000 3.699062
 380.000000 3.824031
 381.000000 3.786365
 382.000000 3.763886
 383.000000 3.696888
 384.000000 3.661951
 385.000000 3.816937
 386.000000 3.741558
 387.000000 3.484846
 388.000000 3.797847
 389.000000 3.710059
 390.000000 3.721020
 391.000000 3.855329
 392.000000 3.797496
 393.000000 3.863453
 394.000000 3.954753
 395.000000 3.824007
 396.000000 3.944053
 397.000000 3.775398
 398.000000 3.952660
 399.000000 3.681419
 400.000000 3.735546
 401.000000 3.757444
 402.000000 3.477177
 403.000000 3.742032
 404.000000 3.801532
 405.000000 3.704516
 406.000000 3.691429
 407.000000 3.610409
 408.000000 3.754808
 409.000000 3.545672
 410.000000 3.450735
 411.000000 3.754272
 412.000000 3.618997
 413.000000 3.512075
 414.000000 3.634375
 415.000000 3.669876
 416.000000 3.635712
 417.000000 3.768058
 418.000000 3.819794
 419.000000 3.869337
 420.000000 3.739857
 421.000000 4.442335
 422.000000 3.732207
 423.000000 3.836367
 424.000000 3.906704
 425.000000 3.833732
 426.000000 3.805107
 427.000000 3.823815
 428.000000 3.791708
 429.000000 3.740700
 430.000000 3.941274
 431.000000 3.813933
 432.000000 4.052605
 433.000000 4.002116
 434.000000 3.889868
 435.000000 3.899049
 436.000000 3.720338
 437.000000 3.760122
 438.000000 3.772030
 439.000000 3.898857
 440.000000 3.865697
 441.000000 3.527475
 442.000000 3.598936
 443.000000 4.073779
 444.000000 4.084840
 445.000000 4.211775
 446.000000 3.590188
 447.000000 4.722795
 448.000000 3.051220
 449.000000 4.796287
 450.000000 5.033435
 451.000000 5.314783
 452.000000 3.517121
 453.000000 3.628408
 454.000000 2.532928
 455.000000 3.808371
 456.000000 4.834509
 457.000000 3.798787
 458.000000 4.096988
 459.000000 4.520101
 460.000000 4.297785
 461.000000 3.577137
 462.000000 3.440800
 463.000000 3.821513
 464.000000 3.009469
 465.000000 2.965776
 466.000000 3.453834
 467.000000 2.859385
 468.000000 3.530671
 469.000000 3.834459
 470.000000 3.802725
 471.000000 3.968649
 472.000000 3.436193
 473.000000 2.727351
 474.000000 2.085489
 475.000000 1.360617
 476.000000 2.211404
 477.000000 1.171719
 478.000000 2.703593
 479.000000 2.722559
 480.000000 2.627065
 481.000000 3.130341
 482.000000 3.394083
 483.000000 4.138459
 484.000000 4.326999
 485.000000 4.020124
 486.000000 3.159516
 487.000000 3.648691
 488.000000 3.200975
 489.000000 1.710086
 490.000000 0.876957
 491.000000 1.007877
 492.000000 1.805144
 493.000000 2.709155
 494.000000 2.810945
 495.000000 2.591133
 496.000000 2.880979
 497.000000 3.354317
 498.000000 3.785836
 499.000000 3.828700
 500.000000 4.001995
 501.000000 4.049249
 502.000000 4.664436
 503.000000 4.360345
 504.000000 3.202433
 505.000000 3.484429
 506.000000 3.704883
 507.000000 3.805019
 508.000000 3.179558
 509.000000 3.535183
 510.000000 3.878515
 511.000000 3.821914
 512.000000 3.283106
 513.000000 3.104708
 514.000000 3.461138
 515.000000 3.541829
 516.000000 3.689619
 517.000000 3.020087
 518.000000 3.501749
 519.000000 2.673537
 520.000000 3.035076
 521.000000 3.754926
 522.000000 4.261302
 523.000000 2.678544
 524.000000 2.298238
 525.000000 2.012692
 526.000000 1.707288
 527.000000 2.008549
 528.000000 2.738948
 529.000000 2.794023
 530.000000 3.065143
 531.000000 2.882251
 532.000000 2.916678
 533.000000 3.654569
 534.000000 3.213095
 535.000000 3.289338
 536.000000 3.434422
 537.000000 4.040146
 538.000000 3.995163
 539.000000 3.885983
 540.000000 3.731380
 541.000000 3.141403
 542.000000 3.870662
 543.000000 3.669965
 544.000000 3.718383
 545.000000 2.763757
 546.000000 2.449183
 547.000000 2.168103
 548.000000 1.932315
 549.000000 2.201814
 550.000000 2.181915
 551.000000 2.215926
 552.000000 2.283718
 553.000000 2.243539
 554.000000 2.501584
 555.000000 2.597363
 556.000000 2.483367
 557.000000 2.206461
 558.000000 2.426324
 559.000000 2.332190
 560.000000 2.391206
 561.000000 2.335106
 562.000000 2.266547
 563.000000 1.975126
 564.000000 1.953335
 565.000000 2.172809
 566.000000 1.941500
 567.000000 2.154672
 568.000000 2.015183
 569.000000 1.692978
 570.000000 1.679350
 571.000000 1.561172
 572.000000 1.699085
 573.000000 1.654106
 574.000000 2.078019
 575.000000 1.992336
 576.000000 2.276664
 577.000000 2.481686
 578.000000 2.567432
 579.000000 3.856762
 580.000000 2.997303
 581.000000 3.554217
 582.000000 3.195635
 583.000000 3.279483
 584.000000 3.512172
 585.000000 2.767022
 586.000000 3.658023
 587.000000 3.514031
 588.000000 3.438184
 589.000000 3.658342
 590.000000 4.155613
 591.000000 3.409427
 592.000000 3.422731
 593.000000 3.600795
 594.000000 3.442044
 595.000000 4.031150
 596.000000 3.873975
 597.000000 4.103070
 598.000000 4.129915
 599.000000 4.075524
 600.000000 4.096781
 601.000000 4.121866
 602.000000 4.162843
 603.000000 4.199817
 604.000000 4.050966
 605.000000 4.077289
 606.000000 3.984227
 607.000000 4.095257
 608.000000 3.930605
 609.000000 3.900669
 610.000000 4.011051
 611.000000 4.022339
 612.000000 4.009277
 613.000000 4.116754
 614.000000 3.983360
 615.000000 4.230746
 616.000000 4.147028
 617.000000 4.191241
 618.000000 4.596026
 619.000000 4.142375
 620.000000 3.950609
 621.000000 4.012547
 622.000000 4.149251
 623.000000 4.085491
 624.000000 4.476127
 625.000000 4.092765
 626.000000 4.059415
 627.000000 4.425043
 628.000000 3.985093
 629.000000 4.326622
 630.000000 4.529864
 631.000000 4.363665
 632.000000 4.192896
 633.000000 4.371975
 634.000000 4.106942
 635.000000 4.122385
 636.000000 4.170263
 637.000000 4.243071
 638.000000 4.304540
 639.000000 4.057765
 640.000000 4.060188
 641.000000 4.457957
 642.000000 4.235521
 643.000000 4.403799
 644.000000 4.334590
 645.000000 4.349230
 646.000000 4.324355
 647.000000 4.337396
 648.000000 4.190557
 649.000000 4.212917
 650.000000 4.129698
 651.000000 4.256988
 652.000000 4.577479
 653.000000 3.878910
 654.000000 4.052417
 655.000000 4.175934
 656.000000 4.219613
 657.000000 4.277724
 658.000000 4.183680
 659.000000 4.411179
 660.000000 4.325285
 661.000000 4.264156
 662.000000 4.326730
 663.000000 4.245696
 664.000000 4.162815
 665.000000 4.289922
 666.000000 3.812864
 667.000000 3.907427
 668.000000 3.928244
 669.000000 4.049074
 670.000000 3.982700
 671.000000 3.888845
 672.000000 3.861503
 673.000000 4.113628
 674.000000 4.077011
 675.000000 4.201549
 676.000000 4.140766
 677.000000 4.141867
 678.000000 4.231333
 679.000000 4.382447
 680.000000 4.295619
 681.000000 4.165528
 682.000000 4.034935
 683.000000 4.056490
 684.000000 4.154188
 685.000000 4.204190
 686.000000 4.153332
 687.000000 4.002421
 688.000000 3.945575
 689.000000 4.199924
 690.000000 4.213406
 691.000000 3.904348
 692.000000 3.580325
 693.000000 3.891002
 694.000000 4.212404
 695.000000 3.960735
 696.000000 3.727381
 697.000000 4.007079
 698.000000 4.323451
 699.000000 4.250592
 700.000000 4.202137
 701.000000 4.081889
 702.000000 3.908870
 703.000000 3.787586
 704.000000 3.285995
 705.000000 2.142748
 706.000000 2.337397
 707.000000 4.150286
 708.000000 4.095152
 709.000000 4.432209
 710.000000 4.591163
 711.000000 4.343594
 712.000000 3.460076
 713.000000 4.018364
 714.000000 3.668797
 715.000000 3.937585
 716.000000 3.909584
 717.000000 4.000583
 718.000000 3.215583
 719.000000 2.941926
 720.000000 3.158539
 721.000000 2.239175
 722.000000 3.733559
 723.000000 3.937368
 724.000000 2.405476
 725.000000 1.169390
 726.000000 3.028244
 727.000000 2.758345
 728.000000 4.157584
 729.000000 3.754707
 730.000000 4.287141
 731.000000 3.958187
 732.000000 3.162372
 733.000000 3.684096
 734.000000 3.992222
 735.000000 3.897212
 736.000000 3.179616
 737.000000 2.953090
 738.000000 4.016396
 739.000000 2.811602
 740.000000 3.562792
 741.000000 2.680305
 742.000000 3.791298
 743.000000 2.851365
 744.000000 3.290023
 745.000000 3.031118
 746.000000 2.377476
 747.000000 2.464362
 748.000000 3.384365
 749.000000 3.540485
 750.000000 3.654507
 751.000000 3.498945
 752.000000 3.634756
 753.000000 3.590056
 754.000000 3.402251
 755.000000 2.988790
 756.000000 3.262862
 757.000000 2.977566
 758.000000 2.183321
 759.000000 2.159182
 760.000000 0.615345
 761.000000 1.610550
 762.000000 1.736751
 763.000000 1.771292
 764.000000 3.309993
 765.000000 3.522948
 766.000000 3.058536
 767.000000 3.692912
 768.000000 3.823934
 769.000000 3.412086
 770.000000 3.500450
 771.000000 3.793970
 772.000000 3.787818
 773.000000 3.440056
 774.000000 2.989770
 775.000000 2.214004
 776.000000 2.634179
 777.000000 2.893692
 778.000000 2.816162
 779.000000 2.737885
 780.000000 3.379732
 781.000000 2.966393
 782.000000 3.083777
 783.000000 2.915067
 784.000000 3.299021
 785.000000 3.690925
 786.000000 4.190497
 787.000000 3.325516
 788.000000 3.167513
 789.000000 3.694684
 790.000000 3.264553
 791.000000 3.515869
 792.000000 3.808267
 793.000000 4.389654
 794.000000 4.812490
 795.000000 4.384821
 796.000000 4.088835
 797.000000 4.525329
 798.000000 4.010605
 799.000000 3.005920
 800.000000 2.676242
 801.000000 2.539692
 802.000000 2.340356
 803.000000 3.502210
 804.000000 3.476097
 805.000000 3.265053
 806.000000 3.000072
 807.000000 2.466864
 808.000000 2.234522
 809.000000 3.061074
 810.000000 2.925217
 811.000000 3.305377
 812.000000 3.493149
 813.000000 3.563189
 814.000000 2.971983
 815.000000 2.581461
 816.000000 3.479443
 817.000000 4.223136
 818.000000 4.139971
 819.000000 4.317873
 820.000000 3.817045
 821.000000 3.609407
 822.000000 3.887992
 823.000000 3.563746
 824.000000 3.242674
 825.000000 2.583267
 826.000000 2.905271
 827.000000 2.867132
 828.000000 2.472760
 829.000000 3.231270
 830.000000 3.286229
 831.000000 3.332596
 832.000000 3.120172
 833.000000 3.309345
 834.000000 3.267479
 835.000000 3.482518
 836.000000 3.442341
 837.000000 3.212882
 838.000000 3.420000
 839.000000 3.018241
 840.000000 3.317266
 841.000000 3.811906
 842.000000 2.612362
 843.000000 3.062989
 844.000000 3.891880
 845.000000 3.677700
 846.000000 3.569943
 847.000000 3.525310
 848.000000 3.345193
 849.000000 4.096174
 850.000000 4.153282
 851.000000 3.582220
 852.000000 3.660945
 853.000000 3.668712
 854.000000 3.652733
 855.000000 4.719711
 856.000000 4.098941
 857.000000 3.783699
 858.000000 4.345857
 859.000000 4.025586
 860.000000 3.529931
 861.000000 3.635309
 862.000000 3.420003
 863.000000 3.768312
 864.000000 3.994490
 865.000000 3.732527
 866.000000 3.321705
 867.000000 4.074033
 868.000000 3.688937
 869.000000 3.114254
 870.000000 3.564074
 871.000000 3.940923
 872.000000 3.889217
 873.000000 3.840735
 874.000000 3.766847
 875.000000 3.913818
 876.000000 3.623580
 877.000000 3.977678
 878.000000 3.428555
 879.000000 3.842750
 880.000000 3.225781
 881.000000 4.424305
 882.000000 3.167456
 883.000000 4.276593
 884.000000 3.839047
 885.000000 4.272358
 886.000000 3.840142
 887.000000 3.637024
 888.000000 3.598885
 889.000000 3.834895
 890.000000 3.695726
 891.000000 3.585209
 892.000000 4.020133
 893.000000 4.100702
 894.000000 3.982551
 895.000000 3.699319
 896.000000 3.283940
 897.000000 3.539144
 898.000000 3.655311
 899.000000 3.832325
 900.000000 3.408488
 901.000000 3.474759
 902.000000 3.654462
 903.000000 4.403671
 904.000000 4.065454
 905.000000 3.972545
 906.000000 3.377351
 907.000000 2.687573
 908.000000 2.014412
 909.000000 1.911789
 910.000000 1.735124
 911.000000 2.099535
 912.000000 1.753824
 913.000000 2.037178
 914.000000 2.070084
 915.000000 2.033105
 916.000000 1.791482
 917.000000 1.757637
 918.000000 1.725682
 919.000000 1.669786
 920.000000 1.830595
 921.000000 2.061063
 922.000000 2.142838
 923.000000 2.223741
 924.000000 2.486876
 925.000000 2.058972
 926.000000 2.115466
 927.000000 2.142130
 928.000000 2.223514
 929.000000 2.379147
 930.000000 2.533122
 931.000000 2.325060
 932.000000 2.321178
 933.000000 2.275000
 934.000000 2.466908
 935.000000 2.156212
 936.000000 2.048316
 937.000000 2.193158
 938.000000 2.258547
 939.000000 2.340351
 940.000000 2.440479
 941.000000 2.340231
 942.000000 2.278947
 943.000000 2.258399
 944.000000 2.036617
 945.000000 2.030526
 946.000000 1.999489
 947.000000 2.088007
 948.000000 1.955057
 949.000000 1.911757
 950.000000 1.962735
 951.000000 1.928342
 952.000000 2.159158
 953.000000 2.000857
 954.000000 2.178396
 955.000000 2.115476
 956.000000 2.020825
 957.000000 2.050513
 958.000000 1.860061
 959.000000 2.083299
 960.000000 2.218622
 961.000000 2.081791
 962.000000 2.227069
 963.000000 2.170953
 964.000000 1.761934
 965.000000 2.190259
 966.000000 2.233268
 967.000000 2.067319
 968.000000 2.029097
 969.000000 1.982306
 970.000000 2.101776
 971.000000 2.229504
 972.000000 1.979871
 973.000000 2.065437
 974.000000 1.930559
 975.000000 1.895282
 976.000000 2.038733
 977.000000 1.993214
 978.000000 3.154399
 979.000000 2.987738
 980.000000 3.218191
 981.000000 2.800617
 982.000000 4.072197
 983.000000 3.095173
 984.000000 2.738744
 985.000000 4.345073
 986.000000 3.807903
 987.000000 4.335255
 988.000000 3.991775
 989.000000 3.673928
 990.000000 3.379437
 991.000000 3.387188
 992.000000 3.899620
 993.000000 3.872032
 994.000000 3.665086
 995.000000 3.157788
 996.000000 3.713937
 997.000000 3.650599
 998.000000 2.431128
 999.000000 2.626136
 1000.000000 2.444828
 1001.000000 1.363067
 1002.000000 1.511511
 1003.000000 0.934956
 1004.000000 1.014315
 1005.000000 1.388160
 1006.000000 1.233915
 1007.000000 1.321124
 1008.000000 1.031559
 1009.000000 0.708364
 1010.000000 0.208278
 1011.000000 0.255641
 1012.000000 0.610423
 1013.000000 0.599839
 1014.000000 0.787775
 1015.000000 1.085950
 1016.000000 0.942855
 1017.000000 0.989629
 1018.000000 0.961977
 1019.000000 0.412402
 1020.000000 0.240562
 1021.000000 0.233284
 1022.000000 0.455354
 1023.000000 0.355200
 1024.000000 0.276528
 1025.000000 0.341114
 1026.000000 0.443734
 1027.000000 0.786591
 1028.000000 0.952115
 1029.000000 0.986662
 1030.000000 0.724211
 1031.000000 1.071644
 1032.000000 0.946335
 1033.000000 1.118643
 1034.000000 1.234975
 1035.000000 1.116779
 1036.000000 1.271403
 1037.000000 1.320261
 1038.000000 1.111838
 1039.000000 1.878098
 1040.000000 0.828357
 1041.000000 2.490768
 1042.000000 2.893557
 1043.000000 3.655202
 1044.000000 3.370013
 1045.000000 3.532777
 1046.000000 4.062545
 1047.000000 4.139346
 1048.000000 4.002920
 1049.000000 4.214795
 1050.000000 4.295918
 1051.000000 4.349329
 1052.000000 3.888432
 1053.000000 3.459523
 1054.000000 3.778250
 1055.000000 4.034097
 1056.000000 3.254060
 1057.000000 3.368854
 1058.000000 3.371390
 1059.000000 3.207956
 1060.000000 3.597390
 1061.000000 4.029712
 1062.000000 4.114517
 1063.000000 4.017007
 1064.000000 4.234208
 1065.000000 3.951077
 1066.000000 4.028184
 1067.000000 3.574658
 1068.000000 3.911404
 1069.000000 4.052453
 1070.000000 3.825675
 1071.000000 3.919084
 1072.000000 3.093503
 1073.000000 3.153873
 1074.000000 2.279336
 1075.000000 2.715077
 1076.000000 1.880937
 1077.000000 2.448228
 1078.000000 3.143304
 1079.000000 3.291166
 1080.000000 3.572960
 1081.000000 1.845671
 1082.000000 1.986038
 1083.000000 2.430523
 1084.000000 2.984341
 1085.000000 1.900831
 1086.000000 3.334928
 1087.000000 3.283586
 1088.000000 3.101295
 1089.000000 4.320730
 1090.000000 4.131306
 1091.000000 3.655143
 1092.000000 3.568120
 1093.000000 3.977712
 1094.000000 3.701732
 1095.000000 3.630474
 1096.000000 3.459696
 1097.000000 3.976633
 1098.000000 3.162036
 1099.000000 2.846012
 1100.000000 2.869221
 1101.000000 2.739755
 1102.000000 2.479467
 1103.000000 2.029537
 1104.000000 2.118347
 1105.000000 2.845136
 1106.000000 2.841392
 1107.000000 2.664114
 1108.000000 2.405864
 1109.000000 2.352754
 1110.000000 2.493325
 1111.000000 2.415814
 1112.000000 2.306677
 1113.000000 2.261537
 1114.000000 2.335681
 1115.000000 2.190745
 1116.000000 1.985977
 1117.000000 1.808597
 1118.000000 1.947555
 1119.000000 2.178626
 1120.000000 2.189449
 1121.000000 2.187908
 1122.000000 2.176339
 1123.000000 2.163168
 1124.000000 2.182628
 1125.000000 2.152055
 1126.000000 2.210823
 1127.000000 2.067675
 1128.000000 2.353680
 1129.000000 2.497114
 1130.000000 2.501858
 1131.000000 2.543238
 1132.000000 2.531950
 1133.000000 2.411185
 1134.000000 2.409256
 1135.000000 2.323749
 1136.000000 2.322408
 1137.000000 2.355886
 1138.000000 2.238357
 1139.000000 2.422650
 1140.000000 2.453767
 1141.000000 2.481663
 1142.000000 2.465249
 1143.000000 2.326411
 1144.000000 2.445189
 1145.000000 2.440419
 1146.000000 2.395702
 1147.000000 2.403677
 1148.000000 2.471741
 1149.000000 2.434348
 1150.000000 2.477201
 1151.000000 2.500304
 1152.000000 2.507199
 1153.000000 2.432376
 1154.000000 2.399149
 1155.000000 2.461550
 1156.000000 2.585245
 1157.000000 2.595387
 1158.000000 2.601135
 1159.000000 2.602821
 1160.000000 2.592580
 1161.000000 2.552494
 1162.000000 2.550676
 1163.000000 2.587231
 1164.000000 2.469675
 1165.000000 2.508920
 1166.000000 2.466357
 1167.000000 2.421514
 1168.000000 2.472830
 1169.000000 2.517248
 1170.000000 2.495570
 1171.000000 2.572619
 1172.000000 2.467756
 1173.000000 2.604514
 1174.000000 2.612740
 1175.000000 2.590040
 1176.000000 2.663581
 1177.000000 2.664667
 1178.000000 2.598024
 1179.000000 2.564760
 1180.000000 2.451471
 1181.000000 2.509872
 1182.000000 2.531969
 1183.000000 2.556784
 1184.000000 2.398463
 1185.000000 2.404722
 1186.000000 2.333564
 1187.000000 2.401789
 1188.000000 2.191972
 1189.000000 2.217979
 1190.000000 2.387362
 1191.000000 2.394544
 1192.000000 2.339959
 1193.000000 2.472522
 1194.000000 2.352588
 1195.000000 2.230902
 1196.000000 2.432903
 1197.000000 2.504853
 1198.000000 2.378882
 1199.000000 2.312638
 1200.000000 2.293605
 1201.000000 2.355816
 1202.000000 2.260328
 1203.000000 2.238812
 1204.000000 2.242260
 1205.000000 2.228224
 1206.000000 2.293436
 1207.000000 2.248503
 1208.000000 2.203362
 1209.000000 2.319430
 1210.000000 2.344495
 1211.000000 2.345190
 1212.000000 2.342359
 1213.000000 2.380314
 1214.000000 2.316885
 1215.000000 2.390966
 1216.000000 2.382500
 1217.000000 2.285623
 1218.000000 2.318666
 1219.000000 2.205403
 1220.000000 2.219585
 1221.000000 2.158004
 1222.000000 2.316581
 1223.000000 2.268232
 1224.000000 2.451218
 1225.000000 2.545531
 1226.000000 2.717433
 1227.000000 2.671841
 1228.000000 2.931442
 1229.000000 2.714082
 1230.000000 2.871034
 1231.000000 2.751332
 1232.000000 2.793616
 1233.000000 2.911919
 1234.000000 3.030767
 1235.000000 3.081305
 1236.000000 2.991497
 1237.000000 3.129643
 1238.000000 2.971483
 1239.000000 2.865568
 1240.000000 2.675896
 1241.000000 2.668794
 1242.000000 2.597925
 1243.000000 2.658541
 1244.000000 2.567549
 1245.000000 2.784363
 1246.000000 2.705669
 1247.000000 2.680844
 1248.000000 2.608317
 1249.000000 2.653498
 1250.000000 2.533937
 1251.000000 2.667972
 1252.000000 2.539658
 1253.000000 2.568134
 1254.000000 2.517432
 1255.000000 2.670688
 1256.000000 2.622018
 1257.000000 2.633493
 1258.000000 2.720108
 1259.000000 2.820404
 1260.000000 2.712631
 1261.000000 2.730474
 1262.000000 2.818084
 1263.000000 2.778774
 1264.000000 2.794118
 1265.000000 2.678616
 1266.000000 2.565771
 1267.000000 2.503809
 1268.000000 2.568366
 1269.000000 2.467579
 1270.000000 2.293934
 1271.000000 2.408379
 1272.000000 2.510160
 1273.000000 2.386006
 1274.000000 2.705583
 1275.000000 2.860397
 1276.000000 2.654301
 1277.000000 2.659065
 1278.000000 2.750547
 1279.000000 2.681302
 1280.000000 2.339660
 1281.000000 2.503578
 1282.000000 2.368424
 1283.000000 2.596456
 1284.000000 2.488295
 1285.000000 2.497465
 1286.000000 2.715378
 1287.000000 2.677344
 1288.000000 2.408395
 1289.000000 2.512334
 1290.000000 2.473104
 1291.000000 2.410104
 1292.000000 2.466204
 1293.000000 2.433122
 1294.000000 2.599803
 1295.000000 2.433987
 1296.000000 2.572523
 1297.000000 2.544591
 1298.000000 2.387882
 1299.000000 2.363195
 1300.000000 2.394246
 1301.000000 2.181227
 1302.000000 2.193393
 1303.000000 2.226385
 1304.000000 2.203957
 1305.000000 2.299784
 1306.000000 2.231019
 1307.000000 2.076487
 1308.000000 2.040617
 1309.000000 2.235242
 1310.000000 2.242743
 1311.000000 2.414213
 1312.000000 2.230144
 1313.000000 2.266771
 1314.000000 2.339563
 1315.000000 2.299868
 1316.000000 2.216441
 1317.000000 2.111418
 1318.000000 2.283673
 1319.000000 2.128226
 1320.000000 2.090516
 1321.000000 2.102582
 1322.000000 1.928723
 1323.000000 1.952193
 1324.000000 2.002924
 1325.000000 1.923689
 1326.000000 1.902789
 1327.000000 1.893348
 1328.000000 2.175207
 1329.000000 2.327499
 1330.000000 2.239906
 1331.000000 2.033234
 1332.000000 2.178277
 1333.000000 2.450269
 1334.000000 2.306959
 1335.000000 2.211975
 1336.000000 2.137300
 1337.000000 2.194926
 1338.000000 1.967074
 1339.000000 1.883188
 1340.000000 1.871233
 1341.000000 1.982086
 1342.000000 1.963801
 1343.000000 2.347799
 1344.000000 2.277563
 1345.000000 2.373526
 1346.000000 2.371706
 1347.000000 2.626816
 1348.000000 2.481938
 1349.000000 2.589671
 1350.000000 2.520886
 1351.000000 2.653193
 1352.000000 2.670175
 1353.000000 2.624534
 1354.000000 2.614076
 1355.000000 2.587835
 1356.000000 2.542361
 1357.000000 2.663249
 1358.000000 2.448619
 1359.000000 2.646059
 1360.000000 2.543766
 1361.000000 2.540366
 1362.000000 2.734943
 1363.000000 2.408885
 1364.000000 2.415160
 1365.000000 2.489094
 1366.000000 2.659564
 1367.000000 2.542934
 1368.000000 2.559215
 1369.000000 2.562331
 1370.000000 2.609171
 1371.000000 2.409156
 1372.000000 2.561612
 1373.000000 2.396844
 1374.000000 2.545368
 1375.000000 2.519721
 1376.000000 2.133088
 1377.000000 2.243904
 1378.000000 2.382381
 1379.000000 2.447996
 1380.000000 2.451767
 1381.000000 2.508477
 1382.000000 2.495615
 1383.000000 2.687066
 1384.000000 2.776120
 1385.000000 2.612242
 1386.000000 2.509588
 1387.000000 2.811479
 1388.000000 2.624669
 1389.000000 2.545934
 1390.000000 2.466882
 1391.000000 2.467652
 1392.000000 2.597876
 1393.000000 2.509223
 1394.000000 2.525467
 1395.000000 2.411981
 1396.000000 2.372996
 1397.000000 2.526568
 1398.000000 2.911876
 1399.000000 2.724410
 1400.000000 2.569207
 1401.000000 2.538615
 1402.000000 2.423602
 1403.000000 2.348466
 1404.000000 2.519203
 1405.000000 2.411552
 1406.000000 2.644152
 1407.000000 2.658282
 1408.000000 2.501349
 1409.000000 2.583510
 1410.000000 2.547649
 1411.000000 2.503381
 1412.000000 2.520695
 1413.000000 2.457043
 1414.000000 2.333831
 1415.000000 2.444417
 1416.000000 2.288499
 1417.000000 2.427927
 1418.000000 2.601949
 1419.000000 2.580311
 1420.000000 2.554833
 1421.000000 2.589048
 1422.000000 2.681638
 1423.000000 2.637055
 1424.000000 2.782806
 1425.000000 2.523479
 1426.000000 2.487729
 1427.000000 2.723484
 1428.000000 2.718037
 1429.000000 2.607580
 1430.000000 2.561781
 1431.000000 2.657680
 1432.000000 2.590314
 1433.000000 2.977062
 1434.000000 2.619345
 1435.000000 2.645615
 1436.000000 2.649515
 1437.000000 2.700568
 1438.000000 2.772541
 1439.000000 2.786863
 1440.000000 2.827333
 1441.000000 2.714288
 1442.000000 2.738461
 1443.000000 2.759965
 1444.000000 2.828546
 1445.000000 2.853189
 1446.000000 2.820274
 1447.000000 2.819199
 1448.000000 2.826685
 1449.000000 2.874732
 1450.000000 2.777842
 1451.000000 2.771387
 1452.000000 2.730291
 1453.000000 2.722739
 1454.000000 2.796387
 1455.000000 2.861269
 1456.000000 2.624969
 1457.000000 2.577943
 1458.000000 2.576242
 1459.000000 2.731308
 1460.000000 2.541210
 1461.000000 2.565878
 1462.000000 2.674134
 1463.000000 2.629281
 1464.000000 2.667747
 1465.000000 2.504182
 1466.000000 2.428071
 1467.000000 2.616886
 1468.000000 2.541090
 1469.000000 2.377284
 1470.000000 2.384456
 1471.000000 2.166708
 1472.000000 2.108672
 1473.000000 2.168042
 1474.000000 1.986449
 1475.000000 2.113187
 1476.000000 1.997393
 1477.000000 2.052681
 1478.000000 1.926255
 1479.000000 1.916205
 1480.000000 2.004506
 1481.000000 2.041266
 1482.000000 2.040495
 1483.000000 2.034804
 1484.000000 2.016722
 1485.000000 2.029878
 1486.000000 1.992416
 1487.000000 2.061554
 1488.000000 1.986492
 1489.000000 2.090054
 1490.000000 2.024747
 1491.000000 2.043263
 1492.000000 2.062683
 1493.000000 1.984950
 1494.000000 1.990447
 1495.000000 2.026250
 1496.000000 2.055601
 1497.000000 1.830469
 1498.000000 1.950102
 1499.000000 1.851406
 1500.000000 2.002418
 1501.000000 1.994586
 1502.000000 2.058946
 1503.000000 1.916444
 1504.000000 2.123237
 1505.000000 2.063023
 1506.000000 1.894036
 1507.000000 1.908796
 1508.000000 2.046855
 1509.000000 2.071903
 1510.000000 2.099784
 1511.000000 2.070818
 1512.000000 2.047848
 1513.000000 1.974852
 1514.000000 1.920720
 1515.000000 1.931701
 1516.000000 1.886736
 1517.000000 1.929217
 1518.000000 1.890544
 1519.000000 2.090857
 1520.000000 2.158730
 1521.000000 2.092667
 1522.000000 2.459918
 1523.000000 2.440389
 1524.000000 2.488723
 1525.000000 2.402543
 1526.000000 2.525040
 1527.000000 2.465856
 1528.000000 2.506681
 1529.000000 2.405327
 1530.000000 2.566975
 1531.000000 2.458450
 1532.000000 2.543074
 1533.000000 2.605474
 1534.000000 2.602849
 1535.000000 2.647324
 1536.000000 2.540988
 1537.000000 2.433154
 1538.000000 2.499968
 1539.000000 2.433185
 1540.000000 2.372335
 1541.000000 2.372744
 1542.000000 2.538116
 1543.000000 2.689643
 1544.000000 2.624517
 1545.000000 2.856584
 1546.000000 2.762971
 1547.000000 2.758828
 1548.000000 2.667659
 1549.000000 2.788160
 1550.000000 2.654335
 1551.000000 2.832097
 1552.000000 2.717725
 1553.000000 2.872430
 1554.000000 2.900181
 1555.000000 2.949769
 1556.000000 2.700438
 1557.000000 2.605935
 1558.000000 2.691592
 1559.000000 2.825199
 1560.000000 2.796639
 1561.000000 2.829032
 1562.000000 2.909904
 1563.000000 2.566597
 1564.000000 2.651386
 1565.000000 2.536097
 1566.000000 2.673682
 1567.000000 2.561466
 1568.000000 2.516777
 1569.000000 2.639150
 1570.000000 2.721488
 1571.000000 2.504326
 1572.000000 2.640119
 1573.000000 2.674719
 1574.000000 2.809002
 1575.000000 2.616841
 1576.000000 2.584197
 1577.000000 2.505348
 1578.000000 2.313488
 1579.000000 2.719374
 1580.000000 2.819077
 1581.000000 2.779443
 1582.000000 2.872830
 1583.000000 2.736873
 1584.000000 2.739962
 1585.000000 2.472082
 1586.000000 2.640185
 1587.000000 2.557803
 1588.000000 2.405055
 1589.000000 2.289250
 1590.000000 2.381115
 1591.000000 2.481125
 1592.000000 2.540004
 1593.000000 2.585388
 1594.000000 2.600862
 1595.000000 2.650852
 1596.000000 2.514292
 1597.000000 2.610680
 1598.000000 2.560397
 1599.000000 2.623967
 1600.000000 2.761798
 1601.000000 2.839911
 1602.000000 2.471993
 1603.000000 2.436273
 1604.000000 2.530526
 1605.000000 2.607539
 1606.000000 2.616332
 1607.000000 2.785164
 1608.000000 2.874774
 1609.000000 2.960237
 1610.000000 2.849857
 1611.000000 2.854343
 1612.000000 2.703006
 1613.000000 2.469730
 1614.000000 2.369399
 1615.000000 2.336772
 1616.000000 2.482238
 1617.000000 2.717991
 1618.000000 2.550087
 1619.000000 2.367919
 1620.000000 2.315265
 1621.000000 2.453688
 1622.000000 2.493299
 1623.000000 2.630459
 1624.000000 2.503767
 1625.000000 2.482152
 1626.000000 2.544444
 1627.000000 2.655869
 1628.000000 2.547925
 1629.000000 2.563680
 1630.000000 2.623863
 1631.000000 2.422661
 1632.000000 2.508413
 1633.000000 2.566853
 1634.000000 2.387455
 1635.000000 2.268921
 1636.000000 2.159682
 1637.000000 2.042285
 1638.000000 2.118797
 1639.000000 2.078057
 1640.000000 2.026806
 1641.000000 1.867558
 1642.000000 2.180800
 1643.000000 2.179184
 1644.000000 2.186165
 1645.000000 2.167087
 1646.000000 2.083503
 1647.000000 2.424362
 1648.000000 2.379232
 1649.000000 2.318334
 1650.000000 2.549409
 1651.000000 2.346692
 1652.000000 2.408781
 1653.000000 2.284873
 1654.000000 2.587475
 1655.000000 2.357054
 1656.000000 2.325327
 1657.000000 2.440211
 1658.000000 1.866952
 1659.000000 2.029376
 1660.000000 2.287646
 1661.000000 2.180244
 1662.000000 2.159151
 1663.000000 1.675453
 1664.000000 1.725324
 1665.000000 1.478970
 1666.000000 1.004413
 1667.000000 0.551591
 1668.000000 0.676777
 1669.000000 0.836586
 1670.000000 0.304295
 1671.000000 0.270721
 1672.000000 0.205217
 1673.000000 0.300847
 1674.000000 0.199131
 1675.000000 0.253268
 1676.000000 0.217736
 1677.000000 0.343275
 1678.000000 1.860259
 1679.000000 2.411539
 1680.000000 2.558222
 1681.000000 3.440152
 1682.000000 3.850701
 1683.000000 3.731163
 1684.000000 3.199781
 1685.000000 2.464153
 1686.000000 2.074683
 1687.000000 2.253578
 1688.000000 2.372139
 1689.000000 2.736322
 1690.000000 4.216087
 1691.000000 3.494379
 1692.000000 3.263628
 1693.000000 4.155247
 1694.000000 3.874816
 1695.000000 3.520699
 1696.000000 3.224693
 1697.000000 2.748517
 1698.000000 2.435184
 1699.000000 0.705949
 1700.000000 0.908068
 1701.000000 1.116077
 1702.000000 2.694193
 1703.000000 3.310877
 1704.000000 4.892073
 1705.000000 4.714895
 1706.000000 2.991683
 1707.000000 2.252147
 1708.000000 1.899372
 1709.000000 3.956204
 1710.000000 3.332088
 1711.000000 3.351296
 1712.000000 3.386150
 1713.000000 2.720590
 1714.000000 2.679034
 1715.000000 3.691234
 1716.000000 4.138212
 1717.000000 3.857116
 1718.000000 3.537501
 1719.000000 4.199987
 1720.000000 4.500525
 1721.000000 4.462015
 1722.000000 4.165194
 1723.000000 3.442271
 1724.000000 3.006179
 1725.000000 1.475267
 1726.000000 1.353834
 1727.000000 0.844476
 1728.000000 0.692103
 1729.000000 0.706994
 1730.000000 0.202576
 1731.000000 0.208794
 1732.000000 0.379038
 1733.000000 0.415238
 1734.000000 0.484328
 1735.000000 0.525632
 1736.000000 1.287376
 1737.000000 1.464335
 1738.000000 1.669509
 1739.000000 2.209577
 1740.000000 1.703760
 1741.000000 1.594700
 1742.000000 2.975790
 1743.000000 2.009471
 1744.000000 2.963281
 1745.000000 2.452032
 1746.000000 2.095291
 1747.000000 2.269066
 1748.000000 3.172212
 1749.000000 2.244200
 1750.000000 1.657344
 1751.000000 2.808252
 1752.000000 3.319006
 1753.000000 3.264378
 1754.000000 3.144765
 1755.000000 3.693705
 1756.000000 2.816616
 1757.000000 1.824100
 1758.000000 1.575352
 1759.000000 1.274937
 1760.000000 1.146168
 1761.000000 1.493179
 1762.000000 1.636284
 1763.000000 1.221500
 1764.000000 1.760096
 1765.000000 1.727335
 1766.000000 2.406006
 1767.000000 2.177116
 1768.000000 1.978430
 1769.000000 1.517411
 1770.000000 3.483978
 1771.000000 4.458839
 1772.000000 4.623867
 1773.000000 4.338892
 1774.000000 3.845159
 1775.000000 3.410858
 1776.000000 3.417091
 1777.000000 2.518940
 1778.000000 4.276398
 1779.000000 2.740352
 1780.000000 2.234375
 1781.000000 3.387629
 1782.000000 3.127642
 1783.000000 3.750061
 1784.000000 3.589859
 1785.000000 3.529354
 1786.000000 3.115521
 1787.000000 2.707709
 1788.000000 3.239442
 1789.000000 4.263882
 1790.000000 3.937938
 1791.000000 4.152148
 1792.000000 3.850762
 1793.000000 4.276468
 1794.000000 4.071698
 1795.000000 4.112100
 1796.000000 4.067333
 1797.000000 3.949610
 1798.000000 3.546069
 1799.000000 3.152670
 1800.000000 3.269314
 1801.000000 3.051658
 1802.000000 3.729018
 1803.000000 3.457549
 1804.000000 2.662585
 1805.000000 2.656542
 1806.000000 2.623006
 1807.000000 2.430519
 1808.000000 2.387303
 1809.000000 2.544827
 1810.000000 2.583769
 1811.000000 2.382235
 1812.000000 2.427219
 1813.000000 2.271105
 1814.000000 2.345402
 1815.000000 2.102550
 1816.000000 2.011364
 1817.000000 2.030599
 1818.000000 1.780890
 1819.000000 1.921276
 1820.000000 1.909505
 1821.000000 2.104922
 1822.000000 2.060602
 1823.000000 2.166242
 1824.000000 2.215712
 1825.000000 2.137303
 1826.000000 2.053298
 1827.000000 2.016807
 1828.000000 2.076966
 1829.000000 1.961184
 1830.000000 1.814195
 1831.000000 2.388280
 1832.000000 3.923335
 1833.000000 3.678684
 1834.000000 3.236654
 1835.000000 2.983342
 1836.000000 2.232566
 1837.000000 3.058606
 1838.000000 3.131307
 1839.000000 3.833801
 1840.000000 3.843680
 1841.000000 3.728258
 1842.000000 3.831643
 1843.000000 3.820046
 1844.000000 3.820279
 1845.000000 3.817115
 1846.000000 3.780636
 1847.000000 3.285818
 1848.000000 3.762630
 1849.000000 3.642903
 1850.000000 3.589568
 1851.000000 3.831418
 1852.000000 3.736925
 1853.000000 3.362187
 1854.000000 3.707048
 1855.000000 3.424379
 1856.000000 3.177713
 1857.000000 3.105927
 1858.000000 2.629134
 1859.000000 3.063498
 1860.000000 3.276170
 1861.000000 3.862510
 1862.000000 3.617042
 1863.000000 3.424564
 1864.000000 2.434579
 1865.000000 3.762785
 1866.000000 2.676743
 1867.000000 2.616700
 1868.000000 2.216202
 1869.000000 2.293218
 1870.000000 3.015789
 1871.000000 3.809951
 1872.000000 3.264180
 1873.000000 3.754377
 1874.000000 4.147954
 1875.000000 4.067683
 1876.000000 4.027699
 1877.000000 3.885972
 1878.000000 3.934736
 1879.000000 3.930694
 1880.000000 3.969679
 1881.000000 3.903417
 1882.000000 4.033615
 1883.000000 4.025805
 1884.000000 3.851361
 1885.000000 3.968568
 1886.000000 3.871354
 1887.000000 3.869718
 1888.000000 3.836298
 1889.000000 3.622723
 1890.000000 3.817054
 1891.000000 4.336599
 1892.000000 3.918434
 1893.000000 3.830846
 1894.000000 3.819462
 1895.000000 4.023283
 1896.000000 3.866403
 1897.000000 3.995608
 1898.000000 4.434927
 1899.000000 3.691877
 1900.000000 2.917455
 1901.000000 2.928652
 1902.000000 3.033137
 1903.000000 3.190113
 1904.000000 2.339667
 1905.000000 3.117565
 1906.000000 3.239976
 1907.000000 4.048538
 1908.000000 3.795485
 1909.000000 3.642286
 1910.000000 4.339914
 1911.000000 2.886325
 1912.000000 3.722460
 1913.000000 4.339611
 1914.000000 4.299439
 1915.000000 3.119184
 1916.000000 3.103701
 1917.000000 3.304714
 1918.000000 3.679228
 1919.000000 2.752146
 1920.000000 1.690997
 1921.000000 1.847968
 1922.000000 1.191828
 1923.000000 1.018281
 1924.000000 1.333541
 1925.000000 1.050357
 1926.000000 1.141536
 1927.000000 1.274046
 1928.000000 0.793861
 1929.000000 0.781035
 1930.000000 0.701389
 1931.000000 0.997872
 1932.000000 0.680300
 1933.000000 1.561038
 1934.000000 1.028130
 1935.000000 0.899021
 1936.000000 1.230808
 1937.000000 2.175362
 1938.000000 1.115636
 1939.000000 1.283720
 1940.000000 1.579220
 1941.000000 1.291026
 1942.000000 0.838538
 1943.000000 1.539971
 1944.000000 1.541892
 1945.000000 1.374902
 1946.000000 1.438320
 1947.000000 1.328374
 1948.000000 1.481024
 1949.000000 1.072191
 1950.000000 1.514966
 1951.000000 1.417979
 1952.000000 1.461124
 1953.000000 1.435851
 1954.000000 1.227439
 1955.000000 0.797934
 1956.000000 0.678032
 1957.000000 0.877621
 1958.000000 0.729831
 1959.000000 1.222203
 1960.000000 0.738511
 1961.000000 0.585216
 1962.000000 0.649587
 1963.000000 1.003280
 1964.000000 0.694328
 1965.000000 2.194549
 1966.000000 2.538124
 1967.000000 2.377318
 1968.000000 2.872829
 1969.000000 3.480121
 1970.000000 3.082234
 1971.000000 2.904184
 1972.000000 3.440843
 1973.000000 2.513308
 1974.000000 3.172633
 1975.000000 2.462936
 1976.000000 2.979867
 1977.000000 2.643061
 1978.000000 2.986648
 1979.000000 3.598076
 1980.000000 3.050173
 1981.000000 4.042989
 1982.000000 4.178603
 1983.000000 4.652620
 1984.000000 4.081536
 1985.000000 4.130855
 1986.000000 3.861367
 1987.000000 2.930074
 1988.000000 2.793209
 1989.000000 2.344577
 1990.000000 2.617575
 1991.000000 2.370054
 1992.000000 3.996593
 1993.000000 3.827494
 1994.000000 3.041648
 1995.000000 2.773804
 1996.000000 2.723634
 1997.000000 3.318995
 1998.000000 3.068494
 1999.000000 2.851687
 2000.000000 2.857272
 2001.000000 3.355382
 2002.000000 2.602434
 2003.000000 2.939710
 2004.000000 3.211076
 2005.000000 3.509403
 2006.000000 3.136446
 2007.000000 2.929620
 2008.000000 3.137926
 2009.000000 3.649285
 2010.000000 3.535761
 2011.000000 3.245421
 2012.000000 3.386086
 2013.000000 2.667801
 2014.000000 3.539789
 2015.000000 2.995268
 2016.000000 3.052305
 2017.000000 3.413621
 2018.000000 4.027233
 2019.000000 4.050013
 2020.000000 3.718265
 2021.000000 3.780629
 2022.000000 3.762585
 2023.000000 3.866443
 2024.000000 4.034667
