#! FIELDS time r19.min
 0.000000 2.451697
 1.000000 2.723266
 2.000000 2.232198
 3.000000 2.126222
 4.000000 1.970570
 5.000000 0.826142
 6.000000 0.305747
 7.000000 0.694755
 8.000000 0.297669
 9.000000 1.864310
 10.000000 1.411180
 11.000000 1.483633
 12.000000 3.562858
 13.000000 3.795817
 14.000000 3.400922
 15.000000 3.645298
 16.000000 3.562147
 17.000000 3.674818
 18.000000 3.376299
 19.000000 3.271929
 20.000000 3.172812
 21.000000 3.261183
 22.000000 3.172672
 23.000000 3.169833
 24.000000 3.706879
 25.000000 2.029936
 26.000000 1.744321
 27.000000 2.094211
 28.000000 2.061658
 29.000000 2.045705
 30.000000 1.688686
 31.000000 2.077856
 32.000000 3.161302
 33.000000 3.343666
 34.000000 1.771082
 35.000000 2.580790
 36.000000 3.139393
 37.000000 2.869473
 38.000000 3.928848
 39.000000 3.433793
 40.000000 3.741557
 41.000000 3.689087
 42.000000 4.077108
 43.000000 3.115179
 44.000000 1.688062
 45.000000 0.923234
 46.000000 1.594343
 47.000000 1.838459
 48.000000 1.755660
 49.000000 2.099093
 50.000000 1.474911
 51.000000 1.719765
 52.000000 1.592140
 53.000000 1.915148
 54.000000 1.317646
 55.000000 1.214762
 56.000000 1.214729
 57.000000 0.963434
 58.000000 1.502456
 59.000000 1.593243
 60.000000 1.550775
 61.000000 1.424178
 62.000000 1.369542
 63.000000 1.244347
 64.000000 1.603719
 65.000000 1.125106
 66.000000 2.269386
 67.000000 3.315524
 68.000000 3.054898
 69.000000 3.245714
 70.000000 3.261486
 71.000000 3.051252
 72.000000 3.535793
 73.000000 4.043184
 74.000000 3.741040
 75.000000 2.851126
 76.000000 4.064428
 77.000000 3.679763
 78.000000 2.766578
 79.000000 3.295944
 80.000000 3.164261
 81.000000 3.320353
 82.000000 3.010288
 83.000000 3.078177
 84.000000 3.274984
 85.000000 2.755929
 86.000000 2.906952
 87.000000 3.560173
 88.000000 3.921465
 89.000000 3.481695
 90.000000 4.253699
 91.000000 4.280485
 92.000000 4.194170
 93.000000 3.818369
 94.000000 3.901703
 95.000000 4.388399
 96.000000 4.131908
 97.000000 2.927803
 98.000000 1.663896
 99.000000 1.641667
 100.000000 3.007531
 101.000000 2.184437
 102.000000 3.338668
 103.000000 2.678814
 104.000000 3.797113
 105.000000 3.359473
 106.000000 4.128686
 107.000000 2.647717
 108.000000 0.472159
 109.000000 0.704673
 110.000000 0.730064
 111.000000 1.359545
 112.000000 2.003269
 113.000000 2.531033
 114.000000 2.716659
 115.000000 2.625847
 116.000000 2.591813
 117.000000 2.736140
 118.000000 2.667720
 119.000000 2.311955
 120.000000 2.512820
 121.000000 2.336398
 122.000000 2.554485
 123.000000 2.500166
 124.000000 2.730668
 125.000000 2.486365
 126.000000 2.798018
 127.000000 2.013163
 128.000000 2.286920
 129.000000 1.371762
 130.000000 1.309126
 131.000000 1.233332
 132.000000 1.215765
 133.000000 0.924674
 134.000000 1.250961
 135.000000 1.268946
 136.000000 1.761054
 137.000000 1.609527
 138.000000 1.151295
 139.000000 1.192126
 140.000000 1.291618
 141.000000 1.467708
 142.000000 2.611078
 143.000000 2.522339
 144.000000 2.301132
 145.000000 1.725925
 146.000000 3.265098
 147.000000 3.308760
 148.000000 2.550104
 149.000000 2.589077
 150.000000 3.222055
 151.000000 3.251227
 152.000000 2.690127
 153.000000 3.301298
 154.000000 3.307664
 155.000000 3.470267
 156.000000 3.144669
 157.000000 2.600068
 158.000000 2.711368
 159.000000 2.533874
 160.000000 2.885964
 161.000000 3.561066
 162.000000 3.583312
 163.000000 3.238025
 164.000000 2.954633
 165.000000 3.217343
 166.000000 2.821664
 167.000000 2.454778
 168.000000 3.459923
 169.000000 3.012296
 170.000000 3.029358
 171.000000 2.758447
 172.000000 3.079450
 173.000000 3.152151
 174.000000 2.998889
 175.000000 3.118968
 176.000000 3.080090
 177.000000 3.019272
 178.000000 2.918296
 179.000000 3.104799
 180.000000 3.038348
 181.000000 3.096274
 182.000000 2.997118
 183.000000 3.004514
 184.000000 2.968918
 185.000000 3.066740
 186.000000 2.953157
 187.000000 3.103852
 188.000000 3.156217
 189.000000 3.089430
 190.000000 3.196572
 191.000000 3.272446
 192.000000 3.400552
 193.000000 3.113801
 194.000000 3.280837
 195.000000 3.202881
 196.000000 3.275389
 197.000000 3.302086
 198.000000 3.108156
 199.000000 3.081725
 200.000000 3.026586
 201.000000 3.021635
 202.000000 3.056329
 203.000000 3.132727
 204.000000 3.407561
 205.000000 2.977387
 206.000000 2.559814
 207.000000 2.517061
 208.000000 2.687419
 209.000000 2.873604
 210.000000 3.117855
 211.000000 2.954725
 212.000000 2.390181
 213.000000 2.395735
 214.000000 2.862458
 215.000000 2.916342
 216.000000 3.018030
 217.000000 2.611545
 218.000000 2.845187
 219.000000 3.213297
 220.000000 2.945483
 221.000000 3.135804
 222.000000 3.106798
 223.000000 3.265353
 224.000000 3.360009
 225.000000 3.555726
 226.000000 3.359881
 227.000000 3.263722
 228.000000 3.232865
 229.000000 3.209654
 230.000000 3.133904
 231.000000 3.189185
 232.000000 3.031891
 233.000000 3.335887
 234.000000 3.358451
 235.000000 3.245957
 236.000000 3.247193
 237.000000 3.204705
 238.000000 2.917204
 239.000000 3.167062
 240.000000 3.466278
 241.000000 3.430619
 242.000000 3.284114
 243.000000 3.322245
 244.000000 3.796660
 245.000000 3.436826
 246.000000 3.205173
 247.000000 3.366377
 248.000000 3.437377
 249.000000 3.478464
 250.000000 3.595129
 251.000000 3.802531
 252.000000 3.900622
 253.000000 3.912963
 254.000000 3.826199
 255.000000 3.275575
 256.000000 3.433485
 257.000000 2.819161
 258.000000 2.945449
 259.000000 3.204309
 260.000000 2.735665
 261.000000 2.706765
 262.000000 3.781217
 263.000000 3.628736
 264.000000 3.118317
 265.000000 1.384714
 266.000000 1.909408
 267.000000 2.789329
 268.000000 3.434883
 269.000000 3.771244
 270.000000 4.014349
 271.000000 3.939531
 272.000000 3.341755
 273.000000 4.019188
 274.000000 3.827236
 275.000000 3.082561
 276.000000 3.103693
 277.000000 3.081532
 278.000000 2.346101
 279.000000 3.190909
 280.000000 3.242344
 281.000000 3.960559
 282.000000 2.451631
 283.000000 2.707204
 284.000000 1.081799
 285.000000 3.307507
 286.000000 3.208514
 287.000000 4.150290
 288.000000 3.108890
 289.000000 1.712487
 290.000000 2.839640
 291.000000 3.434174
 292.000000 3.228324
 293.000000 3.576713
 294.000000 3.308816
 295.000000 2.878472
 296.000000 2.442797
 297.000000 2.984714
 298.000000 2.954561
 299.000000 2.225929
 300.000000 2.311111
 301.000000 2.719362
 302.000000 3.079662
 303.000000 3.604464
 304.000000 3.983460
 305.000000 3.302794
 306.000000 3.545265
 307.000000 3.485694
 308.000000 2.664833
 309.000000 2.785143
 310.000000 2.171994
 311.000000 1.078415
 312.000000 2.454006
 313.000000 3.244685
 314.000000 2.968781
 315.000000 2.735777
 316.000000 3.542661
 317.000000 3.628849
 318.000000 3.327097
 319.000000 2.805586
 320.000000 3.349865
 321.000000 2.812634
 322.000000 1.902580
 323.000000 2.522572
 324.000000 2.824010
 325.000000 3.673907
 326.000000 3.543382
 327.000000 3.230722
 328.000000 2.682314
 329.000000 3.444004
 330.000000 2.549740
 331.000000 3.062201
 332.000000 3.058247
 333.000000 2.579461
 334.000000 1.374339
 335.000000 2.700904
 336.000000 3.488675
 337.000000 3.257618
 338.000000 2.963231
 339.000000 3.244179
 340.000000 4.041950
 341.000000 3.849823
 342.000000 3.697698
 343.000000 3.777460
 344.000000 3.555910
 345.000000 3.389029
 346.000000 3.054682
 347.000000 3.450850
 348.000000 3.722087
 349.000000 3.474063
 350.000000 3.385561
 351.000000 3.275566
 352.000000 3.228738
 353.000000 3.323025
 354.000000 3.652374
 355.000000 2.909311
 356.000000 3.064518
 357.000000 3.322464
 358.000000 2.630538
 359.000000 2.804007
 360.000000 3.406702
 361.000000 3.480738
 362.000000 3.601420
 363.000000 3.911344
 364.000000 4.048117
 365.000000 3.897352
 366.000000 3.705218
 367.000000 3.749364
 368.000000 3.425542
 369.000000 3.803884
 370.000000 3.889318
 371.000000 3.544621
 372.000000 3.145769
 373.000000 3.317232
 374.000000 3.188314
 375.000000 3.197814
 376.000000 2.949471
 377.000000 3.280856
 378.000000 3.260414
 379.000000 3.448488
 380.000000 2.920059
 381.000000 3.000603
 382.000000 3.368647
 383.000000 3.259115
 384.000000 3.398861
 385.000000 3.269234
 386.000000 3.810588
 387.000000 3.745482
 388.000000 3.840482
 389.000000 3.842202
 390.000000 3.923234
 391.000000 4.015623
 392.000000 3.897166
 393.000000 4.016992
 394.000000 4.083723
 395.000000 3.791109
 396.000000 3.841966
 397.000000 3.768609
 398.000000 3.968552
 399.000000 3.964174
 400.000000 3.967301
 401.000000 4.002767
 402.000000 3.805270
 403.000000 4.006194
 404.000000 3.975247
 405.000000 3.857291
 406.000000 3.837708
 407.000000 3.811104
 408.000000 3.899801
 409.000000 3.761113
 410.000000 3.757155
 411.000000 3.950687
 412.000000 3.892915
 413.000000 3.900231
 414.000000 3.951145
 415.000000 3.988600
 416.000000 3.920724
 417.000000 4.064666
 418.000000 4.098101
 419.000000 4.069639
 420.000000 4.079205
 421.000000 3.944680
 422.000000 4.061431
 423.000000 4.142395
 424.000000 4.235320
 425.000000 4.046679
 426.000000 4.125140
 427.000000 4.139216
 428.000000 4.227523
 429.000000 3.029672
 430.000000 4.268174
 431.000000 4.239419
 432.000000 4.395732
 433.000000 4.373323
 434.000000 4.321081
 435.000000 4.218244
 436.000000 4.156449
 437.000000 4.202873
 438.000000 4.098454
 439.000000 4.159676
 440.000000 4.162131
 441.000000 4.023285
 442.000000 3.992064
 443.000000 3.044386
 444.000000 3.169570
 445.000000 3.279410
 446.000000 3.879421
 447.000000 3.882861
 448.000000 2.744956
 449.000000 3.925108
 450.000000 4.224864
 451.000000 4.519505
 452.000000 3.040067
 453.000000 3.497458
 454.000000 2.733630
 455.000000 3.547669
 456.000000 4.201679
 457.000000 3.160471
 458.000000 3.058940
 459.000000 3.610377
 460.000000 3.388175
 461.000000 2.392168
 462.000000 2.705239
 463.000000 3.759286
 464.000000 3.138244
 465.000000 2.843896
 466.000000 3.301120
 467.000000 2.417523
 468.000000 3.133527
 469.000000 3.536271
 470.000000 3.924709
 471.000000 4.185691
 472.000000 3.781920
 473.000000 3.172570
 474.000000 2.539906
 475.000000 2.308758
 476.000000 2.658660
 477.000000 2.200011
 478.000000 0.826347
 479.000000 1.704332
 480.000000 1.668459
 481.000000 1.998751
 482.000000 2.541799
 483.000000 3.192040
 484.000000 3.224830
 485.000000 2.952814
 486.000000 3.314208
 487.000000 3.319972
 488.000000 2.631384
 489.000000 2.251562
 490.000000 2.481925
 491.000000 0.801926
 492.000000 1.689079
 493.000000 2.428722
 494.000000 2.605463
 495.000000 2.980940
 496.000000 3.038782
 497.000000 3.274638
 498.000000 3.485224
 499.000000 3.571611
 500.000000 3.705423
 501.000000 3.867308
 502.000000 3.663739
 503.000000 3.514256
 504.000000 3.497033
 505.000000 2.706591
 506.000000 3.105636
 507.000000 3.164236
 508.000000 2.012418
 509.000000 2.582865
 510.000000 3.234803
 511.000000 3.304558
 512.000000 2.341167
 513.000000 3.043945
 514.000000 3.152490
 515.000000 2.933648
 516.000000 4.069315
 517.000000 3.513813
 518.000000 3.011440
 519.000000 1.777384
 520.000000 2.509945
 521.000000 3.387325
 522.000000 3.580860
 523.000000 1.720282
 524.000000 2.149148
 525.000000 2.030253
 526.000000 1.261325
 527.000000 0.868234
 528.000000 2.227029
 529.000000 2.460911
 530.000000 2.580274
 531.000000 3.119117
 532.000000 3.063482
 533.000000 2.913453
 534.000000 2.166210
 535.000000 2.384715
 536.000000 2.474535
 537.000000 2.928363
 538.000000 2.979863
 539.000000 3.046414
 540.000000 2.675698
 541.000000 2.854549
 542.000000 3.288528
 543.000000 2.927796
 544.000000 2.965097
 545.000000 2.307582
 546.000000 2.800765
 547.000000 2.944838
 548.000000 3.086256
 549.000000 3.073821
 550.000000 3.204249
 551.000000 3.213088
 552.000000 3.255190
 553.000000 3.127649
 554.000000 3.381208
 555.000000 3.474340
 556.000000 3.387476
 557.000000 2.841962
 558.000000 2.942702
 559.000000 3.036352
 560.000000 2.939996
 561.000000 3.011233
 562.000000 2.930733
 563.000000 2.877118
 564.000000 2.782493
 565.000000 2.782147
 566.000000 2.645870
 567.000000 2.787998
 568.000000 2.879289
 569.000000 2.496664
 570.000000 2.128622
 571.000000 1.965404
 572.000000 2.303281
 573.000000 2.184931
 574.000000 2.380740
 575.000000 2.284288
 576.000000 2.075344
 577.000000 1.323560
 578.000000 2.193428
 579.000000 3.285313
 580.000000 2.287539
 581.000000 3.073841
 582.000000 3.033644
 583.000000 3.008718
 584.000000 3.020981
 585.000000 1.800670
 586.000000 2.782695
 587.000000 2.948435
 588.000000 2.863342
 589.000000 3.336849
 590.000000 3.745652
 591.000000 2.789879
 592.000000 3.694881
 593.000000 3.940595
 594.000000 3.883971
 595.000000 3.979798
 596.000000 4.054698
 597.000000 4.249057
 598.000000 3.917022
 599.000000 3.975696
 600.000000 4.066947
 601.000000 4.378493
 602.000000 4.341943
 603.000000 4.239411
 604.000000 4.322617
 605.000000 4.097510
 606.000000 4.226897
 607.000000 4.277123
 608.000000 4.279782
 609.000000 4.236750
 610.000000 4.172656
 611.000000 4.278156
 612.000000 4.190460
 613.000000 4.358984
 614.000000 4.315528
 615.000000 4.447883
 616.000000 4.426513
 617.000000 4.375029
 618.000000 4.059876
 619.000000 4.412198
 620.000000 4.297215
 621.000000 4.364602
 622.000000 4.503552
 623.000000 4.431776
 624.000000 3.717644
 625.000000 4.478054
 626.000000 4.451894
 627.000000 3.445841
 628.000000 4.411980
 629.000000 3.337837
 630.000000 3.454009
 631.000000 3.418292
 632.000000 3.306338
 633.000000 3.342589
 634.000000 4.530513
 635.000000 4.447167
 636.000000 4.483407
 637.000000 3.412244
 638.000000 3.334503
 639.000000 4.433059
 640.000000 4.385707
 641.000000 3.379872
 642.000000 4.563773
 643.000000 3.387026
 644.000000 3.158697
 645.000000 3.247831
 646.000000 4.592073
 647.000000 4.624975
 648.000000 3.303021
 649.000000 3.306139
 650.000000 3.252699
 651.000000 3.215953
 652.000000 3.613591
 653.000000 4.295366
 654.000000 4.431381
 655.000000 4.498249
 656.000000 4.455707
 657.000000 4.449236
 658.000000 4.234796
 659.000000 4.115218
 660.000000 3.821355
 661.000000 3.743902
 662.000000 3.836180
 663.000000 3.817332
 664.000000 3.784988
 665.000000 3.861133
 666.000000 3.308175
 667.000000 3.372832
 668.000000 3.436464
 669.000000 3.543535
 670.000000 3.465029
 671.000000 3.352330
 672.000000 3.532169
 673.000000 3.676377
 674.000000 3.663716
 675.000000 3.838255
 676.000000 3.814234
 677.000000 3.727146
 678.000000 3.865178
 679.000000 4.044410
 680.000000 3.959677
 681.000000 3.799320
 682.000000 3.748445
 683.000000 3.831121
 684.000000 3.747855
 685.000000 3.647689
 686.000000 3.790154
 687.000000 3.642811
 688.000000 3.834518
 689.000000 3.904543
 690.000000 3.871808
 691.000000 3.569898
 692.000000 3.490617
 693.000000 3.507855
 694.000000 3.470515
 695.000000 3.531416
 696.000000 3.228430
 697.000000 3.482939
 698.000000 3.707127
 699.000000 3.658272
 700.000000 3.517263
 701.000000 3.315311
 702.000000 3.180066
 703.000000 2.963461
 704.000000 3.169368
 705.000000 2.507728
 706.000000 2.905903
 707.000000 3.182611
 708.000000 3.131037
 709.000000 3.676409
 710.000000 3.954852
 711.000000 3.547168
 712.000000 3.122542
 713.000000 3.695769
 714.000000 3.484194
 715.000000 3.682184
 716.000000 3.294768
 717.000000 3.305374
 718.000000 2.714368
 719.000000 2.285258
 720.000000 2.264562
 721.000000 0.808836
 722.000000 2.856519
 723.000000 3.123725
 724.000000 1.383966
 725.000000 1.092869
 726.000000 3.166976
 727.000000 3.030652
 728.000000 3.333668
 729.000000 2.834716
 730.000000 3.325875
 731.000000 3.027161
 732.000000 2.080572
 733.000000 2.747806
 734.000000 4.327994
 735.000000 4.373499
 736.000000 3.833146
 737.000000 3.271110
 738.000000 3.682819
 739.000000 3.193792
 740.000000 3.513605
 741.000000 2.743623
 742.000000 3.563200
 743.000000 3.219718
 744.000000 3.191467
 745.000000 2.803064
 746.000000 2.922254
 747.000000 2.718118
 748.000000 3.249288
 749.000000 3.107842
 750.000000 3.753617
 751.000000 3.336871
 752.000000 3.474550
 753.000000 3.481902
 754.000000 3.292918
 755.000000 2.820939
 756.000000 3.631827
 757.000000 2.298970
 758.000000 2.009362
 759.000000 2.387803
 760.000000 1.327304
 761.000000 1.652495
 762.000000 1.471138
 763.000000 1.810855
 764.000000 2.860287
 765.000000 3.169268
 766.000000 3.110427
 767.000000 3.591890
 768.000000 3.851510
 769.000000 3.426609
 770.000000 3.288515
 771.000000 3.538797
 772.000000 3.708914
 773.000000 3.357389
 774.000000 3.011193
 775.000000 2.622447
 776.000000 2.850942
 777.000000 3.120336
 778.000000 2.850530
 779.000000 2.790701
 780.000000 3.401000
 781.000000 2.977566
 782.000000 3.102112
 783.000000 2.778809
 784.000000 3.035023
 785.000000 3.349506
 786.000000 3.749288
 787.000000 3.116071
 788.000000 2.919775
 789.000000 3.597042
 790.000000 3.151973
 791.000000 3.180499
 792.000000 3.372458
 793.000000 4.007093
 794.000000 4.343202
 795.000000 3.962889
 796.000000 3.630331
 797.000000 4.072982
 798.000000 3.876194
 799.000000 3.159354
 800.000000 2.885606
 801.000000 2.402223
 802.000000 1.951529
 803.000000 2.918184
 804.000000 2.930413
 805.000000 2.676130
 806.000000 2.363627
 807.000000 1.717549
 808.000000 1.612178
 809.000000 2.355449
 810.000000 2.316123
 811.000000 2.726212
 812.000000 2.940131
 813.000000 3.024960
 814.000000 3.256935
 815.000000 2.893761
 816.000000 3.475441
 817.000000 3.986690
 818.000000 3.830332
 819.000000 4.054323
 820.000000 3.524898
 821.000000 3.400635
 822.000000 3.310670
 823.000000 3.383766
 824.000000 3.120177
 825.000000 2.713538
 826.000000 2.997647
 827.000000 3.024855
 828.000000 2.674735
 829.000000 3.284707
 830.000000 3.319596
 831.000000 3.364843
 832.000000 3.135443
 833.000000 3.291876
 834.000000 3.217542
 835.000000 3.420987
 836.000000 3.451057
 837.000000 3.219000
 838.000000 3.513235
 839.000000 3.188201
 840.000000 3.380493
 841.000000 3.797460
 842.000000 2.518997
 843.000000 2.903248
 844.000000 3.624116
 845.000000 3.483389
 846.000000 3.417026
 847.000000 3.476992
 848.000000 3.142188
 849.000000 3.854026
 850.000000 3.977576
 851.000000 3.483638
 852.000000 3.676720
 853.000000 3.214836
 854.000000 3.264589
 855.000000 4.513343
 856.000000 3.584769
 857.000000 3.293133
 858.000000 4.012618
 859.000000 3.350184
 860.000000 2.839707
 861.000000 2.935058
 862.000000 2.640726
 863.000000 2.990670
 864.000000 3.322989
 865.000000 3.572976
 866.000000 3.367388
 867.000000 3.855175
 868.000000 3.268314
 869.000000 2.927863
 870.000000 3.526135
 871.000000 3.315513
 872.000000 3.136772
 873.000000 3.744226
 874.000000 3.514358
 875.000000 3.688207
 876.000000 3.467500
 877.000000 3.156709
 878.000000 2.497182
 879.000000 3.770654
 880.000000 3.126007
 881.000000 4.200145
 882.000000 3.258709
 883.000000 3.637129
 884.000000 3.131229
 885.000000 3.691589
 886.000000 3.200493
 887.000000 3.739736
 888.000000 2.873404
 889.000000 3.221699
 890.000000 3.122274
 891.000000 3.216849
 892.000000 3.570234
 893.000000 3.531138
 894.000000 3.457255
 895.000000 3.275381
 896.000000 2.974121
 897.000000 3.259621
 898.000000 3.254346
 899.000000 3.177734
 900.000000 2.916230
 901.000000 2.933250
 902.000000 3.083845
 903.000000 3.828923
 904.000000 3.630763
 905.000000 3.525993
 906.000000 2.800056
 907.000000 1.770283
 908.000000 0.982350
 909.000000 0.915132
 910.000000 0.896895
 911.000000 0.928418
 912.000000 0.901564
 913.000000 0.992737
 914.000000 0.871932
 915.000000 0.879283
 916.000000 0.897620
 917.000000 0.966810
 918.000000 0.884929
 919.000000 0.902333
 920.000000 1.108384
 921.000000 1.412879
 922.000000 1.389365
 923.000000 1.764253
 924.000000 1.940152
 925.000000 1.464816
 926.000000 1.682554
 927.000000 1.649802
 928.000000 1.590190
 929.000000 1.689423
 930.000000 1.869767
 931.000000 1.778161
 932.000000 1.579537
 933.000000 1.581645
 934.000000 1.933435
 935.000000 1.454341
 936.000000 1.387326
 937.000000 1.206066
 938.000000 1.563126
 939.000000 1.639893
 940.000000 1.666958
 941.000000 1.468209
 942.000000 1.338847
 943.000000 1.342171
 944.000000 1.049184
 945.000000 1.014257
 946.000000 1.047068
 947.000000 0.937134
 948.000000 0.939623
 949.000000 0.934021
 950.000000 1.050130
 951.000000 1.009534
 952.000000 1.249526
 953.000000 1.404888
 954.000000 1.657371
 955.000000 1.843884
 956.000000 1.802113
 957.000000 1.773345
 958.000000 1.608117
 959.000000 1.596835
 960.000000 1.550720
 961.000000 1.586547
 962.000000 1.792921
 963.000000 1.681106
 964.000000 1.056692
 965.000000 1.620939
 966.000000 1.635447
 967.000000 1.570675
 968.000000 1.479029
 969.000000 1.601163
 970.000000 1.503757
 971.000000 1.295474
 972.000000 1.384561
 973.000000 1.465194
 974.000000 1.381870
 975.000000 1.381501
 976.000000 1.573963
 977.000000 1.564710
 978.000000 2.518079
 979.000000 2.624221
 980.000000 2.909548
 981.000000 2.115525
 982.000000 3.531564
 983.000000 3.049305
 984.000000 2.666816
 985.000000 3.881803
 986.000000 3.320111
 987.000000 3.766088
 988.000000 3.629161
 989.000000 3.293702
 990.000000 2.750336
 991.000000 2.572709
 992.000000 3.478004
 993.000000 3.527255
 994.000000 3.403428
 995.000000 2.718902
 996.000000 3.115916
 997.000000 2.900141
 998.000000 1.123734
 999.000000 1.637614
 1000.000000 1.633959
 1001.000000 0.424027
 1002.000000 0.251606
 1003.000000 0.892812
 1004.000000 1.183809
 1005.000000 1.083277
 1006.000000 1.106493
 1007.000000 1.108695
 1008.000000 1.164328
 1009.000000 1.865433
 1010.000000 1.650757
 1011.000000 1.152447
 1012.000000 2.038919
 1013.000000 2.016756
 1014.000000 2.027342
 1015.000000 2.235612
 1016.000000 2.103601
 1017.000000 2.054557
 1018.000000 2.109724
 1019.000000 1.826416
 1020.000000 1.710852
 1021.000000 1.739584
 1022.000000 1.779323
 1023.000000 1.711513
 1024.000000 1.787389
 1025.000000 1.813482
 1026.000000 1.708764
 1027.000000 1.923318
 1028.000000 1.951867
 1029.000000 1.878010
 1030.000000 1.797924
 1031.000000 2.071915
 1032.000000 1.926667
 1033.000000 2.049079
 1034.000000 2.014821
 1035.000000 2.154837
 1036.000000 2.148349
 1037.000000 2.102958
 1038.000000 2.107014
 1039.000000 2.212977
 1040.000000 1.731203
 1041.000000 2.805933
 1042.000000 2.943699
 1043.000000 3.483766
 1044.000000 3.097433
 1045.000000 3.572646
 1046.000000 3.744546
 1047.000000 3.675729
 1048.000000 3.649478
 1049.000000 3.917509
 1050.000000 4.002397
 1051.000000 3.981800
 1052.000000 3.776091
 1053.000000 3.408317
 1054.000000 3.710206
 1055.000000 3.439358
 1056.000000 2.712008
 1057.000000 2.879163
 1058.000000 3.575026
 1059.000000 3.427487
 1060.000000 3.166412
 1061.000000 3.403783
 1062.000000 3.488339
 1063.000000 3.475440
 1064.000000 4.156217
 1065.000000 3.883958
 1066.000000 3.579023
 1067.000000 3.097724
 1068.000000 3.399711
 1069.000000 3.554362
 1070.000000 3.437983
 1071.000000 3.485415
 1072.000000 2.773443
 1073.000000 3.000858
 1074.000000 1.786577
 1075.000000 2.155204
 1076.000000 1.303850
 1077.000000 2.153082
 1078.000000 3.237222
 1079.000000 3.347915
 1080.000000 3.125577
 1081.000000 1.087833
 1082.000000 1.326703
 1083.000000 2.011164
 1084.000000 2.767004
 1085.000000 1.647790
 1086.000000 3.184682
 1087.000000 3.096410
 1088.000000 3.246269
 1089.000000 4.042828
 1090.000000 3.924271
 1091.000000 3.555233
 1092.000000 3.015083
 1093.000000 3.449667
 1094.000000 3.139358
 1095.000000 3.240058
 1096.000000 3.105954
 1097.000000 3.943060
 1098.000000 3.417834
 1099.000000 3.125878
 1100.000000 3.106700
 1101.000000 3.032472
 1102.000000 2.775779
 1103.000000 2.458806
 1104.000000 2.561177
 1105.000000 2.965809
 1106.000000 3.043887
 1107.000000 2.878569
 1108.000000 2.609258
 1109.000000 2.419637
 1110.000000 2.592900
 1111.000000 2.477458
 1112.000000 2.376939
 1113.000000 2.350782
 1114.000000 2.432402
 1115.000000 2.464430
 1116.000000 2.354118
 1117.000000 2.147134
 1118.000000 2.293179
 1119.000000 2.460083
 1120.000000 2.433290
 1121.000000 2.355998
 1122.000000 2.428962
 1123.000000 2.446031
 1124.000000 2.409723
 1125.000000 2.421770
 1126.000000 2.512537
 1127.000000 2.378969
 1128.000000 2.505736
 1129.000000 2.570287
 1130.000000 2.616332
 1131.000000 2.655611
 1132.000000 2.671686
 1133.000000 2.615798
 1134.000000 2.558048
 1135.000000 2.544556
 1136.000000 2.586643
 1137.000000 2.584031
 1138.000000 2.563444
 1139.000000 2.630179
 1140.000000 2.662794
 1141.000000 2.631199
 1142.000000 2.529519
 1143.000000 2.661092
 1144.000000 2.739494
 1145.000000 2.666554
 1146.000000 2.632604
 1147.000000 2.655564
 1148.000000 2.685773
 1149.000000 2.590662
 1150.000000 2.619261
 1151.000000 2.701138
 1152.000000 2.778365
 1153.000000 2.695803
 1154.000000 2.627447
 1155.000000 2.668547
 1156.000000 2.768027
 1157.000000 2.724596
 1158.000000 2.687226
 1159.000000 2.605410
 1160.000000 2.530564
 1161.000000 2.526797
 1162.000000 2.729424
 1163.000000 2.672759
 1164.000000 2.645528
 1165.000000 2.807788
 1166.000000 2.764610
 1167.000000 2.678203
 1168.000000 2.654829
 1169.000000 2.666620
 1170.000000 2.697543
 1171.000000 2.825889
 1172.000000 2.806311
 1173.000000 2.745012
 1174.000000 2.818332
 1175.000000 2.611935
 1176.000000 2.589668
 1177.000000 2.616184
 1178.000000 2.578899
 1179.000000 2.546265
 1180.000000 2.526741
 1181.000000 2.563385
 1182.000000 2.641283
 1183.000000 2.753819
 1184.000000 2.641291
 1185.000000 2.696330
 1186.000000 2.597978
 1187.000000 2.675239
 1188.000000 2.582926
 1189.000000 2.522499
 1190.000000 2.681461
 1191.000000 2.636983
 1192.000000 2.657312
 1193.000000 2.693084
 1194.000000 2.764354
 1195.000000 2.683244
 1196.000000 2.689252
 1197.000000 2.636969
 1198.000000 2.641316
 1199.000000 2.621829
 1200.000000 2.562616
 1201.000000 2.751530
 1202.000000 2.547329
 1203.000000 2.710422
 1204.000000 2.633688
 1205.000000 2.717966
 1206.000000 2.691636
 1207.000000 2.680892
 1208.000000 2.675426
 1209.000000 2.757167
 1210.000000 2.705028
 1211.000000 2.708928
 1212.000000 2.699687
 1213.000000 2.838499
 1214.000000 2.911776
 1215.000000 3.167109
 1216.000000 3.025547
 1217.000000 2.800912
 1218.000000 2.773728
 1219.000000 2.675939
 1220.000000 2.711765
 1221.000000 2.537133
 1222.000000 2.822737
 1223.000000 2.711306
 1224.000000 2.968229
 1225.000000 2.927393
 1226.000000 3.069192
 1227.000000 2.988684
 1228.000000 3.175763
 1229.000000 3.008756
 1230.000000 3.208318
 1231.000000 2.922524
 1232.000000 2.864171
 1233.000000 3.031608
 1234.000000 3.144187
 1235.000000 3.227707
 1236.000000 3.067904
 1237.000000 3.289573
 1238.000000 3.177376
 1239.000000 3.050855
 1240.000000 2.799086
 1241.000000 2.792621
 1242.000000 2.624187
 1243.000000 2.661487
 1244.000000 2.658147
 1245.000000 2.953771
 1246.000000 2.655148
 1247.000000 2.656295
 1248.000000 2.552431
 1249.000000 2.581776
 1250.000000 2.588246
 1251.000000 2.729993
 1252.000000 2.432190
 1253.000000 2.655755
 1254.000000 2.267076
 1255.000000 2.535232
 1256.000000 2.747367
 1257.000000 2.866120
 1258.000000 3.002031
 1259.000000 3.074543
 1260.000000 3.033504
 1261.000000 3.077544
 1262.000000 3.225029
 1263.000000 3.105528
 1264.000000 3.086222
 1265.000000 3.083088
 1266.000000 2.872239
 1267.000000 2.843765
 1268.000000 2.899513
 1269.000000 2.793864
 1270.000000 2.702072
 1271.000000 2.856688
 1272.000000 2.804176
 1273.000000 2.775027
 1274.000000 3.069905
 1275.000000 3.126932
 1276.000000 2.925564
 1277.000000 2.957419
 1278.000000 3.100768
 1279.000000 2.847874
 1280.000000 2.358560
 1281.000000 2.625408
 1282.000000 2.629774
 1283.000000 2.782949
 1284.000000 2.703269
 1285.000000 2.758991
 1286.000000 2.866109
 1287.000000 2.870818
 1288.000000 2.690024
 1289.000000 2.753116
 1290.000000 2.448695
 1291.000000 2.569172
 1292.000000 2.692295
 1293.000000 2.562021
 1294.000000 2.738068
 1295.000000 2.531392
 1296.000000 2.436158
 1297.000000 2.537598
 1298.000000 2.475118
 1299.000000 2.511150
 1300.000000 2.639160
 1301.000000 2.396781
 1302.000000 2.284184
 1303.000000 2.285557
 1304.000000 2.340547
 1305.000000 2.342615
 1306.000000 2.381531
 1307.000000 2.423270
 1308.000000 2.276295
 1309.000000 2.307502
 1310.000000 2.431840
 1311.000000 2.404187
 1312.000000 2.282995
 1313.000000 2.167099
 1314.000000 2.135376
 1315.000000 2.112491
 1316.000000 2.296375
 1317.000000 2.241937
 1318.000000 2.192341
 1319.000000 2.334469
 1320.000000 2.440863
 1321.000000 2.295133
 1322.000000 2.352067
 1323.000000 2.324235
 1324.000000 2.319773
 1325.000000 2.236966
 1326.000000 2.088358
 1327.000000 2.204621
 1328.000000 2.227061
 1329.000000 2.327164
 1330.000000 2.313450
 1331.000000 2.215058
 1332.000000 2.313005
 1333.000000 2.403751
 1334.000000 2.544065
 1335.000000 2.236406
 1336.000000 2.178970
 1337.000000 2.344921
 1338.000000 2.666690
 1339.000000 2.536327
 1340.000000 2.332573
 1341.000000 2.315752
 1342.000000 2.204218
 1343.000000 2.325659
 1344.000000 2.698242
 1345.000000 2.591442
 1346.000000 2.798352
 1347.000000 2.998750
 1348.000000 3.034996
 1349.000000 3.176380
 1350.000000 3.160947
 1351.000000 2.951511
 1352.000000 3.193869
 1353.000000 3.001389
 1354.000000 3.119617
 1355.000000 3.136052
 1356.000000 3.353394
 1357.000000 3.506350
 1358.000000 3.437762
 1359.000000 3.452406
 1360.000000 3.464380
 1361.000000 3.368254
 1362.000000 3.366050
 1363.000000 3.431090
 1364.000000 3.404490
 1365.000000 3.504502
 1366.000000 3.545338
 1367.000000 3.496756
 1368.000000 3.524793
 1369.000000 3.560810
 1370.000000 3.423567
 1371.000000 3.333831
 1372.000000 3.334930
 1373.000000 3.224538
 1374.000000 2.989637
 1375.000000 3.314738
 1376.000000 3.146934
 1377.000000 3.131702
 1378.000000 3.377493
 1379.000000 3.056178
 1380.000000 3.243757
 1381.000000 3.160155
 1382.000000 3.242545
 1383.000000 3.529284
 1384.000000 3.532448
 1385.000000 3.376933
 1386.000000 3.189088
 1387.000000 3.377865
 1388.000000 3.439327
 1389.000000 3.438566
 1390.000000 3.405872
 1391.000000 3.354991
 1392.000000 3.620276
 1393.000000 3.604232
 1394.000000 3.447909
 1395.000000 3.449625
 1396.000000 3.361113
 1397.000000 3.241796
 1398.000000 3.216145
 1399.000000 3.079735
 1400.000000 3.253434
 1401.000000 3.132216
 1402.000000 3.176380
 1403.000000 3.058667
 1404.000000 2.984541
 1405.000000 2.835560
 1406.000000 3.111074
 1407.000000 2.897549
 1408.000000 2.750937
 1409.000000 2.773645
 1410.000000 2.695699
 1411.000000 2.602753
 1412.000000 2.813985
 1413.000000 2.550122
 1414.000000 2.548311
 1415.000000 2.414791
 1416.000000 2.345911
 1417.000000 2.484715
 1418.000000 2.742116
 1419.000000 2.778555
 1420.000000 2.251549
 1421.000000 2.308125
 1422.000000 2.485017
 1423.000000 2.838523
 1424.000000 2.915434
 1425.000000 3.006692
 1426.000000 2.741276
 1427.000000 2.743767
 1428.000000 2.591284
 1429.000000 2.907072
 1430.000000 2.351931
 1431.000000 2.405583
 1432.000000 2.625481
 1433.000000 2.756900
 1434.000000 2.697902
 1435.000000 2.414654
 1436.000000 2.525599
 1437.000000 2.623831
 1438.000000 2.767779
 1439.000000 2.736810
 1440.000000 2.455768
 1441.000000 2.482141
 1442.000000 2.527493
 1443.000000 2.332614
 1444.000000 2.434898
 1445.000000 2.453773
 1446.000000 3.062454
 1447.000000 2.958028
 1448.000000 2.821001
 1449.000000 3.169005
 1450.000000 2.973245
 1451.000000 2.945428
 1452.000000 2.851423
 1453.000000 2.935020
 1454.000000 3.157314
 1455.000000 3.208773
 1456.000000 3.290614
 1457.000000 3.352260
 1458.000000 3.150700
 1459.000000 3.189339
 1460.000000 3.231050
 1461.000000 3.187743
 1462.000000 3.235600
 1463.000000 3.188928
 1464.000000 3.104821
 1465.000000 3.105923
 1466.000000 3.098580
 1467.000000 3.039123
 1468.000000 3.070437
 1469.000000 2.924562
 1470.000000 2.878881
 1471.000000 2.908788
 1472.000000 2.849441
 1473.000000 2.862194
 1474.000000 2.802102
 1475.000000 2.646663
 1476.000000 2.566980
 1477.000000 2.637282
 1478.000000 2.693635
 1479.000000 2.602839
 1480.000000 2.625467
 1481.000000 2.482573
 1482.000000 2.477561
 1483.000000 2.476485
 1484.000000 2.470593
 1485.000000 2.502852
 1486.000000 2.578161
 1487.000000 2.681215
 1488.000000 2.640846
 1489.000000 2.708420
 1490.000000 2.667317
 1491.000000 2.691896
 1492.000000 2.659426
 1493.000000 2.561914
 1494.000000 2.862988
 1495.000000 2.953489
 1496.000000 2.768565
 1497.000000 2.844296
 1498.000000 2.763092
 1499.000000 2.920288
 1500.000000 3.046074
 1501.000000 2.797998
 1502.000000 2.973361
 1503.000000 3.050085
 1504.000000 2.951949
 1505.000000 3.098638
 1506.000000 2.977595
 1507.000000 2.889090
 1508.000000 2.763252
 1509.000000 2.921460
 1510.000000 2.783073
 1511.000000 2.751467
 1512.000000 2.616053
 1513.000000 2.755441
 1514.000000 2.779566
 1515.000000 2.757402
 1516.000000 2.825815
 1517.000000 2.801472
 1518.000000 2.934925
 1519.000000 3.126838
 1520.000000 3.115393
 1521.000000 3.180913
 1522.000000 3.066501
 1523.000000 2.960746
 1524.000000 2.925313
 1525.000000 2.864855
 1526.000000 2.640640
 1527.000000 2.722492
 1528.000000 3.053621
 1529.000000 3.150419
 1530.000000 3.056866
 1531.000000 3.185116
 1532.000000 3.078310
 1533.000000 3.148604
 1534.000000 3.294272
 1535.000000 3.064656
 1536.000000 3.162456
 1537.000000 3.033938
 1538.000000 3.068665
 1539.000000 2.989612
 1540.000000 3.381035
 1541.000000 3.243120
 1542.000000 3.329945
 1543.000000 3.339708
 1544.000000 3.548870
 1545.000000 3.557827
 1546.000000 3.706003
 1547.000000 3.523020
 1548.000000 3.588079
 1549.000000 3.615682
 1550.000000 3.679102
 1551.000000 3.840228
 1552.000000 3.753477
 1553.000000 3.800203
 1554.000000 3.803953
 1555.000000 3.795319
 1556.000000 3.677029
 1557.000000 3.646436
 1558.000000 3.493829
 1559.000000 3.456244
 1560.000000 2.960745
 1561.000000 2.787761
 1562.000000 3.046253
 1563.000000 2.878924
 1564.000000 2.806799
 1565.000000 2.967056
 1566.000000 3.066975
 1567.000000 3.139993
 1568.000000 3.093552
 1569.000000 3.290255
 1570.000000 3.385579
 1571.000000 3.367708
 1572.000000 3.400413
 1573.000000 3.263463
 1574.000000 3.401632
 1575.000000 3.330383
 1576.000000 3.356357
 1577.000000 3.096147
 1578.000000 2.867960
 1579.000000 2.950260
 1580.000000 3.015052
 1581.000000 2.953027
 1582.000000 2.917429
 1583.000000 2.558304
 1584.000000 3.102106
 1585.000000 3.161199
 1586.000000 3.138293
 1587.000000 3.273714
 1588.000000 3.163866
 1589.000000 3.213401
 1590.000000 3.303496
 1591.000000 3.434497
 1592.000000 3.480349
 1593.000000 3.438823
 1594.000000 3.474563
 1595.000000 3.459583
 1596.000000 3.291491
 1597.000000 3.192024
 1598.000000 3.152416
 1599.000000 2.826144
 1600.000000 2.926860
 1601.000000 3.007632
 1602.000000 2.732729
 1603.000000 2.657057
 1604.000000 2.658303
 1605.000000 2.803260
 1606.000000 2.819154
 1607.000000 2.961808
 1608.000000 2.928446
 1609.000000 3.094848
 1610.000000 3.029113
 1611.000000 3.002566
 1612.000000 2.878034
 1613.000000 2.744485
 1614.000000 2.987165
 1615.000000 2.777271
 1616.000000 2.942221
 1617.000000 3.042431
 1618.000000 2.899554
 1619.000000 2.825317
 1620.000000 2.769061
 1621.000000 2.897576
 1622.000000 2.839587
 1623.000000 3.044811
 1624.000000 2.898328
 1625.000000 2.707110
 1626.000000 2.813694
 1627.000000 2.846045
 1628.000000 2.648133
 1629.000000 2.583334
 1630.000000 2.740332
 1631.000000 2.699435
 1632.000000 2.613407
 1633.000000 2.630229
 1634.000000 2.611916
 1635.000000 2.554508
 1636.000000 2.327163
 1637.000000 2.171579
 1638.000000 2.118509
 1639.000000 2.035360
 1640.000000 2.273459
 1641.000000 2.516892
 1642.000000 2.657639
 1643.000000 2.430093
 1644.000000 2.631670
 1645.000000 2.592326
 1646.000000 2.615484
 1647.000000 2.732626
 1648.000000 2.836958
 1649.000000 2.776530
 1650.000000 2.811233
 1651.000000 2.798737
 1652.000000 2.792233
 1653.000000 2.755865
 1654.000000 2.974640
 1655.000000 2.907331
 1656.000000 2.901559
 1657.000000 3.079915
 1658.000000 2.931001
 1659.000000 3.004729
 1660.000000 2.998282
 1661.000000 2.916661
 1662.000000 2.904111
 1663.000000 2.730385
 1664.000000 2.735535
 1665.000000 2.637374
 1666.000000 2.274396
 1667.000000 2.180756
 1668.000000 1.946801
 1669.000000 1.962892
 1670.000000 1.906039
 1671.000000 1.732424
 1672.000000 1.761396
 1673.000000 1.843971
 1674.000000 1.641752
 1675.000000 1.437458
 1676.000000 1.354765
 1677.000000 1.265222
 1678.000000 1.087325
 1679.000000 1.859829
 1680.000000 2.258228
 1681.000000 2.655763
 1682.000000 2.840014
 1683.000000 2.552224
 1684.000000 2.016340
 1685.000000 0.969645
 1686.000000 0.752208
 1687.000000 1.001499
 1688.000000 0.783107
 1689.000000 0.993155
 1690.000000 3.473306
 1691.000000 3.736590
 1692.000000 3.078329
 1693.000000 3.774783
 1694.000000 3.428665
 1695.000000 3.174489
 1696.000000 2.826874
 1697.000000 2.712265
 1698.000000 2.651824
 1699.000000 1.814534
 1700.000000 2.017020
 1701.000000 2.073591
 1702.000000 3.221386
 1703.000000 3.515231
 1704.000000 4.210729
 1705.000000 4.322410
 1706.000000 2.780186
 1707.000000 2.432443
 1708.000000 2.247311
 1709.000000 3.557513
 1710.000000 3.237386
 1711.000000 3.430937
 1712.000000 3.505300
 1713.000000 3.182735
 1714.000000 3.174865
 1715.000000 4.028705
 1716.000000 3.315523
 1717.000000 4.098921
 1718.000000 3.326719
 1719.000000 3.357268
 1720.000000 3.844291
 1721.000000 4.099547
 1722.000000 3.494869
 1723.000000 2.981855
 1724.000000 2.965519
 1725.000000 2.171708
 1726.000000 2.456743
 1727.000000 2.106508
 1728.000000 2.083883
 1729.000000 2.220624
 1730.000000 1.889397
 1731.000000 2.060381
 1732.000000 1.662429
 1733.000000 1.643358
 1734.000000 1.594209
 1735.000000 1.621486
 1736.000000 2.063369
 1737.000000 1.534415
 1738.000000 2.236072
 1739.000000 2.364508
 1740.000000 2.007649
 1741.000000 1.893829
 1742.000000 3.390982
 1743.000000 1.908075
 1744.000000 2.813424
 1745.000000 1.948962
 1746.000000 1.603250
 1747.000000 2.452393
 1748.000000 3.108883
 1749.000000 2.414774
 1750.000000 1.793090
 1751.000000 2.426504
 1752.000000 2.598744
 1753.000000 2.381695
 1754.000000 2.305783
 1755.000000 2.529661
 1756.000000 1.815676
 1757.000000 1.605168
 1758.000000 1.697467
 1759.000000 1.819599
 1760.000000 1.263776
 1761.000000 1.746701
 1762.000000 1.260192
 1763.000000 1.423973
 1764.000000 0.971738
 1765.000000 0.292356
 1766.000000 1.564529
 1767.000000 1.481146
 1768.000000 1.539658
 1769.000000 1.818122
 1770.000000 3.221537
 1771.000000 4.286314
 1772.000000 4.436834
 1773.000000 3.506153
 1774.000000 2.966335
 1775.000000 2.477088
 1776.000000 3.175945
 1777.000000 2.791151
 1778.000000 3.528880
 1779.000000 2.705874
 1780.000000 2.942328
 1781.000000 2.827358
 1782.000000 3.693313
 1783.000000 3.061745
 1784.000000 4.072635
 1785.000000 2.592321
 1786.000000 2.437342
 1787.000000 2.210972
 1788.000000 2.587221
 1789.000000 3.382957
 1790.000000 2.947449
 1791.000000 3.443291
 1792.000000 3.487673
 1793.000000 3.819205
 1794.000000 3.555796
 1795.000000 3.439092
 1796.000000 3.615048
 1797.000000 3.147600
 1798.000000 2.821275
 1799.000000 2.648575
 1800.000000 3.005958
 1801.000000 2.759991
 1802.000000 3.599793
 1803.000000 3.505820
 1804.000000 2.802478
 1805.000000 2.405765
 1806.000000 2.032634
 1807.000000 2.259347
 1808.000000 2.558650
 1809.000000 2.713634
 1810.000000 2.999127
 1811.000000 3.089123
 1812.000000 2.753549
 1813.000000 2.691350
 1814.000000 2.738152
 1815.000000 2.643671
 1816.000000 2.518118
 1817.000000 2.801952
 1818.000000 2.317643
 1819.000000 2.722206
 1820.000000 2.554714
 1821.000000 2.786418
 1822.000000 2.754068
 1823.000000 2.441801
 1824.000000 2.452421
 1825.000000 2.247096
 1826.000000 2.265512
 1827.000000 2.273222
 1828.000000 2.132073
 1829.000000 2.467359
 1830.000000 1.586049
 1831.000000 0.688528
 1832.000000 3.315906
 1833.000000 2.920126
 1834.000000 2.881733
 1835.000000 3.004601
 1836.000000 1.798265
 1837.000000 2.848482
 1838.000000 2.517832
 1839.000000 3.071762
 1840.000000 3.346569
 1841.000000 3.213499
 1842.000000 3.281175
 1843.000000 3.215859
 1844.000000 3.199421
 1845.000000 3.260647
 1846.000000 3.207300
 1847.000000 3.529312
 1848.000000 3.081074
 1849.000000 3.685822
 1850.000000 3.647520
 1851.000000 3.207957
 1852.000000 3.104350
 1853.000000 3.592612
 1854.000000 3.087995
 1855.000000 3.341169
 1856.000000 2.965972
 1857.000000 3.183225
 1858.000000 2.118026
 1859.000000 2.825589
 1860.000000 3.304290
 1861.000000 3.606780
 1862.000000 3.158578
 1863.000000 3.735964
 1864.000000 2.830546
 1865.000000 3.782613
 1866.000000 2.954778
 1867.000000 2.803730
 1868.000000 2.857679
 1869.000000 2.488781
 1870.000000 2.840833
 1871.000000 3.403938
 1872.000000 2.892080
 1873.000000 3.550277
 1874.000000 3.911864
 1875.000000 3.827856
 1876.000000 3.443640
 1877.000000 3.411206
 1878.000000 3.262918
 1879.000000 3.387273
 1880.000000 3.466166
 1881.000000 3.138097
 1882.000000 3.306612
 1883.000000 3.564259
 1884.000000 3.574730
 1885.000000 3.366875
 1886.000000 3.386227
 1887.000000 3.450086
 1888.000000 3.467076
 1889.000000 3.221732
 1890.000000 3.565904
 1891.000000 4.105271
 1892.000000 3.597953
 1893.000000 3.374006
 1894.000000 3.738549
 1895.000000 4.021341
 1896.000000 4.011089
 1897.000000 4.003540
 1898.000000 4.274349
 1899.000000 3.878061
 1900.000000 3.553385
 1901.000000 3.508002
 1902.000000 3.456855
 1903.000000 3.358585
 1904.000000 1.899502
 1905.000000 2.348175
 1906.000000 2.750583
 1907.000000 3.446330
 1908.000000 3.286911
 1909.000000 2.949594
 1910.000000 3.327895
 1911.000000 2.451518
 1912.000000 3.313789
 1913.000000 3.579798
 1914.000000 3.693363
 1915.000000 2.358739
 1916.000000 2.918919
 1917.000000 2.991376
 1918.000000 3.860473
 1919.000000 2.508129
 1920.000000 0.789254
 1921.000000 0.694731
 1922.000000 1.006094
 1923.000000 0.817584
 1924.000000 1.331334
 1925.000000 1.781641
 1926.000000 2.361807
 1927.000000 2.090594
 1928.000000 2.234349
 1929.000000 1.671270
 1930.000000 2.032417
 1931.000000 1.823231
 1932.000000 2.339161
 1933.000000 2.609022
 1934.000000 2.473425
 1935.000000 2.390207
 1936.000000 2.516024
 1937.000000 2.590409
 1938.000000 2.346911
 1939.000000 2.675689
 1940.000000 2.373539
 1941.000000 2.622097
 1942.000000 2.703904
 1943.000000 3.008755
 1944.000000 2.973623
 1945.000000 2.639425
 1946.000000 3.057066
 1947.000000 2.806408
 1948.000000 2.833106
 1949.000000 2.931289
 1950.000000 3.076777
 1951.000000 2.898525
 1952.000000 3.082373
 1953.000000 2.981257
 1954.000000 2.882730
 1955.000000 2.714531
 1956.000000 2.814374
 1957.000000 2.841217
 1958.000000 2.735764
 1959.000000 2.686912
 1960.000000 2.745179
 1961.000000 2.649549
 1962.000000 2.463773
 1963.000000 2.679969
 1964.000000 2.347278
 1965.000000 3.109707
 1966.000000 2.743671
 1967.000000 1.727542
 1968.000000 2.394071
 1969.000000 2.883432
 1970.000000 2.290288
 1971.000000 1.401028
 1972.000000 2.230208
 1973.000000 2.182057
 1974.000000 1.721167
 1975.000000 1.132114
 1976.000000 1.255845
 1977.000000 0.468659
 1978.000000 0.815584
 1979.000000 2.425316
 1980.000000 1.606192
 1981.000000 2.942692
 1982.000000 3.040876
 1983.000000 3.821271
 1984.000000 3.601862
 1985.000000 2.975741
 1986.000000 2.543508
 1987.000000 3.658069
 1988.000000 3.487609
 1989.000000 3.278899
 1990.000000 3.257824
 1991.000000 3.137529
 1992.000000 3.007322
 1993.000000 3.188375
 1994.000000 3.716237
 1995.000000 2.500757
 1996.000000 1.416253
 1997.000000 3.418059
 1998.000000 2.840678
 1999.000000 2.727109
 2000.000000 3.003066
 2001.000000 2.486644
 2002.000000 2.435034
 2003.000000 2.609845
 2004.000000 2.178433
 2005.000000 2.512048
 2006.000000 2.423534
 2007.000000 2.704923
 2008.000000 2.016868
 2009.000000 2.897303
 2010.000000 2.391957
 2011.000000 2.481665
 2012.000000 2.505003
 2013.000000 2.343490
 2014.000000 2.704197
 2015.000000 3.075094
 2016.000000 2.235193
 2017.000000 2.877124
 2018.000000 3.264640
 2019.000000 4.007067
 2020.000000 3.728668
 2021.000000 3.832648
 2022.000000 3.749419
 2023.000000 3.690980
 2024.000000 3.487912
