#! FIELDS time r24.min
 0.000000 2.406365
 1.000000 2.549512
 2.000000 2.282144
 3.000000 2.614735
 4.000000 2.147475
 5.000000 1.426094
 6.000000 0.934988
 7.000000 0.587704
 8.000000 0.762750
 9.000000 2.414311
 10.000000 1.541898
 11.000000 1.852549
 12.000000 3.626698
 13.000000 3.842728
 14.000000 3.305311
 15.000000 3.569093
 16.000000 3.626203
 17.000000 3.598038
 18.000000 3.393492
 19.000000 3.329961
 20.000000 3.157431
 21.000000 3.272577
 22.000000 3.282672
 23.000000 3.257933
 24.000000 3.705509
 25.000000 1.638253
 26.000000 1.421668
 27.000000 1.605910
 28.000000 1.849814
 29.000000 2.012263
 30.000000 1.930284
 31.000000 1.850460
 32.000000 3.146754
 33.000000 3.305815
 34.000000 2.111478
 35.000000 2.727171
 36.000000 3.153881
 37.000000 2.705643
 38.000000 3.982148
 39.000000 3.684515
 40.000000 3.990445
 41.000000 4.060983
 42.000000 4.372557
 43.000000 2.876061
 44.000000 0.893970
 45.000000 0.488956
 46.000000 1.066273
 47.000000 1.494636
 48.000000 1.439073
 49.000000 1.754491
 50.000000 1.192525
 51.000000 1.164059
 52.000000 0.957589
 53.000000 1.601334
 54.000000 0.935549
 55.000000 0.858976
 56.000000 0.902076
 57.000000 0.775800
 58.000000 1.112880
 59.000000 1.109781
 60.000000 1.113956
 61.000000 0.668008
 62.000000 0.810783
 63.000000 1.357847
 64.000000 1.313804
 65.000000 1.490841
 66.000000 2.523392
 67.000000 3.539026
 68.000000 3.108793
 69.000000 3.272150
 70.000000 3.342278
 71.000000 3.376727
 72.000000 3.854363
 73.000000 4.362022
 74.000000 4.046127
 75.000000 3.136591
 76.000000 4.334918
 77.000000 3.986939
 78.000000 3.135809
 79.000000 3.218558
 80.000000 3.028058
 81.000000 3.247611
 82.000000 2.910924
 83.000000 2.998509
 84.000000 3.583078
 85.000000 3.097664
 86.000000 3.262720
 87.000000 3.577701
 88.000000 4.074519
 89.000000 3.791017
 90.000000 4.451342
 91.000000 4.511479
 92.000000 4.397071
 93.000000 3.828739
 94.000000 3.928091
 95.000000 4.653526
 96.000000 4.422989
 97.000000 2.634529
 98.000000 1.457675
 99.000000 1.091619
 100.000000 2.770920
 101.000000 1.739671
 102.000000 3.169898
 103.000000 2.300753
 104.000000 3.913364
 105.000000 3.437106
 106.000000 4.352211
 107.000000 2.575826
 108.000000 0.510989
 109.000000 0.787235
 110.000000 0.789762
 111.000000 1.287094
 112.000000 1.877469
 113.000000 2.676536
 114.000000 2.676673
 115.000000 2.439235
 116.000000 2.402098
 117.000000 2.776808
 118.000000 2.685485
 119.000000 2.217883
 120.000000 2.374266
 121.000000 2.190151
 122.000000 2.425476
 123.000000 2.370222
 124.000000 2.439818
 125.000000 2.150482
 126.000000 2.611880
 127.000000 1.518874
 128.000000 1.921138
 129.000000 0.836868
 130.000000 0.932143
 131.000000 1.200026
 132.000000 1.081837
 133.000000 0.679444
 134.000000 1.017118
 135.000000 1.201949
 136.000000 1.760538
 137.000000 1.303577
 138.000000 0.712715
 139.000000 1.190243
 140.000000 0.967227
 141.000000 1.086960
 142.000000 2.285338
 143.000000 2.509991
 144.000000 2.346908
 145.000000 1.394425
 146.000000 3.194169
 147.000000 3.436978
 148.000000 2.473838
 149.000000 2.554138
 150.000000 3.110339
 151.000000 3.026326
 152.000000 2.516530
 153.000000 3.325947
 154.000000 3.388598
 155.000000 3.482021
 156.000000 3.244753
 157.000000 2.551240
 158.000000 2.771194
 159.000000 2.753481
 160.000000 3.158938
 161.000000 3.454289
 162.000000 3.971670
 163.000000 2.992645
 164.000000 2.674162
 165.000000 3.682998
 166.000000 3.392214
 167.000000 2.966504
 168.000000 3.353434
 169.000000 3.515349
 170.000000 3.480444
 171.000000 3.244480
 172.000000 3.576351
 173.000000 3.577933
 174.000000 3.397914
 175.000000 3.560592
 176.000000 3.621856
 177.000000 3.498518
 178.000000 3.410904
 179.000000 3.548416
 180.000000 3.530653
 181.000000 3.577398
 182.000000 3.487646
 183.000000 3.392032
 184.000000 3.356903
 185.000000 3.565347
 186.000000 3.481791
 187.000000 3.597456
 188.000000 3.642206
 189.000000 3.569752
 190.000000 3.707848
 191.000000 3.775356
 192.000000 3.871602
 193.000000 3.637943
 194.000000 3.782488
 195.000000 3.670770
 196.000000 3.740529
 197.000000 3.745775
 198.000000 3.622320
 199.000000 3.577824
 200.000000 3.529583
 201.000000 3.530687
 202.000000 3.571134
 203.000000 3.657441
 204.000000 3.390389
 205.000000 2.834493
 206.000000 2.237104
 207.000000 2.309828
 208.000000 2.463385
 209.000000 2.799891
 210.000000 2.921885
 211.000000 2.817432
 212.000000 2.159687
 213.000000 2.272775
 214.000000 2.821753
 215.000000 2.859611
 216.000000 3.008132
 217.000000 2.604399
 218.000000 2.901032
 219.000000 3.267444
 220.000000 2.900513
 221.000000 3.191988
 222.000000 3.187517
 223.000000 3.258782
 224.000000 3.367058
 225.000000 3.530191
 226.000000 3.276902
 227.000000 3.176516
 228.000000 3.210484
 229.000000 3.222293
 230.000000 3.243847
 231.000000 3.274821
 232.000000 3.166953
 233.000000 3.547313
 234.000000 3.569402
 235.000000 3.499087
 236.000000 3.462336
 237.000000 3.493934
 238.000000 3.139135
 239.000000 3.396910
 240.000000 3.648144
 241.000000 3.553137
 242.000000 3.329214
 243.000000 3.537874
 244.000000 4.285915
 245.000000 3.863602
 246.000000 3.776826
 247.000000 3.777822
 248.000000 3.871428
 249.000000 3.878166
 250.000000 3.965870
 251.000000 4.007998
 252.000000 4.206838
 253.000000 4.021566
 254.000000 4.043047
 255.000000 3.484066
 256.000000 3.729041
 257.000000 3.226613
 258.000000 3.280241
 259.000000 3.584693
 260.000000 3.305048
 261.000000 3.256864
 262.000000 4.215808
 263.000000 4.001486
 264.000000 2.913150
 265.000000 1.659396
 266.000000 1.592480
 267.000000 2.884770
 268.000000 3.959917
 269.000000 4.231720
 270.000000 4.521542
 271.000000 4.446387
 272.000000 3.844462
 273.000000 4.480150
 274.000000 4.227118
 275.000000 3.448986
 276.000000 3.147446
 277.000000 2.812906
 278.000000 2.297577
 279.000000 3.159910
 280.000000 3.373232
 281.000000 4.071373
 282.000000 2.712965
 283.000000 3.195471
 284.000000 1.866380
 285.000000 3.829515
 286.000000 3.686715
 287.000000 4.294887
 288.000000 3.663668
 289.000000 2.329208
 290.000000 3.116764
 291.000000 3.602352
 292.000000 3.298055
 293.000000 3.631263
 294.000000 3.312235
 295.000000 2.836549
 296.000000 2.909863
 297.000000 3.502353
 298.000000 3.109821
 299.000000 2.360445
 300.000000 2.245054
 301.000000 2.346317
 302.000000 2.985575
 303.000000 3.535778
 304.000000 4.011501
 305.000000 3.483678
 306.000000 3.699155
 307.000000 3.690876
 308.000000 2.846595
 309.000000 2.888794
 310.000000 1.992236
 311.000000 0.985379
 312.000000 2.771832
 313.000000 3.404804
 314.000000 3.294474
 315.000000 3.047143
 316.000000 3.833590
 317.000000 3.597849
 318.000000 3.735514
 319.000000 3.172482
 320.000000 3.702495
 321.000000 2.978696
 322.000000 2.460345
 323.000000 2.992349
 324.000000 3.002576
 325.000000 3.710129
 326.000000 3.757794
 327.000000 3.659767
 328.000000 2.986897
 329.000000 3.679835
 330.000000 2.666170
 331.000000 3.268912
 332.000000 3.141388
 333.000000 2.272697
 334.000000 0.856642
 335.000000 2.840714
 336.000000 3.712792
 337.000000 3.586651
 338.000000 3.338310
 339.000000 3.624711
 340.000000 3.997915
 341.000000 3.924722
 342.000000 3.817188
 343.000000 3.857230
 344.000000 3.626089
 345.000000 3.511928
 346.000000 3.274463
 347.000000 3.692316
 348.000000 3.726222
 349.000000 3.632581
 350.000000 3.477060
 351.000000 3.331124
 352.000000 3.377067
 353.000000 3.617163
 354.000000 3.779014
 355.000000 3.301566
 356.000000 3.466510
 357.000000 3.460369
 358.000000 2.881868
 359.000000 3.165680
 360.000000 3.524077
 361.000000 3.682169
 362.000000 3.668058
 363.000000 4.025713
 364.000000 4.169816
 365.000000 4.098760
 366.000000 3.859331
 367.000000 3.925528
 368.000000 3.749221
 369.000000 3.962303
 370.000000 3.885504
 371.000000 3.617297
 372.000000 3.548912
 373.000000 3.651306
 374.000000 3.406750
 375.000000 3.375202
 376.000000 3.270285
 377.000000 3.536034
 378.000000 3.540441
 379.000000 3.604167
 380.000000 3.327037
 381.000000 3.448406
 382.000000 3.756177
 383.000000 3.683801
 384.000000 3.615236
 385.000000 3.492734
 386.000000 3.713439
 387.000000 3.755073
 388.000000 3.923474
 389.000000 3.980971
 390.000000 3.972023
 391.000000 4.037268
 392.000000 3.924263
 393.000000 4.053392
 394.000000 4.085290
 395.000000 3.796644
 396.000000 3.857766
 397.000000 3.752750
 398.000000 3.925992
 399.000000 3.917777
 400.000000 3.953028
 401.000000 4.036662
 402.000000 3.845654
 403.000000 4.076459
 404.000000 4.108111
 405.000000 4.057004
 406.000000 3.978012
 407.000000 3.938569
 408.000000 4.059073
 409.000000 3.903496
 410.000000 3.783542
 411.000000 4.043339
 412.000000 4.065540
 413.000000 3.895100
 414.000000 3.967351
 415.000000 4.003874
 416.000000 4.036946
 417.000000 4.059519
 418.000000 4.124905
 419.000000 4.138711
 420.000000 4.135665
 421.000000 4.108828
 422.000000 4.084973
 423.000000 4.209610
 424.000000 4.222407
 425.000000 4.135745
 426.000000 4.280185
 427.000000 4.276803
 428.000000 4.274673
 429.000000 3.384508
 430.000000 4.308072
 431.000000 4.248739
 432.000000 4.443932
 433.000000 4.428438
 434.000000 4.286082
 435.000000 4.176082
 436.000000 4.099386
 437.000000 4.177114
 438.000000 4.135940
 439.000000 4.251891
 440.000000 4.220213
 441.000000 3.944432
 442.000000 3.928318
 443.000000 3.558965
 444.000000 3.632259
 445.000000 3.836035
 446.000000 3.912175
 447.000000 4.395857
 448.000000 2.870964
 449.000000 4.323146
 450.000000 4.634082
 451.000000 4.982149
 452.000000 2.902472
 453.000000 3.427427
 454.000000 2.341072
 455.000000 3.573797
 456.000000 4.638580
 457.000000 3.413520
 458.000000 3.545609
 459.000000 4.046733
 460.000000 3.801842
 461.000000 2.871864
 462.000000 2.873027
 463.000000 3.685336
 464.000000 3.111410
 465.000000 3.221870
 466.000000 3.171657
 467.000000 2.283949
 468.000000 3.124134
 469.000000 3.573262
 470.000000 4.169178
 471.000000 4.356347
 472.000000 3.839827
 473.000000 3.103528
 474.000000 2.264451
 475.000000 2.206107
 476.000000 2.609065
 477.000000 1.923725
 478.000000 1.679886
 479.000000 2.059288
 480.000000 1.916707
 481.000000 2.633164
 482.000000 3.025908
 483.000000 3.674134
 484.000000 3.691498
 485.000000 3.451095
 486.000000 3.459950
 487.000000 3.481192
 488.000000 3.155555
 489.000000 2.248259
 490.000000 2.107209
 491.000000 0.508394
 492.000000 0.965246
 493.000000 2.271616
 494.000000 2.477314
 495.000000 3.036082
 496.000000 3.304667
 497.000000 3.519862
 498.000000 3.819770
 499.000000 3.700373
 500.000000 4.027536
 501.000000 4.208838
 502.000000 4.114857
 503.000000 3.770961
 504.000000 3.721853
 505.000000 2.830102
 506.000000 3.419513
 507.000000 3.607402
 508.000000 2.593937
 509.000000 3.054270
 510.000000 3.548248
 511.000000 3.407311
 512.000000 2.857136
 513.000000 3.048806
 514.000000 3.409013
 515.000000 3.396242
 516.000000 3.921860
 517.000000 3.193708
 518.000000 3.277066
 519.000000 2.176285
 520.000000 2.636542
 521.000000 3.334748
 522.000000 3.999389
 523.000000 2.105066
 524.000000 2.286643
 525.000000 2.232250
 526.000000 0.855384
 527.000000 0.972496
 528.000000 2.442808
 529.000000 2.827488
 530.000000 2.736891
 531.000000 2.878934
 532.000000 3.072163
 533.000000 3.230600
 534.000000 2.659540
 535.000000 2.660623
 536.000000 2.791229
 537.000000 3.488880
 538.000000 3.438779
 539.000000 3.407209
 540.000000 3.204983
 541.000000 2.794551
 542.000000 3.576399
 543.000000 3.078206
 544.000000 3.162251
 545.000000 2.134155
 546.000000 2.398935
 547.000000 2.648014
 548.000000 2.745178
 549.000000 2.864284
 550.000000 2.828349
 551.000000 2.938102
 552.000000 2.937481
 553.000000 2.941343
 554.000000 3.190329
 555.000000 3.225084
 556.000000 2.960804
 557.000000 2.467834
 558.000000 2.792069
 559.000000 2.704489
 560.000000 2.632774
 561.000000 2.711232
 562.000000 2.753724
 563.000000 2.451975
 564.000000 2.385768
 565.000000 2.459327
 566.000000 2.378221
 567.000000 2.600447
 568.000000 2.545309
 569.000000 2.194548
 570.000000 1.578872
 571.000000 1.316869
 572.000000 1.821650
 573.000000 1.323083
 574.000000 1.945579
 575.000000 1.738337
 576.000000 1.765106
 577.000000 1.633767
 578.000000 1.913820
 579.000000 3.472391
 580.000000 2.391139
 581.000000 3.193186
 582.000000 2.979682
 583.000000 3.384475
 584.000000 3.391859
 585.000000 2.436507
 586.000000 3.299399
 587.000000 3.337858
 588.000000 3.391993
 589.000000 3.619271
 590.000000 4.077255
 591.000000 2.988554
 592.000000 3.728544
 593.000000 3.960674
 594.000000 3.893511
 595.000000 4.186871
 596.000000 4.098997
 597.000000 4.275990
 598.000000 4.033127
 599.000000 4.089850
 600.000000 4.156531
 601.000000 4.388954
 602.000000 4.355685
 603.000000 4.299564
 604.000000 4.306919
 605.000000 4.125884
 606.000000 4.229255
 607.000000 4.302592
 608.000000 4.254189
 609.000000 4.191245
 610.000000 4.168295
 611.000000 4.251045
 612.000000 4.148441
 613.000000 4.381154
 614.000000 4.318506
 615.000000 4.445317
 616.000000 4.436373
 617.000000 4.358838
 618.000000 4.403639
 619.000000 4.444644
 620.000000 4.297640
 621.000000 4.343121
 622.000000 4.527374
 623.000000 4.460836
 624.000000 4.087221
 625.000000 4.496390
 626.000000 4.459783
 627.000000 3.880624
 628.000000 4.423985
 629.000000 3.763789
 630.000000 3.993450
 631.000000 3.932658
 632.000000 3.789272
 633.000000 3.907840
 634.000000 4.483703
 635.000000 4.500181
 636.000000 4.494070
 637.000000 3.806260
 638.000000 3.821717
 639.000000 4.463791
 640.000000 4.470743
 641.000000 3.959578
 642.000000 4.597543
 643.000000 3.881678
 644.000000 3.769862
 645.000000 3.769005
 646.000000 4.662508
 647.000000 4.667266
 648.000000 3.696619
 649.000000 3.751792
 650.000000 3.704754
 651.000000 3.735196
 652.000000 4.114692
 653.000000 4.245112
 654.000000 4.425948
 655.000000 4.551370
 656.000000 4.521131
 657.000000 4.441805
 658.000000 4.156518
 659.000000 4.121471
 660.000000 4.072942
 661.000000 3.990201
 662.000000 4.081156
 663.000000 4.045210
 664.000000 4.004734
 665.000000 4.110992
 666.000000 3.422252
 667.000000 3.557106
 668.000000 3.592325
 669.000000 3.643594
 670.000000 3.597289
 671.000000 3.536317
 672.000000 3.576136
 673.000000 3.955369
 674.000000 3.909070
 675.000000 3.991131
 676.000000 3.949343
 677.000000 3.928191
 678.000000 4.019116
 679.000000 4.192952
 680.000000 4.155798
 681.000000 4.034270
 682.000000 3.913183
 683.000000 3.932945
 684.000000 3.955920
 685.000000 3.919630
 686.000000 4.111144
 687.000000 3.932363
 688.000000 4.088256
 689.000000 4.065362
 690.000000 3.989852
 691.000000 3.537068
 692.000000 3.323321
 693.000000 3.314979
 694.000000 3.983361
 695.000000 3.397378
 696.000000 3.063139
 697.000000 3.428280
 698.000000 4.162504
 699.000000 4.023946
 700.000000 3.954012
 701.000000 3.818273
 702.000000 3.752632
 703.000000 3.597715
 704.000000 2.935700
 705.000000 2.304558
 706.000000 2.676752
 707.000000 3.679458
 708.000000 3.584613
 709.000000 4.168523
 710.000000 4.471341
 711.000000 3.956235
 712.000000 3.073312
 713.000000 3.578536
 714.000000 3.860570
 715.000000 4.108384
 716.000000 3.352989
 717.000000 3.438554
 718.000000 2.797122
 719.000000 2.419990
 720.000000 2.444331
 721.000000 1.754495
 722.000000 3.353326
 723.000000 3.528709
 724.000000 1.689090
 725.000000 0.223594
 726.000000 2.803425
 727.000000 2.628353
 728.000000 3.640851
 729.000000 3.338464
 730.000000 3.853355
 731.000000 3.633956
 732.000000 2.817017
 733.000000 3.312738
 734.000000 4.370752
 735.000000 4.346051
 736.000000 3.668955
 737.000000 3.139545
 738.000000 3.949341
 739.000000 3.002344
 740.000000 3.627269
 741.000000 2.491516
 742.000000 3.498825
 743.000000 3.018303
 744.000000 3.377874
 745.000000 2.881442
 746.000000 2.903530
 747.000000 2.738417
 748.000000 3.290207
 749.000000 3.378082
 750.000000 3.663022
 751.000000 3.381963
 752.000000 3.627422
 753.000000 3.380657
 754.000000 3.016814
 755.000000 2.581211
 756.000000 3.627227
 757.000000 2.459565
 758.000000 2.103683
 759.000000 2.170909
 760.000000 1.223032
 761.000000 2.009821
 762.000000 1.966300
 763.000000 2.072769
 764.000000 3.408930
 765.000000 3.670841
 766.000000 3.325361
 767.000000 3.837467
 768.000000 3.897119
 769.000000 3.274862
 770.000000 3.174658
 771.000000 3.542524
 772.000000 3.597054
 773.000000 3.181783
 774.000000 2.809108
 775.000000 2.676825
 776.000000 3.011496
 777.000000 3.207590
 778.000000 3.117024
 779.000000 3.053225
 780.000000 3.574075
 781.000000 3.247879
 782.000000 3.337063
 783.000000 3.069822
 784.000000 3.495841
 785.000000 3.815215
 786.000000 4.252648
 787.000000 3.437765
 788.000000 2.828949
 789.000000 3.854052
 790.000000 2.848621
 791.000000 3.158939
 792.000000 3.564175
 793.000000 4.408130
 794.000000 4.777629
 795.000000 4.395914
 796.000000 4.116091
 797.000000 4.507076
 798.000000 3.906866
 799.000000 2.942783
 800.000000 2.593493
 801.000000 2.035017
 802.000000 1.927750
 803.000000 3.403213
 804.000000 3.504571
 805.000000 3.150794
 806.000000 2.959944
 807.000000 2.535391
 808.000000 2.191823
 809.000000 2.971397
 810.000000 2.902673
 811.000000 3.351587
 812.000000 3.544614
 813.000000 3.627540
 814.000000 3.106819
 815.000000 2.706207
 816.000000 3.461505
 817.000000 4.110374
 818.000000 3.987647
 819.000000 4.225937
 820.000000 3.486011
 821.000000 3.274693
 822.000000 3.867741
 823.000000 3.393225
 824.000000 3.053703
 825.000000 2.204704
 826.000000 2.869566
 827.000000 2.933864
 828.000000 2.676697
 829.000000 3.459767
 830.000000 3.458336
 831.000000 3.485140
 832.000000 3.299583
 833.000000 3.472234
 834.000000 3.399081
 835.000000 3.575808
 836.000000 3.645263
 837.000000 3.417328
 838.000000 3.567224
 839.000000 3.158652
 840.000000 3.456913
 841.000000 3.862712
 842.000000 2.146070
 843.000000 2.667670
 844.000000 3.600915
 845.000000 3.494055
 846.000000 3.351386
 847.000000 3.254566
 848.000000 2.955496
 849.000000 3.865329
 850.000000 3.934264
 851.000000 3.291224
 852.000000 3.725343
 853.000000 3.763157
 854.000000 3.748084
 855.000000 4.728192
 856.000000 3.724263
 857.000000 3.479378
 858.000000 4.396985
 859.000000 3.666016
 860.000000 3.189166
 861.000000 3.498111
 862.000000 3.172839
 863.000000 3.522238
 864.000000 3.722219
 865.000000 3.846391
 866.000000 3.573832
 867.000000 4.116599
 868.000000 3.692189
 869.000000 3.144841
 870.000000 3.701958
 871.000000 3.763724
 872.000000 3.553244
 873.000000 3.987409
 874.000000 3.862864
 875.000000 3.994375
 876.000000 3.774956
 877.000000 3.715339
 878.000000 3.055278
 879.000000 4.055911
 880.000000 3.498009
 881.000000 4.531154
 882.000000 3.164678
 883.000000 3.949274
 884.000000 3.511201
 885.000000 3.991270
 886.000000 3.480690
 887.000000 3.782856
 888.000000 3.218945
 889.000000 3.526685
 890.000000 3.425388
 891.000000 3.458367
 892.000000 3.974859
 893.000000 3.947363
 894.000000 3.710898
 895.000000 3.386121
 896.000000 3.074055
 897.000000 3.562793
 898.000000 3.554768
 899.000000 3.567610
 900.000000 3.124272
 901.000000 3.165643
 902.000000 3.370552
 903.000000 4.339989
 904.000000 3.756412
 905.000000 3.669143
 906.000000 3.014651
 907.000000 2.370520
 908.000000 1.511985
 909.000000 1.545512
 910.000000 1.416446
 911.000000 1.496183
 912.000000 1.542056
 913.000000 1.505021
 914.000000 1.529197
 915.000000 1.496946
 916.000000 1.417947
 917.000000 1.372473
 918.000000 1.325024
 919.000000 1.329645
 920.000000 1.391714
 921.000000 1.753762
 922.000000 1.767491
 923.000000 1.998396
 924.000000 2.216923
 925.000000 1.903961
 926.000000 1.948111
 927.000000 1.969286
 928.000000 2.000113
 929.000000 2.184656
 930.000000 2.227271
 931.000000 2.125687
 932.000000 1.995095
 933.000000 1.908971
 934.000000 2.309303
 935.000000 1.990588
 936.000000 1.802811
 937.000000 1.646575
 938.000000 1.863091
 939.000000 1.895088
 940.000000 2.015518
 941.000000 2.028159
 942.000000 1.853479
 943.000000 1.897340
 944.000000 1.583850
 945.000000 1.581208
 946.000000 1.548144
 947.000000 1.527904
 948.000000 1.622314
 949.000000 1.327107
 950.000000 1.558073
 951.000000 1.529111
 952.000000 1.819297
 953.000000 1.509519
 954.000000 1.753079
 955.000000 1.602546
 956.000000 1.454183
 957.000000 1.562373
 958.000000 1.369439
 959.000000 1.629335
 960.000000 1.625620
 961.000000 1.601377
 962.000000 1.862992
 963.000000 1.826475
 964.000000 1.173871
 965.000000 1.652153
 966.000000 1.837836
 967.000000 1.667251
 968.000000 1.466023
 969.000000 1.424998
 970.000000 1.439951
 971.000000 1.437097
 972.000000 1.334570
 973.000000 1.253692
 974.000000 1.217667
 975.000000 1.181690
 976.000000 1.289304
 977.000000 1.276027
 978.000000 2.564701
 979.000000 2.465124
 980.000000 3.072378
 981.000000 2.575402
 982.000000 4.056670
 983.000000 2.905727
 984.000000 2.446580
 985.000000 4.317180
 986.000000 3.801689
 987.000000 4.173275
 988.000000 3.995299
 989.000000 3.754452
 990.000000 3.385388
 991.000000 3.141492
 992.000000 3.548711
 993.000000 3.562624
 994.000000 3.287391
 995.000000 2.710185
 996.000000 3.311450
 997.000000 3.241933
 998.000000 1.905514
 999.000000 1.901600
 1000.000000 1.542612
 1001.000000 0.194376
 1002.000000 0.668236
 1003.000000 0.273798
 1004.000000 0.286089
 1005.000000 0.280873
 1006.000000 0.297305
 1007.000000 0.236261
 1008.000000 0.269172
 1009.000000 1.350439
 1010.000000 1.067696
 1011.000000 0.815405
 1012.000000 1.486102
 1013.000000 1.363176
 1014.000000 1.209647
 1015.000000 1.619434
 1016.000000 1.522468
 1017.000000 1.552644
 1018.000000 1.653101
 1019.000000 1.257224
 1020.000000 1.169699
 1021.000000 1.136296
 1022.000000 1.230672
 1023.000000 1.265245
 1024.000000 1.194747
 1025.000000 1.413564
 1026.000000 1.438572
 1027.000000 1.542072
 1028.000000 1.745333
 1029.000000 1.712527
 1030.000000 1.564927
 1031.000000 1.864659
 1032.000000 1.843327
 1033.000000 2.037195
 1034.000000 2.046700
 1035.000000 2.143332
 1036.000000 2.100298
 1037.000000 2.102651
 1038.000000 2.003318
 1039.000000 2.459366
 1040.000000 1.286225
 1041.000000 2.689774
 1042.000000 3.088525
 1043.000000 3.566695
 1044.000000 3.192900
 1045.000000 3.559846
 1046.000000 4.239288
 1047.000000 4.149140
 1048.000000 3.637636
 1049.000000 4.129678
 1050.000000 4.170203
 1051.000000 4.440265
 1052.000000 4.036123
 1053.000000 3.597248
 1054.000000 3.995434
 1055.000000 3.880139
 1056.000000 2.991562
 1057.000000 3.159339
 1058.000000 3.388154
 1059.000000 3.279103
 1060.000000 3.256904
 1061.000000 3.703140
 1062.000000 3.873042
 1063.000000 3.713302
 1064.000000 4.155474
 1065.000000 3.764907
 1066.000000 3.678997
 1067.000000 3.287161
 1068.000000 3.558587
 1069.000000 3.645517
 1070.000000 3.516216
 1071.000000 3.607362
 1072.000000 2.650249
 1073.000000 2.876305
 1074.000000 1.761971
 1075.000000 2.336857
 1076.000000 1.647683
 1077.000000 2.321355
 1078.000000 3.101997
 1079.000000 3.019022
 1080.000000 3.705791
 1081.000000 2.230590
 1082.000000 2.045973
 1083.000000 1.893804
 1084.000000 2.595509
 1085.000000 1.254122
 1086.000000 3.014440
 1087.000000 2.849060
 1088.000000 3.226761
 1089.000000 4.016739
 1090.000000 3.857309
 1091.000000 3.364578
 1092.000000 3.386562
 1093.000000 3.854903
 1094.000000 3.659953
 1095.000000 3.759751
 1096.000000 3.478205
 1097.000000 4.084505
 1098.000000 3.194753
 1099.000000 2.732114
 1100.000000 2.772554
 1101.000000 2.819942
 1102.000000 2.810877
 1103.000000 2.405624
 1104.000000 2.451482
 1105.000000 2.609871
 1106.000000 2.949253
 1107.000000 2.867194
 1108.000000 2.781114
 1109.000000 2.744154
 1110.000000 2.922035
 1111.000000 2.829605
 1112.000000 2.756948
 1113.000000 2.725406
 1114.000000 2.698149
 1115.000000 2.667969
 1116.000000 2.459988
 1117.000000 2.345357
 1118.000000 2.443510
 1119.000000 2.555299
 1120.000000 2.630165
 1121.000000 2.605422
 1122.000000 2.654916
 1123.000000 2.637509
 1124.000000 2.574510
 1125.000000 2.595276
 1126.000000 2.668525
 1127.000000 2.581137
 1128.000000 2.809096
 1129.000000 2.927552
 1130.000000 2.929634
 1131.000000 2.971425
 1132.000000 2.962220
 1133.000000 2.847680
 1134.000000 2.880366
 1135.000000 2.802607
 1136.000000 2.743977
 1137.000000 2.804693
 1138.000000 2.646053
 1139.000000 2.859225
 1140.000000 2.855782
 1141.000000 2.883938
 1142.000000 2.795168
 1143.000000 2.762036
 1144.000000 2.860792
 1145.000000 2.806482
 1146.000000 2.716116
 1147.000000 2.701410
 1148.000000 3.023005
 1149.000000 2.923653
 1150.000000 2.896613
 1151.000000 2.865620
 1152.000000 2.849542
 1153.000000 2.830071
 1154.000000 2.797983
 1155.000000 2.806977
 1156.000000 2.915636
 1157.000000 2.999521
 1158.000000 2.891843
 1159.000000 2.891304
 1160.000000 2.846130
 1161.000000 2.925561
 1162.000000 2.961975
 1163.000000 2.938508
 1164.000000 2.801988
 1165.000000 2.886054
 1166.000000 2.897860
 1167.000000 2.823830
 1168.000000 2.803108
 1169.000000 2.868213
 1170.000000 2.841344
 1171.000000 2.896217
 1172.000000 2.920221
 1173.000000 2.873724
 1174.000000 2.916584
 1175.000000 2.804589
 1176.000000 2.960868
 1177.000000 2.907025
 1178.000000 2.916442
 1179.000000 2.868887
 1180.000000 2.919234
 1181.000000 2.749678
 1182.000000 2.838106
 1183.000000 2.846554
 1184.000000 2.742156
 1185.000000 2.697755
 1186.000000 2.737348
 1187.000000 2.715130
 1188.000000 2.644525
 1189.000000 2.638050
 1190.000000 2.714075
 1191.000000 2.774845
 1192.000000 2.715293
 1193.000000 2.811111
 1194.000000 2.712842
 1195.000000 2.628612
 1196.000000 2.802069
 1197.000000 2.909924
 1198.000000 2.772453
 1199.000000 2.681258
 1200.000000 2.676166
 1201.000000 2.707325
 1202.000000 2.650471
 1203.000000 2.616328
 1204.000000 2.635941
 1205.000000 2.666704
 1206.000000 2.624290
 1207.000000 2.455356
 1208.000000 2.466251
 1209.000000 2.540983
 1210.000000 2.712731
 1211.000000 2.692692
 1212.000000 2.623949
 1213.000000 2.647834
 1214.000000 2.705197
 1215.000000 3.014108
 1216.000000 2.755125
 1217.000000 2.579454
 1218.000000 2.779926
 1219.000000 2.654868
 1220.000000 2.648998
 1221.000000 2.521087
 1222.000000 2.822233
 1223.000000 2.663396
 1224.000000 2.813662
 1225.000000 2.891434
 1226.000000 3.168585
 1227.000000 3.001661
 1228.000000 3.224728
 1229.000000 3.127516
 1230.000000 3.260718
 1231.000000 3.152477
 1232.000000 3.121048
 1233.000000 3.270907
 1234.000000 3.264313
 1235.000000 3.432779
 1236.000000 3.336014
 1237.000000 3.418012
 1238.000000 3.212701
 1239.000000 3.216755
 1240.000000 3.056856
 1241.000000 3.079339
 1242.000000 2.943905
 1243.000000 2.896324
 1244.000000 2.721301
 1245.000000 3.045868
 1246.000000 2.964560
 1247.000000 3.039784
 1248.000000 2.799396
 1249.000000 2.932532
 1250.000000 2.894673
 1251.000000 3.102945
 1252.000000 2.914437
 1253.000000 2.980357
 1254.000000 2.648199
 1255.000000 2.948016
 1256.000000 2.998550
 1257.000000 3.133547
 1258.000000 3.193695
 1259.000000 3.130128
 1260.000000 3.120682
 1261.000000 3.126622
 1262.000000 3.225579
 1263.000000 3.151003
 1264.000000 3.138978
 1265.000000 3.107130
 1266.000000 2.965508
 1267.000000 2.932339
 1268.000000 2.960072
 1269.000000 2.969820
 1270.000000 2.855600
 1271.000000 2.917064
 1272.000000 2.989126
 1273.000000 2.906031
 1274.000000 3.094378
 1275.000000 3.217447
 1276.000000 3.087799
 1277.000000 3.137708
 1278.000000 3.169294
 1279.000000 3.169972
 1280.000000 2.806700
 1281.000000 2.953723
 1282.000000 2.955991
 1283.000000 3.143963
 1284.000000 3.014714
 1285.000000 3.005201
 1286.000000 3.183298
 1287.000000 3.129573
 1288.000000 2.745034
 1289.000000 2.839047
 1290.000000 2.736809
 1291.000000 2.821693
 1292.000000 2.839386
 1293.000000 2.790772
 1294.000000 2.808346
 1295.000000 2.778281
 1296.000000 2.674857
 1297.000000 2.790091
 1298.000000 2.795018
 1299.000000 2.680414
 1300.000000 2.710702
 1301.000000 2.418096
 1302.000000 2.372638
 1303.000000 2.437199
 1304.000000 2.546405
 1305.000000 2.451825
 1306.000000 2.384319
 1307.000000 2.356556
 1308.000000 2.066552
 1309.000000 2.276776
 1310.000000 2.209488
 1311.000000 2.245195
 1312.000000 2.125839
 1313.000000 2.035706
 1314.000000 2.036463
 1315.000000 2.071494
 1316.000000 2.060846
 1317.000000 1.965636
 1318.000000 2.086114
 1319.000000 2.168553
 1320.000000 2.157255
 1321.000000 2.060587
 1322.000000 2.227304
 1323.000000 2.146624
 1324.000000 2.089297
 1325.000000 2.140843
 1326.000000 2.105526
 1327.000000 2.176307
 1328.000000 2.277042
 1329.000000 2.346513
 1330.000000 2.524780
 1331.000000 2.307406
 1332.000000 2.343926
 1333.000000 2.610794
 1334.000000 2.773610
 1335.000000 2.530155
 1336.000000 2.120760
 1337.000000 2.361977
 1338.000000 2.515868
 1339.000000 2.594027
 1340.000000 2.375733
 1341.000000 2.438975
 1342.000000 2.385422
 1343.000000 2.424675
 1344.000000 2.757911
 1345.000000 2.513354
 1346.000000 2.454988
 1347.000000 2.945148
 1348.000000 2.830062
 1349.000000 3.024505
 1350.000000 2.918546
 1351.000000 2.848008
 1352.000000 3.112652
 1353.000000 2.984258
 1354.000000 3.051749
 1355.000000 2.917446
 1356.000000 3.097599
 1357.000000 3.214901
 1358.000000 3.245783
 1359.000000 3.310633
 1360.000000 3.185692
 1361.000000 3.144745
 1362.000000 3.213527
 1363.000000 3.199858
 1364.000000 3.084351
 1365.000000 3.252347
 1366.000000 3.294645
 1367.000000 3.197839
 1368.000000 3.255887
 1369.000000 3.302057
 1370.000000 3.260498
 1371.000000 3.153288
 1372.000000 3.167307
 1373.000000 2.995508
 1374.000000 2.766308
 1375.000000 3.192532
 1376.000000 2.772410
 1377.000000 2.711145
 1378.000000 3.028665
 1379.000000 2.741821
 1380.000000 2.885116
 1381.000000 2.776057
 1382.000000 2.907110
 1383.000000 3.231700
 1384.000000 3.367073
 1385.000000 3.158986
 1386.000000 3.043007
 1387.000000 3.256369
 1388.000000 3.274109
 1389.000000 3.119293
 1390.000000 3.157940
 1391.000000 3.083661
 1392.000000 3.310356
 1393.000000 3.304876
 1394.000000 3.219020
 1395.000000 3.183090
 1396.000000 3.029035
 1397.000000 2.920840
 1398.000000 3.090134
 1399.000000 2.898731
 1400.000000 3.074014
 1401.000000 3.101664
 1402.000000 2.977752
 1403.000000 2.823413
 1404.000000 2.888024
 1405.000000 2.807941
 1406.000000 3.049422
 1407.000000 3.135858
 1408.000000 2.937173
 1409.000000 3.065272
 1410.000000 2.902443
 1411.000000 2.852053
 1412.000000 2.971156
 1413.000000 2.748517
 1414.000000 2.831533
 1415.000000 2.733200
 1416.000000 2.746318
 1417.000000 2.788591
 1418.000000 2.777177
 1419.000000 2.720556
 1420.000000 2.598030
 1421.000000 2.608980
 1422.000000 2.883993
 1423.000000 2.891784
 1424.000000 3.102562
 1425.000000 2.972285
 1426.000000 2.871175
 1427.000000 3.010902
 1428.000000 2.930646
 1429.000000 2.982875
 1430.000000 2.475433
 1431.000000 2.577965
 1432.000000 2.709041
 1433.000000 2.839308
 1434.000000 2.687386
 1435.000000 2.696993
 1436.000000 2.708532
 1437.000000 2.864975
 1438.000000 2.959791
 1439.000000 3.067798
 1440.000000 3.015169
 1441.000000 2.934553
 1442.000000 3.023424
 1443.000000 2.925576
 1444.000000 3.008052
 1445.000000 3.071291
 1446.000000 3.297189
 1447.000000 3.216278
 1448.000000 3.207978
 1449.000000 3.340694
 1450.000000 3.277287
 1451.000000 3.231165
 1452.000000 2.958597
 1453.000000 3.068274
 1454.000000 3.191130
 1455.000000 3.255825
 1456.000000 3.152806
 1457.000000 3.064553
 1458.000000 3.098676
 1459.000000 3.266289
 1460.000000 3.107290
 1461.000000 3.043309
 1462.000000 2.994303
 1463.000000 3.102776
 1464.000000 3.069056
 1465.000000 3.000721
 1466.000000 2.938132
 1467.000000 3.035123
 1468.000000 2.936180
 1469.000000 2.880287
 1470.000000 2.679283
 1471.000000 2.665428
 1472.000000 2.526612
 1473.000000 2.530434
 1474.000000 2.439923
 1475.000000 2.300979
 1476.000000 2.274059
 1477.000000 2.208537
 1478.000000 2.220262
 1479.000000 2.189177
 1480.000000 2.314069
 1481.000000 2.282986
 1482.000000 2.326353
 1483.000000 2.364919
 1484.000000 2.321405
 1485.000000 2.318728
 1486.000000 2.283392
 1487.000000 2.372811
 1488.000000 2.283801
 1489.000000 2.413400
 1490.000000 2.394033
 1491.000000 2.443402
 1492.000000 2.486829
 1493.000000 2.318588
 1494.000000 2.362772
 1495.000000 2.631020
 1496.000000 2.563603
 1497.000000 2.588506
 1498.000000 2.587337
 1499.000000 2.577900
 1500.000000 2.714226
 1501.000000 2.471679
 1502.000000 2.523924
 1503.000000 2.619819
 1504.000000 2.664200
 1505.000000 2.758531
 1506.000000 2.511978
 1507.000000 2.487114
 1508.000000 2.555461
 1509.000000 2.619711
 1510.000000 2.619914
 1511.000000 2.398370
 1512.000000 2.470970
 1513.000000 2.436787
 1514.000000 2.412052
 1515.000000 2.324316
 1516.000000 2.409825
 1517.000000 2.396618
 1518.000000 2.445900
 1519.000000 2.659346
 1520.000000 2.706976
 1521.000000 2.667287
 1522.000000 2.842917
 1523.000000 2.815982
 1524.000000 2.775865
 1525.000000 2.705954
 1526.000000 2.822043
 1527.000000 2.704026
 1528.000000 2.929747
 1529.000000 2.840329
 1530.000000 2.845537
 1531.000000 2.740534
 1532.000000 2.798917
 1533.000000 3.025987
 1534.000000 3.049320
 1535.000000 2.853768
 1536.000000 2.954915
 1537.000000 2.864916
 1538.000000 2.898507
 1539.000000 2.955117
 1540.000000 2.940760
 1541.000000 2.951615
 1542.000000 3.035715
 1543.000000 3.319778
 1544.000000 3.317780
 1545.000000 3.380430
 1546.000000 3.538762
 1547.000000 3.396176
 1548.000000 3.372282
 1549.000000 3.392895
 1550.000000 3.444356
 1551.000000 3.623242
 1552.000000 3.520032
 1553.000000 3.572198
 1554.000000 3.587139
 1555.000000 3.588832
 1556.000000 3.442159
 1557.000000 3.405637
 1558.000000 3.243483
 1559.000000 3.334716
 1560.000000 3.128291
 1561.000000 3.043906
 1562.000000 3.156491
 1563.000000 3.018195
 1564.000000 2.836189
 1565.000000 2.946611
 1566.000000 2.968473
 1567.000000 2.967055
 1568.000000 2.814465
 1569.000000 2.930392
 1570.000000 3.032378
 1571.000000 3.016596
 1572.000000 3.055111
 1573.000000 2.962486
 1574.000000 3.158397
 1575.000000 3.009314
 1576.000000 3.040495
 1577.000000 2.909962
 1578.000000 2.747156
 1579.000000 2.972657
 1580.000000 3.088822
 1581.000000 3.119679
 1582.000000 3.070597
 1583.000000 2.865738
 1584.000000 3.054468
 1585.000000 3.017702
 1586.000000 3.016987
 1587.000000 3.093274
 1588.000000 2.928566
 1589.000000 2.882578
 1590.000000 2.930692
 1591.000000 3.109245
 1592.000000 3.230194
 1593.000000 3.342311
 1594.000000 3.310141
 1595.000000 3.262762
 1596.000000 3.022948
 1597.000000 3.236534
 1598.000000 3.037977
 1599.000000 2.839594
 1600.000000 2.913090
 1601.000000 3.012550
 1602.000000 2.875982
 1603.000000 2.795421
 1604.000000 2.889911
 1605.000000 2.893352
 1606.000000 3.049382
 1607.000000 3.115445
 1608.000000 3.189422
 1609.000000 3.261736
 1610.000000 3.128643
 1611.000000 3.135712
 1612.000000 2.951667
 1613.000000 2.670029
 1614.000000 2.664834
 1615.000000 2.416073
 1616.000000 2.607786
 1617.000000 2.796649
 1618.000000 2.623904
 1619.000000 2.472106
 1620.000000 2.346559
 1621.000000 2.495086
 1622.000000 2.614316
 1623.000000 2.844068
 1624.000000 2.716698
 1625.000000 2.426436
 1626.000000 2.642442
 1627.000000 2.810867
 1628.000000 2.631919
 1629.000000 2.704740
 1630.000000 2.736221
 1631.000000 2.620744
 1632.000000 2.627294
 1633.000000 2.663619
 1634.000000 2.530014
 1635.000000 2.365999
 1636.000000 2.170870
 1637.000000 1.993181
 1638.000000 2.132082
 1639.000000 2.223779
 1640.000000 2.113307
 1641.000000 2.195581
 1642.000000 2.518813
 1643.000000 2.370823
 1644.000000 2.451090
 1645.000000 2.484671
 1646.000000 2.425334
 1647.000000 2.792328
 1648.000000 2.812925
 1649.000000 2.917814
 1650.000000 3.079670
 1651.000000 2.912110
 1652.000000 2.951708
 1653.000000 2.923274
 1654.000000 3.171205
 1655.000000 3.010138
 1656.000000 2.936253
 1657.000000 3.108681
 1658.000000 2.507967
 1659.000000 2.849982
 1660.000000 2.943017
 1661.000000 2.936922
 1662.000000 2.667356
 1663.000000 2.458858
 1664.000000 2.431406
 1665.000000 2.246407
 1666.000000 1.892673
 1667.000000 1.662300
 1668.000000 1.684785
 1669.000000 1.886835
 1670.000000 1.508208
 1671.000000 1.284697
 1672.000000 1.098581
 1673.000000 1.456162
 1674.000000 0.913516
 1675.000000 0.911012
 1676.000000 1.100315
 1677.000000 0.822446
 1678.000000 1.388587
 1679.000000 1.945749
 1680.000000 2.116455
 1681.000000 2.798729
 1682.000000 3.302026
 1683.000000 3.203610
 1684.000000 2.651142
 1685.000000 1.802400
 1686.000000 1.744310
 1687.000000 1.918063
 1688.000000 1.833180
 1689.000000 1.833934
 1690.000000 3.779670
 1691.000000 3.492850
 1692.000000 3.041840
 1693.000000 3.768217
 1694.000000 3.608153
 1695.000000 3.284021
 1696.000000 2.954642
 1697.000000 2.799144
 1698.000000 2.255556
 1699.000000 0.734658
 1700.000000 1.660640
 1701.000000 1.665065
 1702.000000 2.968681
 1703.000000 3.302865
 1704.000000 4.522402
 1705.000000 4.596237
 1706.000000 2.855745
 1707.000000 2.104028
 1708.000000 1.872385
 1709.000000 3.635968
 1710.000000 3.105410
 1711.000000 3.192298
 1712.000000 3.191785
 1713.000000 2.741526
 1714.000000 2.896035
 1715.000000 3.870513
 1716.000000 3.736250
 1717.000000 4.125387
 1718.000000 3.463860
 1719.000000 3.747096
 1720.000000 4.207418
 1721.000000 4.340820
 1722.000000 3.868626
 1723.000000 3.231061
 1724.000000 2.913639
 1725.000000 1.521532
 1726.000000 1.891354
 1727.000000 1.281185
 1728.000000 1.336308
 1729.000000 1.622673
 1730.000000 0.995434
 1731.000000 1.377456
 1732.000000 1.199836
 1733.000000 1.250089
 1734.000000 1.287979
 1735.000000 1.216097
 1736.000000 1.641122
 1737.000000 1.584098
 1738.000000 1.973813
 1739.000000 2.333229
 1740.000000 2.215791
 1741.000000 1.625258
 1742.000000 3.352763
 1743.000000 2.265443
 1744.000000 3.060358
 1745.000000 2.082342
 1746.000000 1.745565
 1747.000000 2.156399
 1748.000000 3.110343
 1749.000000 2.491214
 1750.000000 1.955103
 1751.000000 2.758323
 1752.000000 3.092431
 1753.000000 2.712069
 1754.000000 2.778854
 1755.000000 3.062702
 1756.000000 2.271014
 1757.000000 0.775576
 1758.000000 0.771051
 1759.000000 0.882354
 1760.000000 0.376894
 1761.000000 0.672169
 1762.000000 0.733460
 1763.000000 0.486213
 1764.000000 0.723446
 1765.000000 1.569157
 1766.000000 1.874166
 1767.000000 1.995860
 1768.000000 2.169330
 1769.000000 1.813971
 1770.000000 3.523801
 1771.000000 4.552813
 1772.000000 4.664275
 1773.000000 4.075212
 1774.000000 3.598712
 1775.000000 2.988019
 1776.000000 3.167452
 1777.000000 2.818222
 1778.000000 3.985904
 1779.000000 2.564617
 1780.000000 2.621512
 1781.000000 3.267592
 1782.000000 3.360096
 1783.000000 3.545051
 1784.000000 3.916222
 1785.000000 3.273167
 1786.000000 3.039003
 1787.000000 2.585009
 1788.000000 3.094483
 1789.000000 4.040775
 1790.000000 3.469798
 1791.000000 3.772621
 1792.000000 3.417812
 1793.000000 3.914473
 1794.000000 3.671059
 1795.000000 3.710361
 1796.000000 3.722635
 1797.000000 3.646825
 1798.000000 3.360208
 1799.000000 3.089843
 1800.000000 3.358363
 1801.000000 3.048642
 1802.000000 3.797272
 1803.000000 3.655998
 1804.000000 2.687422
 1805.000000 2.599234
 1806.000000 2.736233
 1807.000000 2.810462
 1808.000000 2.856141
 1809.000000 2.965834
 1810.000000 3.027754
 1811.000000 2.910784
 1812.000000 2.851023
 1813.000000 2.819919
 1814.000000 2.943479
 1815.000000 2.690360
 1816.000000 2.582911
 1817.000000 2.683280
 1818.000000 2.513156
 1819.000000 2.668875
 1820.000000 2.613151
 1821.000000 2.795753
 1822.000000 2.749229
 1823.000000 2.710055
 1824.000000 2.761818
 1825.000000 2.695174
 1826.000000 2.586251
 1827.000000 2.559740
 1828.000000 2.550756
 1829.000000 2.435112
 1830.000000 1.809755
 1831.000000 1.830741
 1832.000000 3.560471
 1833.000000 3.368080
 1834.000000 2.944172
 1835.000000 3.015897
 1836.000000 1.767789
 1837.000000 2.942061
 1838.000000 2.821466
 1839.000000 3.610904
 1840.000000 3.878850
 1841.000000 3.745786
 1842.000000 3.814864
 1843.000000 3.759335
 1844.000000 3.737456
 1845.000000 3.786912
 1846.000000 3.778942
 1847.000000 3.455163
 1848.000000 3.686547
 1849.000000 3.942542
 1850.000000 3.776019
 1851.000000 3.748166
 1852.000000 3.555651
 1853.000000 3.530144
 1854.000000 3.574239
 1855.000000 3.419919
 1856.000000 3.193409
 1857.000000 3.031442
 1858.000000 2.207887
 1859.000000 2.885432
 1860.000000 3.034265
 1861.000000 3.467495
 1862.000000 3.164901
 1863.000000 3.727189
 1864.000000 2.835506
 1865.000000 3.908629
 1866.000000 2.633982
 1867.000000 2.328634
 1868.000000 2.243758
 1869.000000 2.142089
 1870.000000 2.876832
 1871.000000 3.607520
 1872.000000 3.033389
 1873.000000 3.834929
 1874.000000 4.130145
 1875.000000 4.054350
 1876.000000 3.852994
 1877.000000 3.694514
 1878.000000 3.692002
 1879.000000 3.710355
 1880.000000 3.782948
 1881.000000 3.625970
 1882.000000 3.940207
 1883.000000 3.899686
 1884.000000 3.794659
 1885.000000 3.893437
 1886.000000 3.914257
 1887.000000 3.833497
 1888.000000 3.916956
 1889.000000 3.510425
 1890.000000 3.737676
 1891.000000 4.311268
 1892.000000 3.793352
 1893.000000 3.772420
 1894.000000 3.909155
 1895.000000 4.077560
 1896.000000 3.935522
 1897.000000 3.976605
 1898.000000 4.483782
 1899.000000 3.772781
 1900.000000 3.291706
 1901.000000 3.319972
 1902.000000 3.350815
 1903.000000 3.206671
 1904.000000 1.886705
 1905.000000 2.741580
 1906.000000 2.995870
 1907.000000 3.726452
 1908.000000 3.603367
 1909.000000 3.211572
 1910.000000 3.847835
 1911.000000 2.371897
 1912.000000 3.381136
 1913.000000 3.985442
 1914.000000 4.026914
 1915.000000 2.668621
 1916.000000 2.948109
 1917.000000 2.950108
 1918.000000 3.909716
 1919.000000 2.567703
 1920.000000 0.318137
 1921.000000 0.844792
 1922.000000 0.537704
 1923.000000 0.188660
 1924.000000 0.912571
 1925.000000 1.234439
 1926.000000 1.655718
 1927.000000 1.924505
 1928.000000 1.406157
 1929.000000 0.627756
 1930.000000 1.151960
 1931.000000 1.031420
 1932.000000 1.653561
 1933.000000 1.961985
 1934.000000 1.743511
 1935.000000 1.762017
 1936.000000 1.840057
 1937.000000 2.051310
 1938.000000 1.599044
 1939.000000 2.168911
 1940.000000 1.881584
 1941.000000 2.239581
 1942.000000 2.261220
 1943.000000 2.533254
 1944.000000 2.500042
 1945.000000 2.208269
 1946.000000 2.554809
 1947.000000 2.450174
 1948.000000 2.472875
 1949.000000 2.400495
 1950.000000 2.636752
 1951.000000 2.517401
 1952.000000 2.648937
 1953.000000 2.522079
 1954.000000 2.429194
 1955.000000 2.131471
 1956.000000 2.219924
 1957.000000 2.224748
 1958.000000 2.181738
 1959.000000 2.258055
 1960.000000 2.157371
 1961.000000 1.981397
 1962.000000 1.655654
 1963.000000 2.142522
 1964.000000 1.703642
 1965.000000 2.871812
 1966.000000 2.829563
 1967.000000 1.446625
 1968.000000 2.463661
 1969.000000 3.045166
 1970.000000 2.759560
 1971.000000 2.181272
 1972.000000 2.910702
 1973.000000 1.857300
 1974.000000 2.423525
 1975.000000 1.964587
 1976.000000 2.235689
 1977.000000 1.541140
 1978.000000 1.962335
 1979.000000 2.844821
 1980.000000 2.042428
 1981.000000 3.439392
 1982.000000 3.600252
 1983.000000 4.267919
 1984.000000 3.896068
 1985.000000 3.541612
 1986.000000 3.172394
 1987.000000 3.409228
 1988.000000 3.232924
 1989.000000 3.013857
 1990.000000 2.964897
 1991.000000 2.806480
 1992.000000 3.405655
 1993.000000 3.458980
 1994.000000 3.516807
 1995.000000 2.496084
 1996.000000 1.712420
 1997.000000 3.393424
 1998.000000 2.726439
 1999.000000 2.512659
 2000.000000 2.896066
 2001.000000 2.566845
 2002.000000 2.254362
 2003.000000 2.542588
 2004.000000 2.538268
 2005.000000 2.963444
 2006.000000 2.421541
 2007.000000 2.518743
 2008.000000 2.582277
 2009.000000 3.228221
 2010.000000 2.994799
 2011.000000 2.688133
 2012.000000 2.879008
 2013.000000 2.465311
 2014.000000 2.963272
 2015.000000 2.861510
 2016.000000 2.509587
 2017.000000 2.992977
 2018.000000 3.779327
 2019.000000 3.989007
 2020.000000 3.575936
 2021.000000 3.662767
 2022.000000 3.658142
 2023.000000 3.689398
 2024.000000 3.899221
