#! FIELDS time r16.min
 0.000000 2.258463
 1.000000 2.734891
 2.000000 1.802366
 3.000000 1.989089
 4.000000 1.269692
 5.000000 0.642015
 6.000000 0.249428
 7.000000 0.320602
 8.000000 0.338716
 9.000000 1.822521
 10.000000 2.389634
 11.000000 2.101278
 12.000000 3.493258
 13.000000 4.036768
 14.000000 3.433123
 15.000000 3.815477
 16.000000 3.998582
 17.000000 4.031142
 18.000000 3.797753
 19.000000 3.555594
 20.000000 3.697402
 21.000000 3.737558
 22.000000 3.552758
 23.000000 3.665250
 24.000000 3.972021
 25.000000 2.455253
 26.000000 2.272803
 27.000000 2.647588
 28.000000 2.301605
 29.000000 2.415950
 30.000000 2.101712
 31.000000 2.656222
 32.000000 3.665392
 33.000000 3.830898
 34.000000 1.700386
 35.000000 2.594972
 36.000000 3.498309
 37.000000 3.389247
 38.000000 4.423126
 39.000000 3.393868
 40.000000 3.848130
 41.000000 3.629220
 42.000000 4.032888
 43.000000 3.640496
 44.000000 2.326059
 45.000000 1.763590
 46.000000 2.162783
 47.000000 2.357023
 48.000000 2.482249
 49.000000 2.850158
 50.000000 2.351112
 51.000000 2.434139
 52.000000 2.379874
 53.000000 2.709294
 54.000000 2.114550
 55.000000 1.894568
 56.000000 2.013466
 57.000000 1.777068
 58.000000 2.222918
 59.000000 2.271471
 60.000000 2.290165
 61.000000 2.093906
 62.000000 2.171124
 63.000000 2.008308
 64.000000 2.268129
 65.000000 1.651340
 66.000000 2.504955
 67.000000 3.541647
 68.000000 3.370583
 69.000000 3.743634
 70.000000 3.607329
 71.000000 2.766224
 72.000000 3.541117
 73.000000 4.100194
 74.000000 3.752059
 75.000000 2.609349
 76.000000 4.074322
 77.000000 3.546400
 78.000000 2.300971
 79.000000 3.812842
 80.000000 3.756156
 81.000000 3.867797
 82.000000 3.584474
 83.000000 3.585229
 84.000000 3.196641
 85.000000 2.360317
 86.000000 2.697175
 87.000000 3.839556
 88.000000 4.170180
 89.000000 3.318124
 90.000000 4.541797
 91.000000 4.592448
 92.000000 4.545817
 93.000000 4.360084
 94.000000 4.411985
 95.000000 4.615433
 96.000000 4.219830
 97.000000 3.444048
 98.000000 2.394328
 99.000000 2.349993
 100.000000 3.362090
 101.000000 2.692404
 102.000000 3.793635
 103.000000 3.223510
 104.000000 4.021566
 105.000000 3.563300
 106.000000 4.397146
 107.000000 3.046696
 108.000000 1.411807
 109.000000 1.374741
 110.000000 1.354465
 111.000000 1.835807
 112.000000 2.341503
 113.000000 2.741991
 114.000000 3.127512
 115.000000 3.016540
 116.000000 3.038656
 117.000000 2.962959
 118.000000 2.892311
 119.000000 2.549373
 120.000000 2.739383
 121.000000 2.747082
 122.000000 2.944241
 123.000000 2.890857
 124.000000 3.236824
 125.000000 3.024012
 126.000000 3.341177
 127.000000 2.641412
 128.000000 2.864697
 129.000000 2.139276
 130.000000 2.117455
 131.000000 2.037011
 132.000000 1.808257
 133.000000 1.692431
 134.000000 1.864639
 135.000000 1.753548
 136.000000 2.143621
 137.000000 2.209137
 138.000000 1.907557
 139.000000 1.961017
 140.000000 2.056348
 141.000000 2.081892
 142.000000 2.999635
 143.000000 2.589592
 144.000000 2.638688
 145.000000 2.149710
 146.000000 3.524270
 147.000000 3.228286
 148.000000 2.697432
 149.000000 2.735575
 150.000000 3.593658
 151.000000 3.739543
 152.000000 3.162559
 153.000000 3.755758
 154.000000 3.784757
 155.000000 3.967680
 156.000000 3.213482
 157.000000 2.541200
 158.000000 2.701153
 159.000000 2.342745
 160.000000 2.827862
 161.000000 3.906330
 162.000000 3.585906
 163.000000 3.559805
 164.000000 3.220669
 165.000000 3.171070
 166.000000 2.829947
 167.000000 2.339236
 168.000000 3.758331
 169.000000 2.845267
 170.000000 2.920174
 171.000000 2.563732
 172.000000 2.993100
 173.000000 3.129727
 174.000000 2.947607
 175.000000 3.071479
 176.000000 2.980932
 177.000000 2.943595
 178.000000 2.774916
 179.000000 3.033321
 180.000000 2.955923
 181.000000 3.005883
 182.000000 2.899015
 183.000000 2.823440
 184.000000 2.764590
 185.000000 3.098427
 186.000000 2.978197
 187.000000 3.226950
 188.000000 3.218418
 189.000000 3.097477
 190.000000 3.176713
 191.000000 3.315630
 192.000000 3.462625
 193.000000 3.054567
 194.000000 3.309398
 195.000000 3.154832
 196.000000 3.265914
 197.000000 3.321928
 198.000000 3.166853
 199.000000 3.067231
 200.000000 2.974586
 201.000000 2.942214
 202.000000 3.016793
 203.000000 3.166325
 204.000000 3.837594
 205.000000 3.146002
 206.000000 2.852313
 207.000000 2.615213
 208.000000 2.762774
 209.000000 2.891105
 210.000000 3.322713
 211.000000 3.234510
 212.000000 2.560665
 213.000000 2.506230
 214.000000 2.954232
 215.000000 3.016869
 216.000000 3.087129
 217.000000 2.578619
 218.000000 2.896448
 219.000000 3.238027
 220.000000 2.997312
 221.000000 3.238772
 222.000000 3.149739
 223.000000 3.374124
 224.000000 3.547732
 225.000000 3.810712
 226.000000 3.703260
 227.000000 3.585648
 228.000000 3.576697
 229.000000 3.487062
 230.000000 3.380836
 231.000000 3.425387
 232.000000 3.311922
 233.000000 3.577753
 234.000000 3.542314
 235.000000 3.581855
 236.000000 3.588949
 237.000000 3.506618
 238.000000 3.307886
 239.000000 3.397654
 240.000000 3.631364
 241.000000 3.628577
 242.000000 3.752766
 243.000000 3.756009
 244.000000 3.890284
 245.000000 3.418537
 246.000000 2.966887
 247.000000 3.235280
 248.000000 3.258420
 249.000000 3.336639
 250.000000 3.452249
 251.000000 3.847364
 252.000000 4.174177
 253.000000 4.216505
 254.000000 4.153047
 255.000000 3.604618
 256.000000 3.479250
 257.000000 2.954263
 258.000000 2.888747
 259.000000 3.099452
 260.000000 2.464060
 261.000000 2.166707
 262.000000 3.766095
 263.000000 3.582456
 264.000000 3.408703
 265.000000 1.521556
 266.000000 2.328289
 267.000000 2.999483
 268.000000 3.285317
 269.000000 3.657531
 270.000000 4.070006
 271.000000 3.985934
 272.000000 3.099242
 273.000000 4.267881
 274.000000 3.895466
 275.000000 3.167667
 276.000000 3.209643
 277.000000 3.406462
 278.000000 2.229476
 279.000000 3.398036
 280.000000 3.009432
 281.000000 3.912717
 282.000000 2.686213
 283.000000 2.946928
 284.000000 1.074055
 285.000000 3.654097
 286.000000 3.344050
 287.000000 4.257263
 288.000000 3.514943
 289.000000 2.068037
 290.000000 2.987105
 291.000000 3.821265
 292.000000 3.555681
 293.000000 3.872450
 294.000000 3.678450
 295.000000 3.297340
 296.000000 2.920523
 297.000000 3.305449
 298.000000 2.801529
 299.000000 1.966596
 300.000000 1.914983
 301.000000 2.393977
 302.000000 2.905191
 303.000000 3.546210
 304.000000 4.057169
 305.000000 3.326609
 306.000000 3.546743
 307.000000 3.550925
 308.000000 2.422844
 309.000000 2.514592
 310.000000 1.783213
 311.000000 0.391546
 312.000000 2.363073
 313.000000 3.136253
 314.000000 3.031630
 315.000000 2.594892
 316.000000 3.429897
 317.000000 3.742200
 318.000000 3.691298
 319.000000 2.959802
 320.000000 3.659830
 321.000000 3.212658
 322.000000 2.489352
 323.000000 3.025966
 324.000000 3.406527
 325.000000 3.805199
 326.000000 3.999684
 327.000000 3.610032
 328.000000 2.411770
 329.000000 3.281921
 330.000000 2.165838
 331.000000 2.823248
 332.000000 2.785989
 333.000000 2.444257
 334.000000 1.452710
 335.000000 3.046534
 336.000000 3.482156
 337.000000 3.733864
 338.000000 3.200435
 339.000000 3.792447
 340.000000 4.249323
 341.000000 3.949344
 342.000000 3.636767
 343.000000 3.706931
 344.000000 3.405829
 345.000000 3.406334
 346.000000 3.051725
 347.000000 3.328909
 348.000000 3.778862
 349.000000 3.523133
 350.000000 3.205045
 351.000000 3.079650
 352.000000 3.033466
 353.000000 3.166043
 354.000000 3.537366
 355.000000 3.127659
 356.000000 3.098069
 357.000000 3.282721
 358.000000 2.431629
 359.000000 2.488977
 360.000000 3.262331
 361.000000 3.256533
 362.000000 3.519416
 363.000000 3.984289
 364.000000 4.143967
 365.000000 4.040983
 366.000000 3.908793
 367.000000 4.128364
 368.000000 3.825382
 369.000000 4.139320
 370.000000 4.243786
 371.000000 4.013275
 372.000000 3.675830
 373.000000 3.921568
 374.000000 3.743055
 375.000000 3.738602
 376.000000 3.513204
 377.000000 3.858972
 378.000000 3.862959
 379.000000 3.977504
 380.000000 3.485230
 381.000000 3.205649
 382.000000 3.300568
 383.000000 3.275688
 384.000000 3.626802
 385.000000 3.830297
 386.000000 4.213436
 387.000000 4.064760
 388.000000 4.074123
 389.000000 4.129016
 390.000000 4.064606
 391.000000 4.278615
 392.000000 4.151212
 393.000000 4.181353
 394.000000 4.298127
 395.000000 4.149555
 396.000000 4.285770
 397.000000 4.024699
 398.000000 4.315906
 399.000000 4.068736
 400.000000 4.094288
 401.000000 4.197020
 402.000000 3.712718
 403.000000 4.015016
 404.000000 4.043938
 405.000000 3.963762
 406.000000 3.905970
 407.000000 3.855292
 408.000000 3.862939
 409.000000 3.722223
 410.000000 3.712947
 411.000000 3.907636
 412.000000 3.841265
 413.000000 3.853031
 414.000000 3.912305
 415.000000 3.978839
 416.000000 3.864283
 417.000000 4.047534
 418.000000 4.144985
 419.000000 4.155030
 420.000000 4.077818
 421.000000 4.235015
 422.000000 4.291664
 423.000000 4.321777
 424.000000 4.565552
 425.000000 4.389643
 426.000000 4.537623
 427.000000 4.587891
 428.000000 4.689872
 429.000000 3.136426
 430.000000 4.571376
 431.000000 4.452271
 432.000000 4.640810
 433.000000 4.647520
 434.000000 4.598135
 435.000000 4.605460
 436.000000 4.556297
 437.000000 4.774964
 438.000000 4.657565
 439.000000 4.684838
 440.000000 4.667878
 441.000000 4.431099
 442.000000 4.462721
 443.000000 3.028520
 444.000000 3.542689
 445.000000 3.501912
 446.000000 4.202927
 447.000000 3.951648
 448.000000 2.555334
 449.000000 4.123346
 450.000000 4.394490
 451.000000 4.684300
 452.000000 3.528197
 453.000000 3.865084
 454.000000 3.172058
 455.000000 3.955220
 456.000000 4.264313
 457.000000 3.434457
 458.000000 3.296100
 459.000000 3.837103
 460.000000 3.823579
 461.000000 2.779037
 462.000000 2.713705
 463.000000 3.807054
 464.000000 3.117954
 465.000000 2.908304
 466.000000 3.825851
 467.000000 2.973024
 468.000000 3.569819
 469.000000 4.005542
 470.000000 4.032673
 471.000000 4.332828
 472.000000 3.887138
 473.000000 3.406239
 474.000000 2.347154
 475.000000 2.900491
 476.000000 3.073088
 477.000000 2.570690
 478.000000 0.679849
 479.000000 1.344424
 480.000000 1.430852
 481.000000 1.470468
 482.000000 2.073169
 483.000000 3.264427
 484.000000 3.293913
 485.000000 2.803763
 486.000000 3.569721
 487.000000 3.368864
 488.000000 2.283687
 489.000000 2.559971
 490.000000 2.953536
 491.000000 1.512673
 492.000000 2.296676
 493.000000 2.923789
 494.000000 2.873607
 495.000000 3.210506
 496.000000 3.188589
 497.000000 3.477958
 498.000000 3.789707
 499.000000 3.957814
 500.000000 3.960559
 501.000000 3.921844
 502.000000 3.975513
 503.000000 3.931041
 504.000000 3.523737
 505.000000 3.030394
 506.000000 3.321469
 507.000000 3.264308
 508.000000 1.768757
 509.000000 2.518434
 510.000000 3.230947
 511.000000 3.609308
 512.000000 2.680587
 513.000000 2.940627
 514.000000 3.094087
 515.000000 2.991449
 516.000000 4.278329
 517.000000 3.730870
 518.000000 3.235690
 519.000000 1.780676
 520.000000 2.848742
 521.000000 3.663759
 522.000000 3.737262
 523.000000 1.692336
 524.000000 1.950025
 525.000000 1.718995
 526.000000 0.756796
 527.000000 0.558193
 528.000000 2.169355
 529.000000 2.765567
 530.000000 2.705052
 531.000000 3.639972
 532.000000 3.459178
 533.000000 3.153820
 534.000000 2.102829
 535.000000 2.368611
 536.000000 2.626398
 537.000000 2.967029
 538.000000 2.703265
 539.000000 2.934655
 540.000000 2.361767
 541.000000 3.167853
 542.000000 3.619864
 543.000000 3.135871
 544.000000 3.184058
 545.000000 2.845841
 546.000000 3.187753
 547.000000 3.397863
 548.000000 3.601393
 549.000000 3.576496
 550.000000 3.664844
 551.000000 3.596699
 552.000000 3.707723
 553.000000 3.694079
 554.000000 3.823540
 555.000000 3.905819
 556.000000 3.836601
 557.000000 3.404252
 558.000000 3.409918
 559.000000 3.640960
 560.000000 3.527312
 561.000000 3.538122
 562.000000 3.439230
 563.000000 3.450093
 564.000000 3.362330
 565.000000 3.209669
 566.000000 3.102129
 567.000000 3.206029
 568.000000 3.263750
 569.000000 2.575674
 570.000000 2.158091
 571.000000 2.299506
 572.000000 2.964492
 573.000000 2.798073
 574.000000 2.982347
 575.000000 2.858442
 576.000000 2.297751
 577.000000 1.938699
 578.000000 2.816611
 579.000000 3.528087
 580.000000 2.783336
 581.000000 3.420341
 582.000000 3.454636
 583.000000 2.765128
 584.000000 2.888815
 585.000000 1.393018
 586.000000 2.512869
 587.000000 2.798074
 588.000000 2.752940
 589.000000 3.343425
 590.000000 3.863665
 591.000000 3.066698
 592.000000 4.077318
 593.000000 4.247789
 594.000000 4.083827
 595.000000 4.236270
 596.000000 4.386336
 597.000000 4.646849
 598.000000 4.223874
 599.000000 4.311907
 600.000000 4.481337
 601.000000 4.703636
 602.000000 4.667273
 603.000000 4.584643
 604.000000 4.707284
 605.000000 4.504936
 606.000000 4.563573
 607.000000 4.630575
 608.000000 4.709174
 609.000000 4.616695
 610.000000 4.522043
 611.000000 4.632059
 612.000000 4.498939
 613.000000 4.733347
 614.000000 4.618198
 615.000000 4.861395
 616.000000 4.761539
 617.000000 4.745048
 618.000000 4.249923
 619.000000 4.906434
 620.000000 4.750856
 621.000000 4.778669
 622.000000 4.948621
 623.000000 4.882569
 624.000000 3.768064
 625.000000 4.964927
 626.000000 4.883512
 627.000000 3.347411
 628.000000 4.887534
 629.000000 3.170307
 630.000000 3.300045
 631.000000 3.285328
 632.000000 3.090175
 633.000000 3.197498
 634.000000 5.008173
 635.000000 4.999386
 636.000000 5.006171
 637.000000 3.226345
 638.000000 3.135274
 639.000000 5.002027
 640.000000 4.875490
 641.000000 3.195772
 642.000000 5.065614
 643.000000 3.256618
 644.000000 2.999267
 645.000000 3.335016
 646.000000 5.146434
 647.000000 5.100050
 648.000000 3.452078
 649.000000 3.354495
 650.000000 3.388225
 651.000000 3.713483
 652.000000 3.715634
 653.000000 4.745220
 654.000000 4.922774
 655.000000 5.011145
 656.000000 4.837665
 657.000000 4.879960
 658.000000 4.682166
 659.000000 4.470917
 660.000000 4.097832
 661.000000 3.986812
 662.000000 4.095225
 663.000000 4.085527
 664.000000 4.066794
 665.000000 4.164018
 666.000000 3.610001
 667.000000 3.635667
 668.000000 3.716772
 669.000000 3.823038
 670.000000 3.794933
 671.000000 3.595134
 672.000000 3.807415
 673.000000 3.834929
 674.000000 3.938924
 675.000000 4.110441
 676.000000 4.119699
 677.000000 3.995091
 678.000000 4.187498
 679.000000 4.348829
 680.000000 4.294552
 681.000000 4.105053
 682.000000 4.025327
 683.000000 4.132481
 684.000000 4.005316
 685.000000 3.786039
 686.000000 3.929993
 687.000000 3.728589
 688.000000 3.846719
 689.000000 4.078703
 690.000000 4.264150
 691.000000 3.935363
 692.000000 3.965746
 693.000000 3.974488
 694.000000 3.557978
 695.000000 4.036292
 696.000000 3.722243
 697.000000 3.888595
 698.000000 3.900662
 699.000000 3.910127
 700.000000 3.660645
 701.000000 3.396773
 702.000000 3.105808
 703.000000 2.842313
 704.000000 3.493459
 705.000000 2.736655
 706.000000 3.150845
 707.000000 3.167258
 708.000000 3.099725
 709.000000 3.681777
 710.000000 4.065998
 711.000000 3.577133
 712.000000 3.301996
 713.000000 3.974939
 714.000000 3.620707
 715.000000 3.849196
 716.000000 3.492585
 717.000000 3.452726
 718.000000 2.857809
 719.000000 2.443524
 720.000000 2.276887
 721.000000 0.846772
 722.000000 2.663002
 723.000000 3.155674
 724.000000 1.651783
 725.000000 1.725970
 726.000000 3.578560
 727.000000 3.365362
 728.000000 3.405691
 729.000000 2.745727
 730.000000 3.310388
 731.000000 2.928463
 732.000000 1.866935
 733.000000 2.696553
 734.000000 4.720858
 735.000000 4.815606
 736.000000 4.246525
 737.000000 3.576045
 738.000000 3.957013
 739.000000 3.594596
 740.000000 3.813724
 741.000000 3.152485
 742.000000 3.926587
 743.000000 3.525696
 744.000000 3.300374
 745.000000 2.884382
 746.000000 3.124943
 747.000000 2.847640
 748.000000 3.439111
 749.000000 3.223972
 750.000000 4.187715
 751.000000 3.695261
 752.000000 3.836407
 753.000000 3.849126
 754.000000 3.670812
 755.000000 3.131359
 756.000000 4.000447
 757.000000 2.568809
 758.000000 2.278041
 759.000000 2.777721
 760.000000 1.930025
 761.000000 1.991618
 762.000000 1.735554
 763.000000 2.128753
 764.000000 2.909418
 765.000000 3.229901
 766.000000 3.350220
 767.000000 3.850787
 768.000000 4.241992
 769.000000 3.829435
 770.000000 3.570384
 771.000000 3.787784
 772.000000 4.057389
 773.000000 3.673676
 774.000000 3.301828
 775.000000 2.889913
 776.000000 3.118336
 777.000000 3.410072
 778.000000 3.038090
 779.000000 3.018868
 780.000000 3.682564
 781.000000 3.198856
 782.000000 3.344648
 783.000000 2.963974
 784.000000 3.135864
 785.000000 3.500256
 786.000000 3.829132
 787.000000 3.324115
 788.000000 3.181777
 789.000000 3.839599
 790.000000 3.530457
 791.000000 3.479683
 792.000000 3.528496
 793.000000 4.245211
 794.000000 4.594948
 795.000000 4.173104
 796.000000 3.699716
 797.000000 4.290075
 798.000000 4.284325
 799.000000 3.564160
 800.000000 3.299004
 801.000000 2.802884
 802.000000 2.187122
 803.000000 2.992650
 804.000000 2.828746
 805.000000 2.720316
 806.000000 2.248896
 807.000000 1.392283
 808.000000 1.219958
 809.000000 2.093021
 810.000000 2.043607
 811.000000 2.525559
 812.000000 2.807354
 813.000000 2.988192
 814.000000 3.646424
 815.000000 3.281169
 816.000000 3.858410
 817.000000 4.375389
 818.000000 4.173251
 819.000000 4.432549
 820.000000 3.934335
 821.000000 3.812000
 822.000000 3.269927
 823.000000 3.747744
 824.000000 3.479939
 825.000000 3.148327
 826.000000 3.387499
 827.000000 3.397512
 828.000000 2.991415
 829.000000 3.552855
 830.000000 3.611406
 831.000000 3.678547
 832.000000 3.390215
 833.000000 3.575123
 834.000000 3.493252
 835.000000 3.737657
 836.000000 3.727585
 837.000000 3.511918
 838.000000 3.851783
 839.000000 3.536580
 840.000000 3.723504
 841.000000 4.164243
 842.000000 2.887788
 843.000000 3.248722
 844.000000 3.979534
 845.000000 3.842218
 846.000000 3.760562
 847.000000 3.911792
 848.000000 3.502959
 849.000000 4.228763
 850.000000 4.392755
 851.000000 3.858414
 852.000000 4.037026
 853.000000 3.218846
 854.000000 3.326068
 855.000000 4.925731
 856.000000 3.841179
 857.000000 3.540913
 858.000000 4.263628
 859.000000 3.458280
 860.000000 2.769765
 861.000000 2.753336
 862.000000 2.421629
 863.000000 2.912451
 864.000000 3.370064
 865.000000 3.847273
 866.000000 3.651456
 867.000000 4.171765
 868.000000 3.420246
 869.000000 3.163647
 870.000000 3.847819
 871.000000 3.308800
 872.000000 3.163957
 873.000000 4.032499
 874.000000 3.711553
 875.000000 3.904926
 876.000000 3.698743
 877.000000 3.090418
 878.000000 2.480601
 879.000000 4.014260
 880.000000 3.289551
 881.000000 4.504098
 882.000000 3.630913
 883.000000 3.815709
 884.000000 3.276418
 885.000000 3.900249
 886.000000 3.414291
 887.000000 4.120183
 888.000000 3.011368
 889.000000 3.333629
 890.000000 3.313979
 891.000000 3.433736
 892.000000 3.768217
 893.000000 3.676006
 894.000000 3.691332
 895.000000 3.524695
 896.000000 3.253432
 897.000000 3.489276
 898.000000 3.487270
 899.000000 3.262152
 900.000000 3.126682
 901.000000 3.086644
 902.000000 3.223110
 903.000000 3.941222
 904.000000 3.857910
 905.000000 3.754048
 906.000000 3.023680
 907.000000 1.429565
 908.000000 0.657473
 909.000000 0.646784
 910.000000 0.628390
 911.000000 0.687718
 912.000000 0.694732
 913.000000 0.715411
 914.000000 0.594417
 915.000000 0.536334
 916.000000 0.691338
 917.000000 0.847842
 918.000000 0.812958
 919.000000 0.853949
 920.000000 1.076059
 921.000000 1.251873
 922.000000 1.101365
 923.000000 1.654901
 924.000000 1.871681
 925.000000 1.124932
 926.000000 1.620833
 927.000000 1.492397
 928.000000 1.296286
 929.000000 1.396379
 930.000000 1.611934
 931.000000 1.611331
 932.000000 1.349511
 933.000000 1.308794
 934.000000 1.684949
 935.000000 1.094146
 936.000000 1.154593
 937.000000 1.057537
 938.000000 1.520818
 939.000000 1.581963
 940.000000 1.533349
 941.000000 1.176630
 942.000000 1.244348
 943.000000 1.088147
 944.000000 0.877757
 945.000000 0.744428
 946.000000 1.109092
 947.000000 0.771170
 948.000000 0.684767
 949.000000 1.096471
 950.000000 0.949210
 951.000000 0.911945
 952.000000 0.889824
 953.000000 1.524509
 954.000000 1.717927
 955.000000 2.143180
 956.000000 2.082039
 957.000000 1.959195
 958.000000 1.997423
 959.000000 1.762319
 960.000000 1.741257
 961.000000 1.673930
 962.000000 1.835450
 963.000000 1.567551
 964.000000 1.262299
 965.000000 1.808573
 966.000000 1.498956
 967.000000 1.643680
 968.000000 1.733697
 969.000000 1.922595
 970.000000 1.759964
 971.000000 1.541574
 972.000000 1.749224
 973.000000 1.936924
 974.000000 1.760117
 975.000000 1.784284
 976.000000 2.006020
 977.000000 1.906541
 978.000000 2.674090
 979.000000 2.922005
 980.000000 3.148244
 981.000000 2.233996
 982.000000 3.616636
 983.000000 3.408196
 984.000000 3.045272
 985.000000 4.058769
 986.000000 3.400808
 987.000000 3.969635
 988.000000 3.853992
 989.000000 3.372452
 990.000000 2.703716
 991.000000 2.495991
 992.000000 3.738402
 993.000000 3.826024
 994.000000 3.752115
 995.000000 2.985661
 996.000000 3.238036
 997.000000 3.076488
 998.000000 1.000219
 999.000000 1.652409
 1000.000000 1.856029
 1001.000000 1.071608
 1002.000000 0.830635
 1003.000000 1.474535
 1004.000000 1.783805
 1005.000000 1.715970
 1006.000000 1.770771
 1007.000000 1.772096
 1008.000000 1.795673
 1009.000000 2.317606
 1010.000000 2.080440
 1011.000000 1.748444
 1012.000000 2.479203
 1013.000000 2.454789
 1014.000000 2.531543
 1015.000000 2.688703
 1016.000000 2.558839
 1017.000000 2.448841
 1018.000000 2.483057
 1019.000000 2.328505
 1020.000000 2.150957
 1021.000000 2.226604
 1022.000000 2.226715
 1023.000000 2.134595
 1024.000000 2.230623
 1025.000000 2.134947
 1026.000000 2.099724
 1027.000000 2.250712
 1028.000000 2.294761
 1029.000000 2.165047
 1030.000000 2.147220
 1031.000000 2.411608
 1032.000000 2.258425
 1033.000000 2.376765
 1034.000000 2.303593
 1035.000000 2.411038
 1036.000000 2.419071
 1037.000000 2.391807
 1038.000000 2.414282
 1039.000000 2.478891
 1040.000000 2.153309
 1041.000000 3.142732
 1042.000000 3.214554
 1043.000000 3.808544
 1044.000000 3.358453
 1045.000000 3.951493
 1046.000000 3.895486
 1047.000000 3.672389
 1048.000000 3.937968
 1049.000000 4.257475
 1050.000000 4.394068
 1051.000000 4.179393
 1052.000000 4.069820
 1053.000000 3.702486
 1054.000000 3.986388
 1055.000000 3.422481
 1056.000000 2.634026
 1057.000000 2.906359
 1058.000000 3.959424
 1059.000000 3.837822
 1060.000000 3.293195
 1061.000000 3.548083
 1062.000000 3.613781
 1063.000000 3.593295
 1064.000000 4.600389
 1065.000000 4.294098
 1066.000000 3.796204
 1067.000000 3.122089
 1068.000000 3.563191
 1069.000000 3.767018
 1070.000000 3.634094
 1071.000000 3.657528
 1072.000000 3.011742
 1073.000000 3.241854
 1074.000000 1.976316
 1075.000000 2.358834
 1076.000000 1.560136
 1077.000000 2.396420
 1078.000000 3.616677
 1079.000000 3.795856
 1080.000000 3.118385
 1081.000000 1.099780
 1082.000000 1.367773
 1083.000000 2.190797
 1084.000000 3.072140
 1085.000000 2.000316
 1086.000000 3.466002
 1087.000000 3.414804
 1088.000000 3.583895
 1089.000000 4.421707
 1090.000000 4.290988
 1091.000000 3.972959
 1092.000000 3.022622
 1093.000000 3.549594
 1094.000000 3.071397
 1095.000000 3.300756
 1096.000000 3.286197
 1097.000000 4.318166
 1098.000000 3.832950
 1099.000000 3.530850
 1100.000000 3.504094
 1101.000000 3.402113
 1102.000000 3.069767
 1103.000000 2.773028
 1104.000000 2.889484
 1105.000000 3.408959
 1106.000000 3.420829
 1107.000000 3.187401
 1108.000000 2.840852
 1109.000000 2.615823
 1110.000000 2.706752
 1111.000000 2.615193
 1112.000000 2.504718
 1113.000000 2.493057
 1114.000000 2.646109
 1115.000000 2.668414
 1116.000000 2.586742
 1117.000000 2.350091
 1118.000000 2.561281
 1119.000000 2.720149
 1120.000000 2.648219
 1121.000000 2.571340
 1122.000000 2.596134
 1123.000000 2.658186
 1124.000000 2.664326
 1125.000000 2.654024
 1126.000000 2.732286
 1127.000000 2.581017
 1128.000000 2.682761
 1129.000000 2.712228
 1130.000000 2.762561
 1131.000000 2.805402
 1132.000000 2.796727
 1133.000000 2.799224
 1134.000000 2.743984
 1135.000000 2.707050
 1136.000000 2.714031
 1137.000000 2.758350
 1138.000000 2.810609
 1139.000000 2.817598
 1140.000000 2.902619
 1141.000000 2.823998
 1142.000000 2.732905
 1143.000000 2.915233
 1144.000000 3.027320
 1145.000000 2.923791
 1146.000000 2.917523
 1147.000000 2.932360
 1148.000000 2.814532
 1149.000000 2.730249
 1150.000000 2.842609
 1151.000000 2.941594
 1152.000000 3.055301
 1153.000000 2.930611
 1154.000000 2.869559
 1155.000000 2.922245
 1156.000000 2.953122
 1157.000000 2.927628
 1158.000000 2.900481
 1159.000000 2.807517
 1160.000000 2.695281
 1161.000000 2.688773
 1162.000000 2.899353
 1163.000000 2.841189
 1164.000000 2.896734
 1165.000000 3.071947
 1166.000000 2.993387
 1167.000000 2.924863
 1168.000000 2.878955
 1169.000000 2.864022
 1170.000000 2.917516
 1171.000000 3.079475
 1172.000000 3.094754
 1173.000000 2.993063
 1174.000000 3.063042
 1175.000000 2.855723
 1176.000000 2.746061
 1177.000000 2.824533
 1178.000000 2.771843
 1179.000000 2.753424
 1180.000000 2.674926
 1181.000000 2.814445
 1182.000000 2.905848
 1183.000000 3.027688
 1184.000000 2.926682
 1185.000000 3.013524
 1186.000000 2.836663
 1187.000000 2.940507
 1188.000000 2.871111
 1189.000000 2.798096
 1190.000000 2.990279
 1191.000000 2.961065
 1192.000000 2.937513
 1193.000000 2.937596
 1194.000000 3.064500
 1195.000000 2.966002
 1196.000000 2.890368
 1197.000000 2.829076
 1198.000000 2.864756
 1199.000000 2.867310
 1200.000000 2.870044
 1201.000000 3.100188
 1202.000000 2.838034
 1203.000000 3.043474
 1204.000000 2.953254
 1205.000000 3.054428
 1206.000000 3.081559
 1207.000000 3.109251
 1208.000000 3.068963
 1209.000000 3.110706
 1210.000000 2.960909
 1211.000000 3.046358
 1212.000000 3.155636
 1213.000000 3.206409
 1214.000000 3.176304
 1215.000000 3.158109
 1216.000000 3.117685
 1217.000000 2.839160
 1218.000000 2.657350
 1219.000000 2.577456
 1220.000000 2.793369
 1221.000000 2.650317
 1222.000000 2.933057
 1223.000000 2.830937
 1224.000000 3.215658
 1225.000000 3.108709
 1226.000000 3.232927
 1227.000000 3.085472
 1228.000000 3.368982
 1229.000000 3.141254
 1230.000000 3.395569
 1231.000000 2.948466
 1232.000000 2.970732
 1233.000000 3.156162
 1234.000000 3.389660
 1235.000000 3.356275
 1236.000000 3.160224
 1237.000000 3.465351
 1238.000000 3.354985
 1239.000000 3.136383
 1240.000000 2.854280
 1241.000000 2.915009
 1242.000000 2.690968
 1243.000000 2.877540
 1244.000000 2.878803
 1245.000000 3.214387
 1246.000000 2.761549
 1247.000000 2.576420
 1248.000000 2.682155
 1249.000000 2.711429
 1250.000000 2.722547
 1251.000000 2.676217
 1252.000000 2.390888
 1253.000000 2.611908
 1254.000000 2.397218
 1255.000000 2.491580
 1256.000000 2.664885
 1257.000000 2.934140
 1258.000000 3.130642
 1259.000000 3.177451
 1260.000000 3.162065
 1261.000000 3.266107
 1262.000000 3.463998
 1263.000000 3.278297
 1264.000000 3.280569
 1265.000000 3.254364
 1266.000000 2.974514
 1267.000000 2.975362
 1268.000000 3.079452
 1269.000000 2.863801
 1270.000000 2.827629
 1271.000000 3.018694
 1272.000000 2.921822
 1273.000000 2.871866
 1274.000000 3.295334
 1275.000000 3.264206
 1276.000000 3.062292
 1277.000000 3.150106
 1278.000000 3.166471
 1279.000000 2.869700
 1280.000000 2.402994
 1281.000000 2.532997
 1282.000000 2.633146
 1283.000000 2.860848
 1284.000000 2.798953
 1285.000000 2.914003
 1286.000000 2.958762
 1287.000000 2.969368
 1288.000000 2.841988
 1289.000000 2.831780
 1290.000000 2.409786
 1291.000000 2.568459
 1292.000000 2.799076
 1293.000000 2.548893
 1294.000000 2.703577
 1295.000000 2.592733
 1296.000000 2.294464
 1297.000000 2.442378
 1298.000000 2.418044
 1299.000000 2.547827
 1300.000000 2.770206
 1301.000000 2.491083
 1302.000000 2.361570
 1303.000000 2.280423
 1304.000000 2.336755
 1305.000000 2.497584
 1306.000000 2.515610
 1307.000000 2.572479
 1308.000000 2.476781
 1309.000000 2.327343
 1310.000000 2.613514
 1311.000000 2.642289
 1312.000000 2.435154
 1313.000000 2.365905
 1314.000000 2.424109
 1315.000000 2.254440
 1316.000000 2.422947
 1317.000000 2.571343
 1318.000000 2.467907
 1319.000000 2.583826
 1320.000000 2.535151
 1321.000000 2.448672
 1322.000000 2.514105
 1323.000000 2.497807
 1324.000000 2.463239
 1325.000000 2.349985
 1326.000000 2.246837
 1327.000000 2.304088
 1328.000000 2.304705
 1329.000000 2.425061
 1330.000000 2.358748
 1331.000000 2.246448
 1332.000000 2.450395
 1333.000000 2.528937
 1334.000000 2.509644
 1335.000000 2.197560
 1336.000000 2.346863
 1337.000000 2.467641
 1338.000000 2.829685
 1339.000000 2.560253
 1340.000000 2.334911
 1341.000000 2.293799
 1342.000000 2.241681
 1343.000000 2.327320
 1344.000000 2.646043
 1345.000000 2.732750
 1346.000000 2.998745
 1347.000000 2.905783
 1348.000000 2.996157
 1349.000000 3.036601
 1350.000000 3.060791
 1351.000000 3.128722
 1352.000000 3.676767
 1353.000000 3.443713
 1354.000000 3.539243
 1355.000000 3.648148
 1356.000000 3.887895
 1357.000000 4.034979
 1358.000000 3.949597
 1359.000000 3.895246
 1360.000000 4.028908
 1361.000000 3.900053
 1362.000000 3.899471
 1363.000000 3.959970
 1364.000000 3.906299
 1365.000000 4.059116
 1366.000000 4.059767
 1367.000000 4.051175
 1368.000000 4.106876
 1369.000000 4.140933
 1370.000000 3.927411
 1371.000000 3.878097
 1372.000000 3.891053
 1373.000000 3.743851
 1374.000000 3.563469
 1375.000000 3.818217
 1376.000000 3.671925
 1377.000000 3.458761
 1378.000000 3.920136
 1379.000000 3.602968
 1380.000000 3.617017
 1381.000000 3.630351
 1382.000000 3.685653
 1383.000000 3.988179
 1384.000000 3.909905
 1385.000000 3.846855
 1386.000000 3.720438
 1387.000000 3.922902
 1388.000000 4.034341
 1389.000000 4.031172
 1390.000000 3.936198
 1391.000000 3.895970
 1392.000000 4.149626
 1393.000000 4.186923
 1394.000000 4.044937
 1395.000000 4.067937
 1396.000000 3.916707
 1397.000000 3.874071
 1398.000000 3.788869
 1399.000000 3.623803
 1400.000000 3.610753
 1401.000000 3.586053
 1402.000000 3.710075
 1403.000000 3.653502
 1404.000000 3.583748
 1405.000000 3.438169
 1406.000000 3.425161
 1407.000000 3.302052
 1408.000000 3.177597
 1409.000000 3.079391
 1410.000000 3.010530
 1411.000000 3.017100
 1412.000000 3.149211
 1413.000000 2.919843
 1414.000000 2.684706
 1415.000000 2.583860
 1416.000000 2.600058
 1417.000000 2.494267
 1418.000000 2.805724
 1419.000000 3.094851
 1420.000000 2.464329
 1421.000000 2.651888
 1422.000000 2.784877
 1423.000000 2.986448
 1424.000000 2.768881
 1425.000000 2.926375
 1426.000000 2.452791
 1427.000000 2.389534
 1428.000000 2.547011
 1429.000000 2.918696
 1430.000000 2.721104
 1431.000000 2.876334
 1432.000000 3.216652
 1433.000000 3.291176
 1434.000000 3.245408
 1435.000000 2.915350
 1436.000000 2.914382
 1437.000000 2.755248
 1438.000000 3.057982
 1439.000000 2.984682
 1440.000000 2.605080
 1441.000000 2.669781
 1442.000000 2.523585
 1443.000000 2.280606
 1444.000000 2.257450
 1445.000000 2.167787
 1446.000000 2.798954
 1447.000000 2.772125
 1448.000000 2.725872
 1449.000000 3.071113
 1450.000000 3.339185
 1451.000000 3.333209
 1452.000000 3.287498
 1453.000000 3.352987
 1454.000000 3.566533
 1455.000000 3.597814
 1456.000000 3.857549
 1457.000000 3.779036
 1458.000000 3.516876
 1459.000000 3.660615
 1460.000000 3.763150
 1461.000000 3.671750
 1462.000000 3.660384
 1463.000000 3.714898
 1464.000000 3.486342
 1465.000000 3.645231
 1466.000000 3.548438
 1467.000000 3.610028
 1468.000000 3.525075
 1469.000000 3.330085
 1470.000000 3.464545
 1471.000000 3.506017
 1472.000000 3.473656
 1473.000000 3.482723
 1474.000000 3.405956
 1475.000000 3.283281
 1476.000000 3.128800
 1477.000000 3.216013
 1478.000000 3.196262
 1479.000000 3.211055
 1480.000000 3.192801
 1481.000000 3.121637
 1482.000000 3.077042
 1483.000000 3.193024
 1484.000000 3.134218
 1485.000000 3.126620
 1486.000000 3.175252
 1487.000000 3.253834
 1488.000000 3.289516
 1489.000000 3.328275
 1490.000000 3.358170
 1491.000000 3.364757
 1492.000000 3.369856
 1493.000000 3.247549
 1494.000000 3.243389
 1495.000000 3.430314
 1496.000000 3.363287
 1497.000000 3.474405
 1498.000000 3.397237
 1499.000000 3.430234
 1500.000000 3.571549
 1501.000000 3.399776
 1502.000000 3.559904
 1503.000000 3.595110
 1504.000000 3.590353
 1505.000000 3.599633
 1506.000000 3.515181
 1507.000000 3.344603
 1508.000000 3.274550
 1509.000000 3.551099
 1510.000000 3.283803
 1511.000000 3.241593
 1512.000000 3.064712
 1513.000000 3.165779
 1514.000000 3.145415
 1515.000000 3.301877
 1516.000000 3.368689
 1517.000000 3.380375
 1518.000000 3.385772
 1519.000000 3.182921
 1520.000000 3.314071
 1521.000000 3.216835
 1522.000000 3.046374
 1523.000000 2.867105
 1524.000000 2.724173
 1525.000000 2.935897
 1526.000000 2.550520
 1527.000000 2.693018
 1528.000000 2.959274
 1529.000000 2.993906
 1530.000000 3.175675
 1531.000000 3.113165
 1532.000000 3.209358
 1533.000000 3.446517
 1534.000000 3.551103
 1535.000000 3.327263
 1536.000000 3.213681
 1537.000000 3.546518
 1538.000000 3.598486
 1539.000000 3.368303
 1540.000000 3.586968
 1541.000000 3.552441
 1542.000000 3.602159
 1543.000000 3.656864
 1544.000000 3.952077
 1545.000000 4.116924
 1546.000000 4.077824
 1547.000000 4.026384
 1548.000000 4.150782
 1549.000000 4.155789
 1550.000000 4.258814
 1551.000000 4.398373
 1552.000000 4.313691
 1553.000000 4.352502
 1554.000000 4.395617
 1555.000000 4.231621
 1556.000000 4.175384
 1557.000000 4.189688
 1558.000000 3.848424
 1559.000000 3.880404
 1560.000000 3.346228
 1561.000000 3.207706
 1562.000000 3.397047
 1563.000000 3.066115
 1564.000000 3.395303
 1565.000000 3.553298
 1566.000000 3.289989
 1567.000000 3.289799
 1568.000000 3.527484
 1569.000000 3.511714
 1570.000000 3.883560
 1571.000000 3.779766
 1572.000000 3.762230
 1573.000000 3.825677
 1574.000000 3.985615
 1575.000000 3.910481
 1576.000000 3.936951
 1577.000000 3.704656
 1578.000000 3.453043
 1579.000000 3.510710
 1580.000000 3.552477
 1581.000000 3.416842
 1582.000000 3.355153
 1583.000000 2.974629
 1584.000000 3.490793
 1585.000000 3.520277
 1586.000000 3.662491
 1587.000000 3.714891
 1588.000000 3.638957
 1589.000000 3.625898
 1590.000000 3.777630
 1591.000000 3.811448
 1592.000000 3.729664
 1593.000000 3.532758
 1594.000000 3.508856
 1595.000000 3.493818
 1596.000000 3.723977
 1597.000000 3.690885
 1598.000000 3.288427
 1599.000000 3.066520
 1600.000000 3.010435
 1601.000000 3.146964
 1602.000000 3.205196
 1603.000000 2.932741
 1604.000000 3.132979
 1605.000000 3.165626
 1606.000000 3.077412
 1607.000000 3.224914
 1608.000000 3.413452
 1609.000000 3.524426
 1610.000000 3.291992
 1611.000000 3.321003
 1612.000000 3.246861
 1613.000000 3.301978
 1614.000000 3.452858
 1615.000000 3.363396
 1616.000000 3.372227
 1617.000000 3.435243
 1618.000000 3.354993
 1619.000000 3.279962
 1620.000000 3.305859
 1621.000000 3.314389
 1622.000000 3.127672
 1623.000000 3.380670
 1624.000000 3.368298
 1625.000000 3.086449
 1626.000000 3.247127
 1627.000000 3.063889
 1628.000000 2.761797
 1629.000000 2.581574
 1630.000000 3.055226
 1631.000000 2.939070
 1632.000000 2.538444
 1633.000000 2.557921
 1634.000000 2.640905
 1635.000000 2.618680
 1636.000000 2.736037
 1637.000000 2.349855
 1638.000000 2.235966
 1639.000000 2.019997
 1640.000000 2.585426
 1641.000000 2.814428
 1642.000000 2.888768
 1643.000000 2.670253
 1644.000000 2.913846
 1645.000000 2.857663
 1646.000000 2.913841
 1647.000000 2.895040
 1648.000000 3.008981
 1649.000000 2.728395
 1650.000000 2.908577
 1651.000000 3.088230
 1652.000000 3.103766
 1653.000000 2.960721
 1654.000000 3.211730
 1655.000000 3.087696
 1656.000000 3.084039
 1657.000000 3.435480
 1658.000000 3.450729
 1659.000000 3.512686
 1660.000000 3.472552
 1661.000000 3.294310
 1662.000000 3.359501
 1663.000000 3.392559
 1664.000000 3.219850
 1665.000000 3.084054
 1666.000000 2.827124
 1667.000000 2.862344
 1668.000000 2.585064
 1669.000000 2.457905
 1670.000000 2.487795
 1671.000000 2.462000
 1672.000000 2.397239
 1673.000000 2.554886
 1674.000000 2.383242
 1675.000000 2.371652
 1676.000000 2.317906
 1677.000000 2.227802
 1678.000000 1.693147
 1679.000000 2.612227
 1680.000000 2.536650
 1681.000000 2.728343
 1682.000000 2.659425
 1683.000000 2.063855
 1684.000000 1.686909
 1685.000000 0.948514
 1686.000000 0.226349
 1687.000000 0.216243
 1688.000000 0.309054
 1689.000000 0.775068
 1690.000000 3.696607
 1691.000000 4.214052
 1692.000000 3.657220
 1693.000000 4.000672
 1694.000000 3.811563
 1695.000000 3.237426
 1696.000000 3.193651
 1697.000000 3.056946
 1698.000000 2.920831
 1699.000000 2.145074
 1700.000000 2.459121
 1701.000000 2.501778
 1702.000000 3.740210
 1703.000000 4.123648
 1704.000000 4.490629
 1705.000000 4.678850
 1706.000000 2.923539
 1707.000000 2.507159
 1708.000000 2.256209
 1709.000000 3.475738
 1710.000000 3.041282
 1711.000000 3.647513
 1712.000000 3.648095
 1713.000000 3.478162
 1714.000000 3.450152
 1715.000000 4.265766
 1716.000000 3.091586
 1717.000000 4.432004
 1718.000000 3.704156
 1719.000000 3.489855
 1720.000000 3.831596
 1721.000000 4.207115
 1722.000000 3.285169
 1723.000000 2.684742
 1724.000000 2.848880
 1725.000000 2.382446
 1726.000000 2.731902
 1727.000000 2.415195
 1728.000000 2.211626
 1729.000000 2.389878
 1730.000000 1.903569
 1731.000000 1.837410
 1732.000000 1.589407
 1733.000000 1.742558
 1734.000000 1.799392
 1735.000000 2.095318
 1736.000000 2.223010
 1737.000000 1.273821
 1738.000000 2.191225
 1739.000000 2.073617
 1740.000000 2.058830
 1741.000000 1.941437
 1742.000000 3.527624
 1743.000000 1.843247
 1744.000000 2.599819
 1745.000000 1.295104
 1746.000000 1.341765
 1747.000000 2.263447
 1748.000000 3.077713
 1749.000000 2.378528
 1750.000000 1.830525
 1751.000000 2.036780
 1752.000000 2.209121
 1753.000000 1.987968
 1754.000000 1.971198
 1755.000000 2.385867
 1756.000000 2.063527
 1757.000000 2.302956
 1758.000000 2.355426
 1759.000000 2.497534
 1760.000000 2.096666
 1761.000000 2.365107
 1762.000000 1.810890
 1763.000000 1.987408
 1764.000000 1.583014
 1765.000000 0.711653
 1766.000000 1.871202
 1767.000000 1.291725
 1768.000000 1.369324
 1769.000000 2.178303
 1770.000000 3.625682
 1771.000000 4.680394
 1772.000000 4.796219
 1773.000000 3.298438
 1774.000000 2.598361
 1775.000000 2.103225
 1776.000000 3.397377
 1777.000000 2.554966
 1778.000000 4.027956
 1779.000000 2.630657
 1780.000000 2.915652
 1781.000000 3.391284
 1782.000000 3.854434
 1783.000000 3.427162
 1784.000000 4.535983
 1785.000000 2.568438
 1786.000000 2.496501
 1787.000000 2.755882
 1788.000000 2.557363
 1789.000000 3.432939
 1790.000000 2.770056
 1791.000000 3.500924
 1792.000000 3.644073
 1793.000000 4.112491
 1794.000000 3.829069
 1795.000000 3.315950
 1796.000000 3.530728
 1797.000000 3.532812
 1798.000000 2.537229
 1799.000000 2.338060
 1800.000000 3.117724
 1801.000000 2.504027
 1802.000000 3.630006
 1803.000000 3.581371
 1804.000000 3.183693
 1805.000000 2.433118
 1806.000000 1.374364
 1807.000000 1.949471
 1808.000000 2.420943
 1809.000000 2.625829
 1810.000000 2.963044
 1811.000000 3.165231
 1812.000000 3.100189
 1813.000000 3.018163
 1814.000000 3.136529
 1815.000000 3.252527
 1816.000000 2.986330
 1817.000000 3.410952
 1818.000000 2.882227
 1819.000000 3.193723
 1820.000000 3.027244
 1821.000000 3.188119
 1822.000000 3.016644
 1823.000000 2.618528
 1824.000000 2.490631
 1825.000000 2.541648
 1826.000000 2.789477
 1827.000000 2.756993
 1828.000000 2.614149
 1829.000000 2.926807
 1830.000000 1.865814
 1831.000000 1.295497
 1832.000000 3.188693
 1833.000000 3.188203
 1834.000000 3.290151
 1835.000000 3.232803
 1836.000000 2.239081
 1837.000000 2.700814
 1838.000000 2.670092
 1839.000000 2.787797
 1840.000000 3.507562
 1841.000000 3.258681
 1842.000000 3.107014
 1843.000000 2.982488
 1844.000000 3.224104
 1845.000000 3.088109
 1846.000000 2.998174
 1847.000000 3.836920
 1848.000000 3.216899
 1849.000000 3.951083
 1850.000000 3.655905
 1851.000000 3.508803
 1852.000000 3.248475
 1853.000000 3.932727
 1854.000000 3.151458
 1855.000000 3.316944
 1856.000000 2.843510
 1857.000000 3.258011
 1858.000000 2.787743
 1859.000000 3.442547
 1860.000000 3.917530
 1861.000000 4.027310
 1862.000000 3.515739
 1863.000000 4.280236
 1864.000000 3.347344
 1865.000000 4.153968
 1866.000000 3.445637
 1867.000000 3.235171
 1868.000000 3.151433
 1869.000000 3.210165
 1870.000000 2.905966
 1871.000000 3.696364
 1872.000000 3.463050
 1873.000000 4.071382
 1874.000000 4.113632
 1875.000000 3.819163
 1876.000000 3.388697
 1877.000000 3.376484
 1878.000000 3.145119
 1879.000000 3.425093
 1880.000000 3.717434
 1881.000000 3.202441
 1882.000000 3.368367
 1883.000000 3.677382
 1884.000000 3.835989
 1885.000000 3.416984
 1886.000000 3.488385
 1887.000000 3.468159
 1888.000000 3.547323
 1889.000000 3.498477
 1890.000000 3.863961
 1891.000000 4.536496
 1892.000000 4.045165
 1893.000000 3.726264
 1894.000000 4.152582
 1895.000000 4.382914
 1896.000000 4.448133
 1897.000000 4.398385
 1898.000000 4.723848
 1899.000000 4.175615
 1900.000000 3.963162
 1901.000000 3.951754
 1902.000000 3.951969
 1903.000000 3.878646
 1904.000000 2.487505
 1905.000000 2.608712
 1906.000000 3.009861
 1907.000000 3.881931
 1908.000000 3.685927
 1909.000000 2.933225
 1910.000000 3.170156
 1911.000000 2.839957
 1912.000000 3.678989
 1913.000000 3.630329
 1914.000000 3.899715
 1915.000000 2.393482
 1916.000000 3.049424
 1917.000000 3.355608
 1918.000000 4.309751
 1919.000000 2.616902
 1920.000000 1.510687
 1921.000000 1.340853
 1922.000000 1.668534
 1923.000000 1.892231
 1924.000000 1.967231
 1925.000000 2.273531
 1926.000000 2.851014
 1927.000000 2.235527
 1928.000000 2.513082
 1929.000000 1.944860
 1930.000000 2.391592
 1931.000000 2.193953
 1932.000000 2.576293
 1933.000000 2.912838
 1934.000000 2.675187
 1935.000000 2.927387
 1936.000000 2.896301
 1937.000000 3.044159
 1938.000000 2.616065
 1939.000000 2.978993
 1940.000000 2.665470
 1941.000000 2.987759
 1942.000000 3.163385
 1943.000000 3.450978
 1944.000000 3.437346
 1945.000000 3.129680
 1946.000000 3.413061
 1947.000000 3.204629
 1948.000000 3.342740
 1949.000000 3.315581
 1950.000000 3.505275
 1951.000000 3.160119
 1952.000000 3.447871
 1953.000000 3.427894
 1954.000000 3.187408
 1955.000000 3.172708
 1956.000000 3.150625
 1957.000000 3.126379
 1958.000000 3.097866
 1959.000000 3.300638
 1960.000000 3.138859
 1961.000000 3.137113
 1962.000000 2.980974
 1963.000000 3.104984
 1964.000000 2.507432
 1965.000000 3.173395
 1966.000000 2.824192
 1967.000000 2.294181
 1968.000000 2.350061
 1969.000000 3.060646
 1970.000000 1.897830
 1971.000000 0.630879
 1972.000000 1.995429
 1973.000000 2.701579
 1974.000000 1.500455
 1975.000000 0.878902
 1976.000000 0.475563
 1977.000000 0.631743
 1978.000000 0.513539
 1979.000000 2.718565
 1980.000000 2.288241
 1981.000000 2.765438
 1982.000000 2.905047
 1983.000000 3.691287
 1984.000000 3.777296
 1985.000000 2.582770
 1986.000000 2.304147
 1987.000000 4.219621
 1988.000000 4.018564
 1989.000000 3.878017
 1990.000000 3.853097
 1991.000000 3.666961
 1992.000000 2.743735
 1993.000000 3.220693
 1994.000000 4.264890
 1995.000000 3.131820
 1996.000000 2.332613
 1997.000000 3.923491
 1998.000000 3.405743
 1999.000000 3.200003
 2000.000000 3.457367
 2001.000000 2.743550
 2002.000000 3.197113
 2003.000000 3.255035
 2004.000000 2.684718
 2005.000000 2.568243
 2006.000000 3.055795
 2007.000000 2.957620
 2008.000000 2.395993
 2009.000000 3.208983
 2010.000000 2.482857
 2011.000000 2.915497
 2012.000000 2.632616
 2013.000000 2.710939
 2014.000000 3.088684
 2015.000000 3.639908
 2016.000000 2.726860
 2017.000000 3.217883
 2018.000000 3.010267
 2019.000000 4.457627
 2020.000000 4.191427
 2021.000000 4.373849
 2022.000000 4.300281
 2023.000000 4.270287
 2024.000000 3.838655
