#! FIELDS time r37.min
 0.000000 1.721958
 1.000000 1.759362
 2.000000 2.467166
 3.000000 3.133626
 4.000000 2.337438
 5.000000 2.334268
 6.000000 2.046461
 7.000000 2.264835
 8.000000 2.490831
 9.000000 3.582424
 10.000000 2.790991
 11.000000 3.156183
 12.000000 3.495800
 13.000000 3.243392
 14.000000 2.448095
 15.000000 2.293532
 16.000000 2.482266
 17.000000 2.493834
 18.000000 2.378724
 19.000000 2.544311
 20.000000 2.501343
 21.000000 2.320952
 22.000000 2.738366
 23.000000 2.499564
 24.000000 3.977020
 25.000000 2.538200
 26.000000 2.108744
 27.000000 1.919568
 28.000000 1.320345
 29.000000 1.023281
 30.000000 2.721969
 31.000000 3.041685
 32.000000 3.836619
 33.000000 3.898517
 34.000000 2.503978
 35.000000 3.102994
 36.000000 3.253038
 37.000000 3.281536
 38.000000 4.323740
 39.000000 3.785682
 40.000000 3.448094
 41.000000 3.862768
 42.000000 4.566172
 43.000000 3.665889
 44.000000 2.206149
 45.000000 1.709306
 46.000000 1.920562
 47.000000 2.067215
 48.000000 2.263858
 49.000000 2.386884
 50.000000 1.941361
 51.000000 2.144556
 52.000000 2.066332
 53.000000 2.437250
 54.000000 2.088916
 55.000000 2.152945
 56.000000 2.042976
 57.000000 2.029192
 58.000000 2.072730
 59.000000 1.978108
 60.000000 2.059082
 61.000000 1.983608
 62.000000 1.695297
 63.000000 2.134843
 64.000000 2.225822
 65.000000 2.378459
 66.000000 3.271100
 67.000000 4.016118
 68.000000 3.581329
 69.000000 3.776180
 70.000000 3.912700
 71.000000 3.728847
 72.000000 4.206704
 73.000000 4.599857
 74.000000 4.332910
 75.000000 3.314870
 76.000000 4.262514
 77.000000 3.887098
 78.000000 3.318760
 79.000000 3.146026
 80.000000 2.935986
 81.000000 3.213387
 82.000000 2.892786
 83.000000 3.273621
 84.000000 3.417095
 85.000000 3.276663
 86.000000 3.264299
 87.000000 3.655114
 88.000000 3.892175
 89.000000 3.957052
 90.000000 4.041946
 91.000000 4.089778
 92.000000 4.081481
 93.000000 4.230541
 94.000000 4.295808
 95.000000 4.181455
 96.000000 3.695938
 97.000000 3.581322
 98.000000 2.995367
 99.000000 2.299540
 100.000000 3.296774
 101.000000 3.009494
 102.000000 3.859008
 103.000000 3.383654
 104.000000 3.658876
 105.000000 3.201748
 106.000000 3.951208
 107.000000 3.304435
 108.000000 2.246801
 109.000000 2.262500
 110.000000 2.347280
 111.000000 2.439891
 112.000000 2.646744
 113.000000 3.002938
 114.000000 3.229237
 115.000000 3.126248
 116.000000 3.203723
 117.000000 3.215364
 118.000000 3.113074
 119.000000 2.824023
 120.000000 2.991059
 121.000000 3.156058
 122.000000 3.177383
 123.000000 3.119245
 124.000000 3.269835
 125.000000 3.040943
 126.000000 3.061813
 127.000000 2.802952
 128.000000 2.838115
 129.000000 2.193252
 130.000000 2.065571
 131.000000 1.839699
 132.000000 2.035822
 133.000000 2.252484
 134.000000 1.939724
 135.000000 2.293097
 136.000000 2.448845
 137.000000 2.333195
 138.000000 2.200764
 139.000000 2.033270
 140.000000 2.068604
 141.000000 2.221100
 142.000000 3.196782
 143.000000 3.064561
 144.000000 2.554325
 145.000000 2.476278
 146.000000 3.837466
 147.000000 3.621620
 148.000000 3.456835
 149.000000 3.513455
 150.000000 3.683183
 151.000000 3.724281
 152.000000 2.901142
 153.000000 3.188768
 154.000000 3.330808
 155.000000 3.723716
 156.000000 3.953015
 157.000000 3.311461
 158.000000 3.654809
 159.000000 3.258749
 160.000000 3.489275
 161.000000 4.287982
 162.000000 3.728349
 163.000000 3.994214
 164.000000 3.780799
 165.000000 3.007551
 166.000000 2.423650
 167.000000 2.069640
 168.000000 4.163928
 169.000000 2.860042
 170.000000 2.833158
 171.000000 2.563142
 172.000000 2.840104
 173.000000 3.043769
 174.000000 3.023674
 175.000000 3.031605
 176.000000 2.963650
 177.000000 2.790281
 178.000000 2.792465
 179.000000 2.950634
 180.000000 2.901439
 181.000000 2.897731
 182.000000 2.857843
 183.000000 2.738851
 184.000000 2.789170
 185.000000 2.641530
 186.000000 2.601054
 187.000000 2.662351
 188.000000 2.753673
 189.000000 2.735415
 190.000000 2.840881
 191.000000 2.840935
 192.000000 3.046815
 193.000000 2.797659
 194.000000 2.893382
 195.000000 2.851747
 196.000000 2.849783
 197.000000 2.968704
 198.000000 2.820981
 199.000000 2.831460
 200.000000 2.911425
 201.000000 2.996370
 202.000000 2.876240
 203.000000 2.930600
 204.000000 3.958091
 205.000000 3.749307
 206.000000 3.469415
 207.000000 3.419705
 208.000000 3.497721
 209.000000 3.715960
 210.000000 3.925164
 211.000000 3.803072
 212.000000 3.315741
 213.000000 3.342231
 214.000000 3.616659
 215.000000 3.757546
 216.000000 3.825362
 217.000000 3.500550
 218.000000 3.633584
 219.000000 3.900377
 220.000000 3.725909
 221.000000 3.852777
 222.000000 3.848208
 223.000000 3.981138
 224.000000 4.068114
 225.000000 4.237976
 226.000000 4.004011
 227.000000 3.973940
 228.000000 4.005444
 229.000000 3.952492
 230.000000 3.838801
 231.000000 3.894648
 232.000000 3.826377
 233.000000 4.039333
 234.000000 4.026303
 235.000000 4.088410
 236.000000 4.026078
 237.000000 3.991757
 238.000000 3.832100
 239.000000 3.905196
 240.000000 4.056006
 241.000000 4.094840
 242.000000 4.137577
 243.000000 4.178117
 244.000000 4.361931
 245.000000 4.380081
 246.000000 4.434019
 247.000000 4.312597
 248.000000 4.397371
 249.000000 4.266337
 250.000000 4.315152
 251.000000 4.327267
 252.000000 4.335769
 253.000000 4.299557
 254.000000 4.330530
 255.000000 4.203158
 256.000000 4.299913
 257.000000 4.158861
 258.000000 4.186440
 259.000000 4.313646
 260.000000 4.447036
 261.000000 4.008406
 262.000000 4.807767
 263.000000 4.755256
 264.000000 3.343298
 265.000000 3.437675
 266.000000 2.741331
 267.000000 3.159298
 268.000000 4.665026
 269.000000 4.844258
 270.000000 5.166279
 271.000000 5.057364
 272.000000 4.671951
 273.000000 5.076511
 274.000000 4.797355
 275.000000 4.404004
 276.000000 4.249057
 277.000000 3.755955
 278.000000 3.412008
 279.000000 2.682996
 280.000000 4.064308
 281.000000 4.652796
 282.000000 3.511449
 283.000000 3.760504
 284.000000 3.190982
 285.000000 4.392986
 286.000000 4.412908
 287.000000 4.632472
 288.000000 4.218543
 289.000000 3.441496
 290.000000 3.929700
 291.000000 2.861194
 292.000000 2.357963
 293.000000 2.312682
 294.000000 2.047571
 295.000000 1.900728
 296.000000 3.225639
 297.000000 3.701406
 298.000000 3.596277
 299.000000 3.200607
 300.000000 2.792412
 301.000000 2.714642
 302.000000 1.820707
 303.000000 2.554431
 304.000000 3.070055
 305.000000 4.308578
 306.000000 4.446344
 307.000000 3.425442
 308.000000 3.413784
 309.000000 3.586899
 310.000000 2.735026
 311.000000 2.587055
 312.000000 3.613072
 313.000000 3.768656
 314.000000 4.209708
 315.000000 3.983933
 316.000000 4.498242
 317.000000 3.643502
 318.000000 4.654222
 319.000000 4.276100
 320.000000 4.673527
 321.000000 4.061839
 322.000000 3.990141
 323.000000 4.245426
 324.000000 3.996548
 325.000000 3.275332
 326.000000 4.288138
 327.000000 4.418912
 328.000000 3.744966
 329.000000 4.189457
 330.000000 3.475198
 331.000000 3.881084
 332.000000 3.500288
 333.000000 2.062347
 334.000000 2.225183
 335.000000 2.968207
 336.000000 4.410046
 337.000000 4.587315
 338.000000 4.371552
 339.000000 4.317669
 340.000000 3.445241
 341.000000 3.215597
 342.000000 3.073091
 343.000000 3.065686
 344.000000 2.934468
 345.000000 3.085326
 346.000000 3.134188
 347.000000 3.531937
 348.000000 3.390183
 349.000000 3.486689
 350.000000 3.647035
 351.000000 3.530704
 352.000000 3.548397
 353.000000 3.609121
 354.000000 3.462608
 355.000000 3.365539
 356.000000 3.527160
 357.000000 3.454274
 358.000000 3.214837
 359.000000 3.250824
 360.000000 3.352064
 361.000000 3.270655
 362.000000 3.325219
 363.000000 3.326734
 364.000000 3.407085
 365.000000 3.364845
 366.000000 3.317306
 367.000000 3.407145
 368.000000 3.285964
 369.000000 3.328524
 370.000000 3.274649
 371.000000 3.247077
 372.000000 3.268198
 373.000000 3.356590
 374.000000 3.226258
 375.000000 3.194749
 376.000000 3.284789
 377.000000 3.306729
 378.000000 3.224642
 379.000000 3.115601
 380.000000 3.185602
 381.000000 3.116575
 382.000000 3.104864
 383.000000 3.186574
 384.000000 3.229148
 385.000000 3.118338
 386.000000 3.187676
 387.000000 3.200812
 388.000000 3.059239
 389.000000 3.140925
 390.000000 3.128789
 391.000000 3.088930
 392.000000 3.072905
 393.000000 3.119242
 394.000000 3.223836
 395.000000 2.981414
 396.000000 3.263013
 397.000000 2.979080
 398.000000 3.263694
 399.000000 2.921304
 400.000000 3.021423
 401.000000 2.956469
 402.000000 2.711060
 403.000000 3.038730
 404.000000 3.000136
 405.000000 2.911146
 406.000000 2.963337
 407.000000 2.949245
 408.000000 2.950898
 409.000000 2.949449
 410.000000 3.021538
 411.000000 3.074288
 412.000000 3.080124
 413.000000 3.074014
 414.000000 3.104561
 415.000000 3.124925
 416.000000 3.135806
 417.000000 3.140759
 418.000000 3.104374
 419.000000 3.073967
 420.000000 3.012461
 421.000000 4.471838
 422.000000 3.074266
 423.000000 3.135319
 424.000000 3.231677
 425.000000 3.161491
 426.000000 3.104831
 427.000000 3.150986
 428.000000 3.190939
 429.000000 4.166797
 430.000000 3.246998
 431.000000 3.244204
 432.000000 3.382806
 433.000000 3.385857
 434.000000 3.214011
 435.000000 3.297894
 436.000000 3.062805
 437.000000 3.225190
 438.000000 3.147789
 439.000000 3.131218
 440.000000 3.168271
 441.000000 2.915586
 442.000000 3.053312
 443.000000 4.464765
 444.000000 4.539219
 445.000000 4.577000
 446.000000 3.151638
 447.000000 4.879969
 448.000000 2.963910
 449.000000 4.991077
 450.000000 5.152070
 451.000000 5.456831
 452.000000 3.787363
 453.000000 3.623526
 454.000000 2.620226
 455.000000 3.943690
 456.000000 5.026969
 457.000000 4.258094
 458.000000 4.454686
 459.000000 4.800178
 460.000000 4.618485
 461.000000 4.022744
 462.000000 3.756741
 463.000000 3.699031
 464.000000 2.716143
 465.000000 3.113435
 466.000000 3.796605
 467.000000 3.521759
 468.000000 4.018505
 469.000000 4.231159
 470.000000 3.796755
 471.000000 3.965753
 472.000000 3.557082
 473.000000 3.089142
 474.000000 2.855772
 475.000000 1.307878
 476.000000 2.315034
 477.000000 2.039640
 478.000000 3.294466
 479.000000 3.319418
 480.000000 3.198674
 481.000000 3.749915
 482.000000 3.867216
 483.000000 4.416682
 484.000000 4.504854
 485.000000 4.265677
 486.000000 3.058968
 487.000000 3.595757
 488.000000 3.450523
 489.000000 2.157339
 490.000000 0.826590
 491.000000 1.467818
 492.000000 2.017263
 493.000000 2.845532
 494.000000 2.772381
 495.000000 2.836301
 496.000000 2.993493
 497.000000 3.443482
 498.000000 3.900773
 499.000000 3.916782
 500.000000 4.087024
 501.000000 4.070394
 502.000000 4.901359
 503.000000 4.716454
 504.000000 2.676888
 505.000000 4.080006
 506.000000 4.174082
 507.000000 4.151286
 508.000000 3.523823
 509.000000 4.047205
 510.000000 4.284865
 511.000000 4.221033
 512.000000 3.767638
 513.000000 3.554975
 514.000000 3.427527
 515.000000 3.687469
 516.000000 3.507154
 517.000000 2.903285
 518.000000 3.897719
 519.000000 3.398785
 520.000000 3.424024
 521.000000 3.933011
 522.000000 4.601309
 523.000000 3.267446
 524.000000 2.781648
 525.000000 2.770313
 526.000000 2.601655
 527.000000 2.993955
 528.000000 2.922755
 529.000000 2.293752
 530.000000 2.613171
 531.000000 2.503211
 532.000000 2.895462
 533.000000 3.777496
 534.000000 3.556176
 535.000000 3.538876
 536.000000 3.701422
 537.000000 4.259092
 538.000000 4.223911
 539.000000 4.075313
 540.000000 3.990936
 541.000000 3.547985
 542.000000 4.109619
 543.000000 3.929494
 544.000000 3.757458
 545.000000 3.220194
 546.000000 3.106575
 547.000000 2.693240
 548.000000 2.565455
 549.000000 2.853488
 550.000000 2.789264
 551.000000 2.773999
 552.000000 2.782252
 553.000000 2.756770
 554.000000 2.883909
 555.000000 3.005982
 556.000000 3.134555
 557.000000 2.978114
 558.000000 3.017630
 559.000000 2.956170
 560.000000 3.073405
 561.000000 2.971057
 562.000000 2.953684
 563.000000 2.853124
 564.000000 2.926428
 565.000000 2.915954
 566.000000 2.923484
 567.000000 2.921833
 568.000000 2.924576
 569.000000 2.751245
 570.000000 2.816127
 571.000000 2.676049
 572.000000 2.795916
 573.000000 2.795497
 574.000000 3.039521
 575.000000 2.912154
 576.000000 3.007195
 577.000000 3.195119
 578.000000 3.134003
 579.000000 4.204474
 580.000000 3.529788
 581.000000 3.905331
 582.000000 3.361277
 583.000000 3.651089
 584.000000 3.855571
 585.000000 3.324479
 586.000000 4.096963
 587.000000 3.908728
 588.000000 3.926860
 589.000000 3.990783
 590.000000 4.456506
 591.000000 3.890978
 592.000000 3.101871
 593.000000 3.025510
 594.000000 2.949308
 595.000000 3.861513
 596.000000 3.403554
 597.000000 3.586068
 598.000000 3.576201
 599.000000 3.553772
 600.000000 3.503816
 601.000000 3.626878
 602.000000 3.577223
 603.000000 3.597338
 604.000000 3.507392
 605.000000 3.486134
 606.000000 3.477067
 607.000000 3.482975
 608.000000 3.456650
 609.000000 3.353731
 610.000000 3.243288
 611.000000 3.246373
 612.000000 3.288876
 613.000000 3.405088
 614.000000 3.419583
 615.000000 3.573133
 616.000000 3.624420
 617.000000 3.562888
 618.000000 4.861292
 619.000000 3.432452
 620.000000 3.365830
 621.000000 3.363842
 622.000000 3.483462
 623.000000 3.498182
 624.000000 4.830877
 625.000000 3.453478
 626.000000 3.366133
 627.000000 4.821561
 628.000000 3.431734
 629.000000 4.714433
 630.000000 4.727900
 631.000000 4.687921
 632.000000 4.612467
 633.000000 4.728000
 634.000000 3.564651
 635.000000 3.615690
 636.000000 3.611535
 637.000000 4.627848
 638.000000 4.686438
 639.000000 3.587841
 640.000000 3.648545
 641.000000 4.677212
 642.000000 3.667245
 643.000000 4.695210
 644.000000 4.682100
 645.000000 4.721415
 646.000000 3.785046
 647.000000 3.738530
 648.000000 4.585955
 649.000000 4.651806
 650.000000 4.571836
 651.000000 4.609646
 652.000000 4.577810
 653.000000 3.741788
 654.000000 3.871255
 655.000000 3.829961
 656.000000 3.924168
 657.000000 3.840929
 658.000000 3.806709
 659.000000 3.869811
 660.000000 3.820425
 661.000000 3.751744
 662.000000 3.801503
 663.000000 3.743600
 664.000000 3.693360
 665.000000 3.861108
 666.000000 3.681947
 667.000000 3.817222
 668.000000 3.853982
 669.000000 3.907672
 670.000000 3.862584
 671.000000 3.806645
 672.000000 3.824880
 673.000000 3.726746
 674.000000 3.649886
 675.000000 3.735867
 676.000000 3.721300
 677.000000 3.724435
 678.000000 3.765377
 679.000000 3.885517
 680.000000 3.872640
 681.000000 3.739224
 682.000000 3.614726
 683.000000 3.649134
 684.000000 3.791432
 685.000000 3.821226
 686.000000 3.858165
 687.000000 3.708173
 688.000000 3.618621
 689.000000 3.751788
 690.000000 3.786662
 691.000000 3.706756
 692.000000 3.790138
 693.000000 3.898737
 694.000000 3.599717
 695.000000 3.844375
 696.000000 3.642793
 697.000000 3.865559
 698.000000 3.772773
 699.000000 3.663259
 700.000000 3.663596
 701.000000 3.483287
 702.000000 3.462282
 703.000000 3.472067
 704.000000 3.362348
 705.000000 2.701620
 706.000000 3.046506
 707.000000 3.657711
 708.000000 3.796196
 709.000000 4.123094
 710.000000 4.295206
 711.000000 4.139379
 712.000000 3.704615
 713.000000 4.276911
 714.000000 3.556563
 715.000000 3.767212
 716.000000 4.058988
 717.000000 3.970179
 718.000000 3.569803
 719.000000 3.193522
 720.000000 3.215647
 721.000000 2.252923
 722.000000 3.333395
 723.000000 3.919683
 724.000000 2.453043
 725.000000 1.699768
 726.000000 3.688174
 727.000000 3.339473
 728.000000 4.173280
 729.000000 3.856284
 730.000000 4.426400
 731.000000 4.309628
 732.000000 3.607498
 733.000000 4.031244
 734.000000 3.800300
 735.000000 3.797785
 736.000000 3.367202
 737.000000 3.212510
 738.000000 4.289775
 739.000000 3.217635
 740.000000 3.724354
 741.000000 3.222195
 742.000000 4.120665
 743.000000 3.419632
 744.000000 3.246340
 745.000000 2.686912
 746.000000 2.623930
 747.000000 2.630808
 748.000000 3.375072
 749.000000 3.498473
 750.000000 3.983237
 751.000000 3.847065
 752.000000 4.040350
 753.000000 3.906461
 754.000000 3.778302
 755.000000 3.478040
 756.000000 3.463539
 757.000000 3.286438
 758.000000 2.365750
 759.000000 2.686639
 760.000000 2.025074
 761.000000 2.024969
 762.000000 2.023578
 763.000000 1.889620
 764.000000 2.871721
 765.000000 2.994973
 766.000000 2.952606
 767.000000 3.573398
 768.000000 4.113903
 769.000000 3.803152
 770.000000 3.859515
 771.000000 4.113990
 772.000000 4.253190
 773.000000 4.009457
 774.000000 3.702075
 775.000000 2.153285
 776.000000 2.370065
 777.000000 2.716371
 778.000000 2.326288
 779.000000 2.286037
 780.000000 3.048517
 781.000000 2.592412
 782.000000 2.789475
 783.000000 2.500335
 784.000000 2.800723
 785.000000 3.175564
 786.000000 3.594172
 787.000000 2.988211
 788.000000 3.713248
 789.000000 3.535533
 790.000000 3.885400
 791.000000 3.992319
 792.000000 4.067390
 793.000000 4.042339
 794.000000 4.509934
 795.000000 4.043543
 796.000000 3.566496
 797.000000 4.077141
 798.000000 4.162749
 799.000000 3.505696
 800.000000 3.188533
 801.000000 3.334772
 802.000000 2.949132
 803.000000 3.240194
 804.000000 2.914403
 805.000000 3.035402
 806.000000 2.748157
 807.000000 2.156337
 808.000000 2.050065
 809.000000 2.648199
 810.000000 2.234610
 811.000000 2.692004
 812.000000 2.992784
 813.000000 2.905671
 814.000000 3.452097
 815.000000 3.083597
 816.000000 3.815236
 817.000000 4.308153
 818.000000 4.248113
 819.000000 4.357241
 820.000000 4.217408
 821.000000 4.055589
 822.000000 3.346710
 823.000000 3.883215
 824.000000 3.588559
 825.000000 3.302267
 826.000000 3.261937
 827.000000 3.134110
 828.000000 2.606768
 829.000000 3.022136
 830.000000 3.150972
 831.000000 3.187761
 832.000000 2.914074
 833.000000 3.114532
 834.000000 3.112871
 835.000000 3.222070
 836.000000 3.183471
 837.000000 2.871238
 838.000000 3.308489
 839.000000 3.062047
 840.000000 3.123866
 841.000000 3.761751
 842.000000 3.360791
 843.000000 3.643595
 844.000000 4.216323
 845.000000 3.880776
 846.000000 3.856645
 847.000000 4.005351
 848.000000 3.871763
 849.000000 4.401750
 850.000000 4.501227
 851.000000 4.164599
 852.000000 3.642503
 853.000000 2.828435
 854.000000 2.920547
 855.000000 4.777699
 856.000000 4.249195
 857.000000 3.992068
 858.000000 4.133878
 859.000000 3.993540
 860.000000 3.488539
 861.000000 3.320340
 862.000000 3.041377
 863.000000 3.506609
 864.000000 4.029309
 865.000000 3.482935
 866.000000 2.883565
 867.000000 3.852255
 868.000000 3.407508
 869.000000 3.102940
 870.000000 3.436424
 871.000000 3.975066
 872.000000 3.915849
 873.000000 3.567023
 874.000000 3.233367
 875.000000 3.511221
 876.000000 3.092940
 877.000000 3.790166
 878.000000 3.475155
 879.000000 3.306260
 880.000000 2.649578
 881.000000 4.075649
 882.000000 3.320323
 883.000000 4.430840
 884.000000 4.011179
 885.000000 4.466460
 886.000000 4.107985
 887.000000 3.670779
 888.000000 3.858872
 889.000000 3.995834
 890.000000 3.893440
 891.000000 3.708120
 892.000000 3.959018
 893.000000 4.154040
 894.000000 4.151858
 895.000000 4.062048
 896.000000 3.577022
 897.000000 3.494992
 898.000000 3.650795
 899.000000 3.934868
 900.000000 3.629322
 901.000000 3.765272
 902.000000 3.942209
 903.000000 4.253572
 904.000000 4.408659
 905.000000 4.295084
 906.000000 3.689939
 907.000000 2.958903
 908.000000 2.453226
 909.000000 2.456244
 910.000000 2.389444
 911.000000 2.499683
 912.000000 2.491720
 913.000000 2.480914
 914.000000 2.482518
 915.000000 2.422131
 916.000000 2.337043
 917.000000 2.352613
 918.000000 2.355690
 919.000000 2.373483
 920.000000 2.467790
 921.000000 2.528676
 922.000000 2.575620
 923.000000 2.691005
 924.000000 2.766044
 925.000000 2.521939
 926.000000 2.642859
 927.000000 2.510407
 928.000000 2.630880
 929.000000 2.733891
 930.000000 2.745087
 931.000000 2.699143
 932.000000 2.601198
 933.000000 2.580537
 934.000000 2.631790
 935.000000 2.551989
 936.000000 2.580898
 937.000000 2.637472
 938.000000 2.709149
 939.000000 2.803863
 940.000000 2.712652
 941.000000 2.672065
 942.000000 2.652521
 943.000000 2.603131
 944.000000 2.545861
 945.000000 2.525684
 946.000000 2.561943
 947.000000 2.581964
 948.000000 2.461771
 949.000000 2.613078
 950.000000 2.520653
 951.000000 2.557647
 952.000000 2.668942
 953.000000 2.629201
 954.000000 2.792635
 955.000000 2.754562
 956.000000 2.746355
 957.000000 2.717173
 958.000000 2.630269
 959.000000 2.725120
 960.000000 2.731567
 961.000000 2.707654
 962.000000 2.782589
 963.000000 2.726584
 964.000000 2.504464
 965.000000 2.774923
 966.000000 2.651063
 967.000000 2.596877
 968.000000 2.612763
 969.000000 2.661452
 970.000000 2.632217
 971.000000 2.785701
 972.000000 2.683461
 973.000000 2.647371
 974.000000 2.628611
 975.000000 2.663162
 976.000000 2.801355
 977.000000 2.657060
 978.000000 3.524416
 979.000000 3.593848
 980.000000 3.514661
 981.000000 2.844688
 982.000000 3.796689
 983.000000 3.591233
 984.000000 3.329184
 985.000000 4.064997
 986.000000 3.372768
 987.000000 4.297637
 988.000000 3.727955
 989.000000 3.346144
 990.000000 3.151744
 991.000000 3.488905
 992.000000 4.362792
 993.000000 4.366431
 994.000000 4.180184
 995.000000 3.732501
 996.000000 4.099892
 997.000000 3.972308
 998.000000 2.800826
 999.000000 2.937606
 1000.000000 2.721753
 1001.000000 2.197772
 1002.000000 2.015918
 1003.000000 1.822737
 1004.000000 2.169408
 1005.000000 2.438129
 1006.000000 2.146858
 1007.000000 2.354075
 1008.000000 2.247961
 1009.000000 2.069794
 1010.000000 1.733681
 1011.000000 1.375905
 1012.000000 1.471979
 1013.000000 1.772853
 1014.000000 1.543292
 1015.000000 1.593152
 1016.000000 1.661211
 1017.000000 1.473284
 1018.000000 1.441947
 1019.000000 1.539252
 1020.000000 1.505093
 1021.000000 1.527772
 1022.000000 1.405274
 1023.000000 1.288948
 1024.000000 1.153959
 1025.000000 0.985659
 1026.000000 1.035831
 1027.000000 0.673992
 1028.000000 0.926076
 1029.000000 0.627228
 1030.000000 0.720054
 1031.000000 0.706190
 1032.000000 0.478001
 1033.000000 0.492687
 1034.000000 0.648941
 1035.000000 0.601269
 1036.000000 0.660439
 1037.000000 0.421229
 1038.000000 0.503328
 1039.000000 0.987928
 1040.000000 1.805050
 1041.000000 2.706434
 1042.000000 3.034422
 1043.000000 3.866255
 1044.000000 3.629246
 1045.000000 3.564379
 1046.000000 3.721442
 1047.000000 4.233354
 1048.000000 4.509684
 1049.000000 4.128099
 1050.000000 4.355380
 1051.000000 4.089657
 1052.000000 3.739908
 1053.000000 3.167813
 1054.000000 3.243065
 1055.000000 4.173320
 1056.000000 3.741448
 1057.000000 3.909217
 1058.000000 3.352671
 1059.000000 3.189140
 1060.000000 4.159191
 1061.000000 4.394198
 1062.000000 4.435212
 1063.000000 4.437021
 1064.000000 4.398374
 1065.000000 4.292186
 1066.000000 4.499896
 1067.000000 4.148965
 1068.000000 4.382945
 1069.000000 4.486808
 1070.000000 4.374030
 1071.000000 4.431159
 1072.000000 3.824865
 1073.000000 3.751861
 1074.000000 3.217237
 1075.000000 3.408615
 1076.000000 2.667188
 1077.000000 2.796312
 1078.000000 3.211813
 1079.000000 3.625448
 1080.000000 3.604276
 1081.000000 2.270715
 1082.000000 2.312434
 1083.000000 3.320744
 1084.000000 3.643274
 1085.000000 3.015551
 1086.000000 3.943917
 1087.000000 3.887865
 1088.000000 2.617893
 1089.000000 4.698273
 1090.000000 4.514942
 1091.000000 3.868600
 1092.000000 3.889520
 1093.000000 4.255438
 1094.000000 3.831811
 1095.000000 3.451320
 1096.000000 3.427958
 1097.000000 3.547949
 1098.000000 3.514588
 1099.000000 3.501914
 1100.000000 3.327202
 1101.000000 2.862155
 1102.000000 1.697952
 1103.000000 1.423283
 1104.000000 1.753157
 1105.000000 3.145215
 1106.000000 2.490468
 1107.000000 1.974510
 1108.000000 1.013351
 1109.000000 0.878720
 1110.000000 1.295055
 1111.000000 1.219270
 1112.000000 0.789346
 1113.000000 1.035248
 1114.000000 0.813992
 1115.000000 0.815656
 1116.000000 0.598879
 1117.000000 0.582403
 1118.000000 0.802889
 1119.000000 1.156200
 1120.000000 0.904583
 1121.000000 0.869312
 1122.000000 1.150280
 1123.000000 1.090341
 1124.000000 1.083133
 1125.000000 0.947598
 1126.000000 0.921771
 1127.000000 0.858013
 1128.000000 1.233357
 1129.000000 1.437345
 1130.000000 1.508105
 1131.000000 1.632701
 1132.000000 1.537335
 1133.000000 1.458952
 1134.000000 1.287309
 1135.000000 1.081865
 1136.000000 1.225694
 1137.000000 1.372867
 1138.000000 1.346353
 1139.000000 1.455528
 1140.000000 1.566077
 1141.000000 1.451101
 1142.000000 1.403422
 1143.000000 1.454910
 1144.000000 1.549871
 1145.000000 1.515026
 1146.000000 1.385535
 1147.000000 1.520520
 1148.000000 1.544256
 1149.000000 1.430251
 1150.000000 1.466304
 1151.000000 1.711590
 1152.000000 1.835556
 1153.000000 1.471074
 1154.000000 1.785993
 1155.000000 1.716512
 1156.000000 1.914979
 1157.000000 1.656928
 1158.000000 1.796686
 1159.000000 1.595734
 1160.000000 1.774759
 1161.000000 1.699559
 1162.000000 1.688851
 1163.000000 1.620052
 1164.000000 1.696812
 1165.000000 1.690935
 1166.000000 1.711143
 1167.000000 1.656470
 1168.000000 1.675683
 1169.000000 1.596604
 1170.000000 1.440181
 1171.000000 1.659331
 1172.000000 1.668475
 1173.000000 1.508220
 1174.000000 1.719441
 1175.000000 1.640584
 1176.000000 1.582935
 1177.000000 1.644916
 1178.000000 1.539269
 1179.000000 1.486942
 1180.000000 1.514448
 1181.000000 1.492991
 1182.000000 1.681198
 1183.000000 1.728072
 1184.000000 1.817035
 1185.000000 1.734365
 1186.000000 1.725422
 1187.000000 1.739938
 1188.000000 1.843942
 1189.000000 1.712539
 1190.000000 1.760835
 1191.000000 1.816927
 1192.000000 1.745104
 1193.000000 1.776186
 1194.000000 1.765373
 1195.000000 1.680304
 1196.000000 1.745946
 1197.000000 1.814896
 1198.000000 1.641388
 1199.000000 1.598668
 1200.000000 1.677005
 1201.000000 1.693282
 1202.000000 1.814504
 1203.000000 1.826174
 1204.000000 1.780994
 1205.000000 1.781070
 1206.000000 1.770463
 1207.000000 1.757867
 1208.000000 1.813401
 1209.000000 1.795409
 1210.000000 1.896415
 1211.000000 1.747480
 1212.000000 1.730015
 1213.000000 1.661257
 1214.000000 1.769210
 1215.000000 1.724883
 1216.000000 1.679426
 1217.000000 1.787180
 1218.000000 1.765180
 1219.000000 1.698899
 1220.000000 1.733793
 1221.000000 1.728128
 1222.000000 1.659477
 1223.000000 1.650753
 1224.000000 1.815989
 1225.000000 1.765627
 1226.000000 1.835341
 1227.000000 1.831253
 1228.000000 1.905233
 1229.000000 1.835879
 1230.000000 1.835071
 1231.000000 1.797239
 1232.000000 1.958475
 1233.000000 1.913077
 1234.000000 2.009354
 1235.000000 1.982661
 1236.000000 1.997243
 1237.000000 2.065538
 1238.000000 1.949553
 1239.000000 1.916512
 1240.000000 1.958133
 1241.000000 1.985728
 1242.000000 1.913360
 1243.000000 1.843166
 1244.000000 1.764980
 1245.000000 1.750621
 1246.000000 1.686371
 1247.000000 1.681414
 1248.000000 1.780306
 1249.000000 1.723079
 1250.000000 1.648202
 1251.000000 1.762186
 1252.000000 1.764210
 1253.000000 1.710892
 1254.000000 1.654582
 1255.000000 1.662772
 1256.000000 1.646379
 1257.000000 1.665660
 1258.000000 1.640697
 1259.000000 1.664326
 1260.000000 1.542035
 1261.000000 1.577528
 1262.000000 1.663023
 1263.000000 1.717430
 1264.000000 1.761140
 1265.000000 1.596660
 1266.000000 1.496052
 1267.000000 1.512247
 1268.000000 1.439125
 1269.000000 1.455844
 1270.000000 1.275549
 1271.000000 1.434678
 1272.000000 1.517409
 1273.000000 1.542121
 1274.000000 1.594635
 1275.000000 1.709514
 1276.000000 1.697677
 1277.000000 1.689792
 1278.000000 1.673261
 1279.000000 1.786570
 1280.000000 1.628774
 1281.000000 1.701097
 1282.000000 1.690145
 1283.000000 1.695966
 1284.000000 1.684874
 1285.000000 1.605852
 1286.000000 1.809597
 1287.000000 1.585113
 1288.000000 1.639298
 1289.000000 1.633437
 1290.000000 1.544123
 1291.000000 1.498611
 1292.000000 1.374001
 1293.000000 1.501351
 1294.000000 1.528805
 1295.000000 1.665504
 1296.000000 1.684021
 1297.000000 1.618733
 1298.000000 1.643962
 1299.000000 1.540881
 1300.000000 1.693414
 1301.000000 1.738388
 1302.000000 1.587522
 1303.000000 1.680285
 1304.000000 1.531129
 1305.000000 1.645105
 1306.000000 1.575071
 1307.000000 1.568444
 1308.000000 1.498932
 1309.000000 1.600413
 1310.000000 1.532929
 1311.000000 1.667446
 1312.000000 1.609950
 1313.000000 1.686477
 1314.000000 1.685816
 1315.000000 1.801036
 1316.000000 1.792479
 1317.000000 1.671793
 1318.000000 1.674257
 1319.000000 1.523955
 1320.000000 1.667417
 1321.000000 1.534814
 1322.000000 1.567426
 1323.000000 1.536989
 1324.000000 1.426069
 1325.000000 1.605408
 1326.000000 1.579330
 1327.000000 1.561550
 1328.000000 1.644529
 1329.000000 1.704467
 1330.000000 1.809633
 1331.000000 1.651203
 1332.000000 1.635513
 1333.000000 1.727701
 1334.000000 1.648826
 1335.000000 1.637923
 1336.000000 1.765751
 1337.000000 1.762328
 1338.000000 1.798040
 1339.000000 1.731192
 1340.000000 1.715250
 1341.000000 1.644998
 1342.000000 1.663200
 1343.000000 1.764595
 1344.000000 1.675271
 1345.000000 1.674193
 1346.000000 1.747868
 1347.000000 1.695823
 1348.000000 1.783825
 1349.000000 1.658481
 1350.000000 1.554053
 1351.000000 1.624329
 1352.000000 1.631104
 1353.000000 1.589371
 1354.000000 1.829108
 1355.000000 1.561300
 1356.000000 1.701766
 1357.000000 1.694091
 1358.000000 1.792608
 1359.000000 1.697242
 1360.000000 1.627153
 1361.000000 1.424060
 1362.000000 1.620800
 1363.000000 1.602063
 1364.000000 1.647233
 1365.000000 1.473852
 1366.000000 1.668000
 1367.000000 1.686282
 1368.000000 1.687733
 1369.000000 1.530911
 1370.000000 1.783998
 1371.000000 1.572688
 1372.000000 1.680359
 1373.000000 1.587725
 1374.000000 1.617064
 1375.000000 1.741898
 1376.000000 1.666326
 1377.000000 1.598545
 1378.000000 1.661449
 1379.000000 1.748187
 1380.000000 1.770320
 1381.000000 1.765073
 1382.000000 1.782202
 1383.000000 1.826059
 1384.000000 1.792526
 1385.000000 1.900259
 1386.000000 1.925624
 1387.000000 1.897911
 1388.000000 1.581271
 1389.000000 1.544339
 1390.000000 1.492616
 1391.000000 1.531527
 1392.000000 1.610234
 1393.000000 1.352705
 1394.000000 1.556374
 1395.000000 1.621673
 1396.000000 1.434169
 1397.000000 1.593754
 1398.000000 2.001868
 1399.000000 1.848225
 1400.000000 1.802073
 1401.000000 1.550564
 1402.000000 1.620189
 1403.000000 1.465516
 1404.000000 1.515730
 1405.000000 1.442475
 1406.000000 1.536649
 1407.000000 1.715737
 1408.000000 1.335234
 1409.000000 1.403565
 1410.000000 1.462700
 1411.000000 1.271797
 1412.000000 1.370797
 1413.000000 1.303279
 1414.000000 1.478895
 1415.000000 1.572539
 1416.000000 1.389266
 1417.000000 1.486200
 1418.000000 1.606896
 1419.000000 1.626096
 1420.000000 1.554010
 1421.000000 1.589253
 1422.000000 1.462170
 1423.000000 1.588881
 1424.000000 1.540279
 1425.000000 1.385530
 1426.000000 1.196385
 1427.000000 1.431630
 1428.000000 1.707638
 1429.000000 1.354491
 1430.000000 1.411142
 1431.000000 1.729898
 1432.000000 1.645869
 1433.000000 1.943601
 1434.000000 1.759879
 1435.000000 1.838037
 1436.000000 1.646603
 1437.000000 1.755045
 1438.000000 1.793253
 1439.000000 1.773889
 1440.000000 1.755461
 1441.000000 1.688939
 1442.000000 1.711219
 1443.000000 1.754446
 1444.000000 1.672191
 1445.000000 1.656250
 1446.000000 1.709148
 1447.000000 1.698317
 1448.000000 1.761116
 1449.000000 1.761836
 1450.000000 1.644583
 1451.000000 1.662721
 1452.000000 1.544168
 1453.000000 1.695706
 1454.000000 1.812638
 1455.000000 1.764256
 1456.000000 1.546227
 1457.000000 1.458243
 1458.000000 1.452346
 1459.000000 1.609875
 1460.000000 1.577977
 1461.000000 1.752965
 1462.000000 1.835210
 1463.000000 1.867064
 1464.000000 1.740576
 1465.000000 1.784257
 1466.000000 1.814871
 1467.000000 1.628129
 1468.000000 1.710440
 1469.000000 1.798332
 1470.000000 1.943185
 1471.000000 1.822973
 1472.000000 1.764413
 1473.000000 1.918840
 1474.000000 1.827921
 1475.000000 1.825037
 1476.000000 1.752406
 1477.000000 1.911150
 1478.000000 1.800703
 1479.000000 1.883405
 1480.000000 1.871857
 1481.000000 1.737336
 1482.000000 1.837579
 1483.000000 1.794605
 1484.000000 1.800657
 1485.000000 1.902732
 1486.000000 1.842358
 1487.000000 1.808809
 1488.000000 1.728596
 1489.000000 1.786920
 1490.000000 1.724824
 1491.000000 1.785684
 1492.000000 1.873578
 1493.000000 1.850257
 1494.000000 1.936094
 1495.000000 1.871794
 1496.000000 1.847551
 1497.000000 1.897993
 1498.000000 1.946965
 1499.000000 1.896534
 1500.000000 1.791663
 1501.000000 1.846474
 1502.000000 1.808073
 1503.000000 1.872063
 1504.000000 1.817688
 1505.000000 1.690306
 1506.000000 1.939729
 1507.000000 1.798508
 1508.000000 1.778096
 1509.000000 1.785176
 1510.000000 1.739642
 1511.000000 1.832460
 1512.000000 1.856078
 1513.000000 1.765407
 1514.000000 1.738220
 1515.000000 1.752464
 1516.000000 1.683766
 1517.000000 1.626207
 1518.000000 1.598064
 1519.000000 1.782940
 1520.000000 1.723397
 1521.000000 1.706357
 1522.000000 1.803247
 1523.000000 1.762583
 1524.000000 1.636430
 1525.000000 1.645860
 1526.000000 1.749039
 1527.000000 1.681654
 1528.000000 1.786409
 1529.000000 1.749855
 1530.000000 1.719025
 1531.000000 1.753979
 1532.000000 1.814457
 1533.000000 1.751295
 1534.000000 1.830109
 1535.000000 1.861550
 1536.000000 1.789393
 1537.000000 1.756597
 1538.000000 1.866958
 1539.000000 1.957409
 1540.000000 1.967054
 1541.000000 1.909310
 1542.000000 1.899379
 1543.000000 1.855578
 1544.000000 1.780330
 1545.000000 2.074540
 1546.000000 2.123271
 1547.000000 1.809644
 1548.000000 1.817860
 1549.000000 1.846137
 1550.000000 1.864679
 1551.000000 1.957748
 1552.000000 1.846979
 1553.000000 2.039460
 1554.000000 1.903831
 1555.000000 1.847085
 1556.000000 1.803522
 1557.000000 1.794797
 1558.000000 1.966336
 1559.000000 1.788984
 1560.000000 1.809302
 1561.000000 1.772340
 1562.000000 1.898908
 1563.000000 1.804416
 1564.000000 1.809547
 1565.000000 1.828017
 1566.000000 1.835051
 1567.000000 1.602233
 1568.000000 1.749463
 1569.000000 1.742385
 1570.000000 1.811452
 1571.000000 1.771567
 1572.000000 1.796142
 1573.000000 1.890466
 1574.000000 2.023000
 1575.000000 1.900477
 1576.000000 1.814007
 1577.000000 1.803744
 1578.000000 1.712495
 1579.000000 1.787704
 1580.000000 1.843732
 1581.000000 1.849204
 1582.000000 1.880371
 1583.000000 1.828822
 1584.000000 1.877092
 1585.000000 1.871600
 1586.000000 1.792186
 1587.000000 1.685985
 1588.000000 1.745115
 1589.000000 1.697630
 1590.000000 1.749143
 1591.000000 1.777607
 1592.000000 1.791778
 1593.000000 1.680022
 1594.000000 1.714125
 1595.000000 1.816478
 1596.000000 1.613262
 1597.000000 1.661112
 1598.000000 1.746112
 1599.000000 1.723857
 1600.000000 1.689296
 1601.000000 1.802511
 1602.000000 1.615924
 1603.000000 1.688273
 1604.000000 1.659311
 1605.000000 1.606172
 1606.000000 1.736069
 1607.000000 1.779949
 1608.000000 1.777384
 1609.000000 1.880670
 1610.000000 1.824036
 1611.000000 1.885667
 1612.000000 1.856786
 1613.000000 2.003851
 1614.000000 1.980655
 1615.000000 1.843466
 1616.000000 1.764906
 1617.000000 1.835730
 1618.000000 1.868211
 1619.000000 1.703550
 1620.000000 1.772518
 1621.000000 1.693994
 1622.000000 1.693227
 1623.000000 1.745898
 1624.000000 1.686298
 1625.000000 1.806089
 1626.000000 1.740795
 1627.000000 1.677253
 1628.000000 1.686927
 1629.000000 1.713701
 1630.000000 1.681999
 1631.000000 1.622148
 1632.000000 1.725641
 1633.000000 1.737780
 1634.000000 1.655668
 1635.000000 1.687616
 1636.000000 1.763461
 1637.000000 1.641645
 1638.000000 1.653500
 1639.000000 1.245796
 1640.000000 1.255461
 1641.000000 1.280649
 1642.000000 1.299367
 1643.000000 1.230018
 1644.000000 1.356924
 1645.000000 1.227549
 1646.000000 1.304045
 1647.000000 1.298093
 1648.000000 1.278779
 1649.000000 1.215962
 1650.000000 1.377392
 1651.000000 1.317759
 1652.000000 1.245429
 1653.000000 1.285224
 1654.000000 1.398859
 1655.000000 1.195199
 1656.000000 1.199112
 1657.000000 1.253024
 1658.000000 0.942959
 1659.000000 0.818958
 1660.000000 0.700886
 1661.000000 1.149661
 1662.000000 1.116974
 1663.000000 1.082223
 1664.000000 0.589718
 1665.000000 0.450495
 1666.000000 0.178129
 1667.000000 0.554463
 1668.000000 0.428777
 1669.000000 0.549740
 1670.000000 0.351870
 1671.000000 0.917672
 1672.000000 0.899258
 1673.000000 0.942779
 1674.000000 1.415835
 1675.000000 1.552917
 1676.000000 1.095463
 1677.000000 1.744136
 1678.000000 2.491223
 1679.000000 3.209036
 1680.000000 3.449772
 1681.000000 4.051871
 1682.000000 4.056461
 1683.000000 4.073614
 1684.000000 3.905662
 1685.000000 3.005663
 1686.000000 3.103882
 1687.000000 3.069606
 1688.000000 3.227781
 1689.000000 3.379894
 1690.000000 4.625879
 1691.000000 3.532937
 1692.000000 3.361773
 1693.000000 4.599873
 1694.000000 3.999302
 1695.000000 3.824092
 1696.000000 3.371607
 1697.000000 3.006040
 1698.000000 3.168917
 1699.000000 2.066193
 1700.000000 1.594611
 1701.000000 2.060083
 1702.000000 3.165679
 1703.000000 3.721358
 1704.000000 5.164984
 1705.000000 4.853233
 1706.000000 3.554384
 1707.000000 2.939169
 1708.000000 2.190679
 1709.000000 3.979871
 1710.000000 3.341393
 1711.000000 3.288196
 1712.000000 3.446002
 1713.000000 2.972203
 1714.000000 2.577792
 1715.000000 3.899076
 1716.000000 4.416390
 1717.000000 3.761872
 1718.000000 3.179289
 1719.000000 4.329752
 1720.000000 4.742673
 1721.000000 4.701727
 1722.000000 4.452774
 1723.000000 3.963116
 1724.000000 3.558123
 1725.000000 2.421022
 1726.000000 1.654803
 1727.000000 1.356817
 1728.000000 1.266782
 1729.000000 1.147791
 1730.000000 1.496469
 1731.000000 0.395152
 1732.000000 0.639424
 1733.000000 0.874885
 1734.000000 0.885426
 1735.000000 0.754297
 1736.000000 1.270224
 1737.000000 1.663152
 1738.000000 1.492678
 1739.000000 2.336404
 1740.000000 2.247702
 1741.000000 2.113558
 1742.000000 2.767799
 1743.000000 2.167368
 1744.000000 3.095395
 1745.000000 2.670209
 1746.000000 2.420257
 1747.000000 2.716050
 1748.000000 3.469933
 1749.000000 2.467725
 1750.000000 1.946749
 1751.000000 3.047530
 1752.000000 3.541075
 1753.000000 3.664923
 1754.000000 3.490410
 1755.000000 4.041374
 1756.000000 3.471394
 1757.000000 2.527439
 1758.000000 2.553763
 1759.000000 2.375248
 1760.000000 2.378089
 1761.000000 2.418974
 1762.000000 2.419125
 1763.000000 2.290084
 1764.000000 2.223530
 1765.000000 1.819629
 1766.000000 2.992807
 1767.000000 2.351578
 1768.000000 2.491739
 1769.000000 1.868580
 1770.000000 3.466154
 1771.000000 4.278846
 1772.000000 4.440871
 1773.000000 4.499563
 1774.000000 4.114664
 1775.000000 3.883180
 1776.000000 3.807063
 1777.000000 2.869360
 1778.000000 4.464066
 1779.000000 3.180657
 1780.000000 2.353860
 1781.000000 3.452892
 1782.000000 2.956738
 1783.000000 3.648761
 1784.000000 3.207186
 1785.000000 3.707115
 1786.000000 3.374540
 1787.000000 3.023305
 1788.000000 3.583679
 1789.000000 4.437297
 1790.000000 4.291267
 1791.000000 4.584323
 1792.000000 4.349576
 1793.000000 4.648661
 1794.000000 4.530201
 1795.000000 4.512255
 1796.000000 4.485079
 1797.000000 4.231950
 1798.000000 3.679783
 1799.000000 2.813583
 1800.000000 2.963403
 1801.000000 3.031374
 1802.000000 3.425241
 1803.000000 3.134773
 1804.000000 3.041766
 1805.000000 2.333848
 1806.000000 2.225076
 1807.000000 1.374850
 1808.000000 0.936499
 1809.000000 1.078724
 1810.000000 1.075992
 1811.000000 0.806160
 1812.000000 0.985206
 1813.000000 0.789731
 1814.000000 0.655675
 1815.000000 0.385810
 1816.000000 0.337979
 1817.000000 0.422027
 1818.000000 0.267087
 1819.000000 0.663547
 1820.000000 0.499753
 1821.000000 1.076246
 1822.000000 0.989859
 1823.000000 0.754498
 1824.000000 0.890130
 1825.000000 0.597214
 1826.000000 1.093775
 1827.000000 0.881415
 1828.000000 0.487817
 1829.000000 0.419226
 1830.000000 1.789630
 1831.000000 2.801794
 1832.000000 4.112555
 1833.000000 3.882245
 1834.000000 3.349948
 1835.000000 2.986017
 1836.000000 2.569137
 1837.000000 2.911412
 1838.000000 3.259806
 1839.000000 3.643676
 1840.000000 3.443113
 1841.000000 3.229431
 1842.000000 3.406130
 1843.000000 3.344431
 1844.000000 3.383718
 1845.000000 3.313131
 1846.000000 3.380381
 1847.000000 3.750720
 1848.000000 3.489902
 1849.000000 3.805366
 1850.000000 3.781794
 1851.000000 3.378194
 1852.000000 3.359116
 1853.000000 3.898210
 1854.000000 3.273479
 1855.000000 3.904027
 1856.000000 3.848142
 1857.000000 3.788075
 1858.000000 2.855078
 1859.000000 3.091551
 1860.000000 3.326544
 1861.000000 4.255238
 1862.000000 4.014335
 1863.000000 3.614943
 1864.000000 2.877502
 1865.000000 4.037273
 1866.000000 3.328274
 1867.000000 3.276073
 1868.000000 2.747589
 1869.000000 2.016387
 1870.000000 3.623848
 1871.000000 4.250745
 1872.000000 3.228611
 1873.000000 3.197724
 1874.000000 4.284278
 1875.000000 4.388203
 1876.000000 4.152224
 1877.000000 4.170244
 1878.000000 4.218408
 1879.000000 4.193360
 1880.000000 4.221582
 1881.000000 4.238371
 1882.000000 4.374347
 1883.000000 4.065844
 1884.000000 3.980800
 1885.000000 4.127087
 1886.000000 4.151250
 1887.000000 4.121778
 1888.000000 4.107845
 1889.000000 4.065901
 1890.000000 4.179000
 1891.000000 4.355127
 1892.000000 4.337764
 1893.000000 4.262733
 1894.000000 4.167529
 1895.000000 4.223881
 1896.000000 4.189568
 1897.000000 4.367108
 1898.000000 3.949684
 1899.000000 4.157342
 1900.000000 2.630878
 1901.000000 2.857917
 1902.000000 3.148504
 1903.000000 3.133666
 1904.000000 2.675162
 1905.000000 3.318495
 1906.000000 3.263867
 1907.000000 4.406437
 1908.000000 4.254245
 1909.000000 4.174038
 1910.000000 4.696515
 1911.000000 3.432783
 1912.000000 3.967261
 1913.000000 4.741671
 1914.000000 4.581274
 1915.000000 3.231728
 1916.000000 2.858955
 1917.000000 3.871971
 1918.000000 3.245899
 1919.000000 3.424742
 1920.000000 2.909481
 1921.000000 2.970403
 1922.000000 2.526075
 1923.000000 2.201250
 1924.000000 2.306797
 1925.000000 2.100487
 1926.000000 1.753786
 1927.000000 1.784215
 1928.000000 1.430244
 1929.000000 1.978473
 1930.000000 2.102015
 1931.000000 2.302597
 1932.000000 1.754212
 1933.000000 1.944695
 1934.000000 1.804508
 1935.000000 1.705368
 1936.000000 2.172958
 1937.000000 2.934198
 1938.000000 1.536967
 1939.000000 1.337174
 1940.000000 1.374758
 1941.000000 1.282857
 1942.000000 0.985798
 1943.000000 0.817524
 1944.000000 0.568387
 1945.000000 0.688106
 1946.000000 0.790882
 1947.000000 0.691497
 1948.000000 0.745873
 1949.000000 0.930479
 1950.000000 0.179624
 1951.000000 0.174462
 1952.000000 0.186457
 1953.000000 0.163209
 1954.000000 0.157356
 1955.000000 0.188903
 1956.000000 0.176779
 1957.000000 0.165949
 1958.000000 0.182292
 1959.000000 0.175080
 1960.000000 0.548731
 1961.000000 0.544581
 1962.000000 0.768129
 1963.000000 0.400717
 1964.000000 1.298636
 1965.000000 2.495193
 1966.000000 2.792703
 1967.000000 3.026752
 1968.000000 3.353058
 1969.000000 3.877337
 1970.000000 3.614271
 1971.000000 3.587726
 1972.000000 3.993113
 1973.000000 3.229969
 1974.000000 3.913367
 1975.000000 3.383495
 1976.000000 3.646463
 1977.000000 3.277929
 1978.000000 3.605321
 1979.000000 4.084440
 1980.000000 3.629738
 1981.000000 4.432483
 1982.000000 4.471242
 1983.000000 4.818554
 1984.000000 4.455096
 1985.000000 4.401483
 1986.000000 4.129805
 1987.000000 3.223508
 1988.000000 3.233734
 1989.000000 2.955621
 1990.000000 3.290301
 1991.000000 2.935832
 1992.000000 4.272261
 1993.000000 3.901661
 1994.000000 3.246458
 1995.000000 3.496335
 1996.000000 3.380953
 1997.000000 3.885260
 1998.000000 3.761005
 1999.000000 3.682135
 2000.000000 3.530645
 2001.000000 3.998995
 2002.000000 3.388384
 2003.000000 3.675476
 2004.000000 3.872055
 2005.000000 4.003992
 2006.000000 3.825582
 2007.000000 3.655515
 2008.000000 3.607140
 2009.000000 4.019628
 2010.000000 3.681474
 2011.000000 3.901220
 2012.000000 3.770252
 2013.000000 3.018232
 2014.000000 3.540853
 2015.000000 3.615425
 2016.000000 3.558190
 2017.000000 3.700775
 2018.000000 3.972693
 2019.000000 4.331166
 2020.000000 4.218963
 2021.000000 4.221880
 2022.000000 4.188458
 2023.000000 4.281808
 2024.000000 4.297366
