#! FIELDS time r15.min
 0.000000 2.194686
 1.000000 2.634024
 2.000000 1.610307
 3.000000 2.322260
 4.000000 1.098566
 5.000000 0.732482
 6.000000 0.197983
 7.000000 0.236324
 8.000000 0.291542
 9.000000 1.895602
 10.000000 2.441954
 11.000000 2.114450
 12.000000 3.507430
 13.000000 4.169899
 14.000000 3.402658
 15.000000 3.868187
 16.000000 4.034626
 17.000000 4.260784
 18.000000 4.035349
 19.000000 3.771001
 20.000000 3.950199
 21.000000 4.000806
 22.000000 3.816628
 23.000000 3.836382
 24.000000 4.134870
 25.000000 2.546360
 26.000000 2.214960
 27.000000 2.924230
 28.000000 2.461836
 29.000000 2.546077
 30.000000 2.327600
 31.000000 2.911000
 32.000000 3.918092
 33.000000 4.049062
 34.000000 1.749618
 35.000000 2.544436
 36.000000 3.705083
 37.000000 3.614220
 38.000000 4.697404
 39.000000 3.464711
 40.000000 3.900418
 41.000000 3.590226
 42.000000 4.068135
 43.000000 3.807836
 44.000000 2.530467
 45.000000 1.875337
 46.000000 2.398990
 47.000000 2.621678
 48.000000 2.696050
 49.000000 2.911073
 50.000000 2.439750
 51.000000 2.503577
 52.000000 2.514756
 53.000000 2.815242
 54.000000 2.151131
 55.000000 2.048282
 56.000000 2.122671
 57.000000 1.919217
 58.000000 2.335471
 59.000000 2.387206
 60.000000 2.417562
 61.000000 2.228145
 62.000000 2.256571
 63.000000 2.118408
 64.000000 2.356687
 65.000000 1.811226
 66.000000 2.784840
 67.000000 3.808538
 68.000000 3.568627
 69.000000 3.964620
 70.000000 3.853364
 71.000000 2.928692
 72.000000 3.784522
 73.000000 4.302052
 74.000000 3.938188
 75.000000 2.613170
 76.000000 4.171430
 77.000000 3.613221
 78.000000 2.416424
 79.000000 3.944414
 80.000000 3.845060
 81.000000 4.002501
 82.000000 3.710605
 83.000000 3.771917
 84.000000 3.114296
 85.000000 2.399560
 86.000000 2.730154
 87.000000 3.932018
 88.000000 4.221829
 89.000000 3.443317
 90.000000 4.642348
 91.000000 4.680031
 92.000000 4.644989
 93.000000 4.506180
 94.000000 4.600248
 95.000000 4.749312
 96.000000 4.297387
 97.000000 3.559254
 98.000000 2.524140
 99.000000 2.321964
 100.000000 3.360220
 101.000000 2.757026
 102.000000 4.038989
 103.000000 3.403475
 104.000000 4.086755
 105.000000 3.577766
 106.000000 4.489892
 107.000000 3.177450
 108.000000 1.648675
 109.000000 1.608356
 110.000000 1.653691
 111.000000 2.130444
 112.000000 2.542721
 113.000000 2.893248
 114.000000 3.343216
 115.000000 3.244483
 116.000000 3.294261
 117.000000 3.129596
 118.000000 3.112269
 119.000000 2.810173
 120.000000 2.905023
 121.000000 2.992463
 122.000000 3.183242
 123.000000 2.971709
 124.000000 3.331940
 125.000000 3.127337
 126.000000 3.386471
 127.000000 2.684895
 128.000000 2.920835
 129.000000 2.157901
 130.000000 2.020098
 131.000000 1.977979
 132.000000 1.618273
 133.000000 1.613691
 134.000000 1.774488
 135.000000 1.863877
 136.000000 2.194286
 137.000000 2.240574
 138.000000 1.900413
 139.000000 1.875273
 140.000000 2.006622
 141.000000 2.070801
 142.000000 3.059386
 143.000000 2.681243
 144.000000 2.553659
 145.000000 2.145417
 146.000000 3.664830
 147.000000 3.317759
 148.000000 2.866996
 149.000000 2.971580
 150.000000 3.818086
 151.000000 3.897891
 152.000000 3.283384
 153.000000 3.850981
 154.000000 3.787892
 155.000000 4.085152
 156.000000 3.464438
 157.000000 2.811672
 158.000000 2.971866
 159.000000 2.564251
 160.000000 3.028431
 161.000000 4.178374
 162.000000 3.569874
 163.000000 3.756281
 164.000000 3.457178
 165.000000 3.158337
 166.000000 2.789757
 167.000000 2.251849
 168.000000 4.002210
 169.000000 2.879636
 170.000000 2.918775
 171.000000 2.521612
 172.000000 2.995280
 173.000000 3.110559
 174.000000 3.005014
 175.000000 3.056078
 176.000000 2.974755
 177.000000 2.913486
 178.000000 2.775904
 179.000000 3.125171
 180.000000 2.953918
 181.000000 2.983970
 182.000000 2.874910
 183.000000 2.893530
 184.000000 2.831603
 185.000000 3.041025
 186.000000 2.921698
 187.000000 3.146831
 188.000000 3.164170
 189.000000 3.055997
 190.000000 3.176039
 191.000000 3.281776
 192.000000 3.440994
 193.000000 3.013664
 194.000000 3.341008
 195.000000 3.217555
 196.000000 3.287079
 197.000000 3.333748
 198.000000 3.122370
 199.000000 3.008448
 200.000000 2.968950
 201.000000 2.925561
 202.000000 2.949893
 203.000000 3.102736
 204.000000 3.981909
 205.000000 3.359436
 206.000000 3.100897
 207.000000 2.851617
 208.000000 3.022040
 209.000000 3.150487
 210.000000 3.526433
 211.000000 3.431239
 212.000000 2.793392
 213.000000 2.731207
 214.000000 3.164635
 215.000000 3.263008
 216.000000 3.282852
 217.000000 2.791920
 218.000000 3.073624
 219.000000 3.315627
 220.000000 3.130818
 221.000000 3.314244
 222.000000 3.237694
 223.000000 3.544086
 224.000000 3.732747
 225.000000 4.023466
 226.000000 3.794429
 227.000000 3.753814
 228.000000 3.742032
 229.000000 3.652474
 230.000000 3.540974
 231.000000 3.582080
 232.000000 3.447688
 233.000000 3.688114
 234.000000 3.692085
 235.000000 3.780584
 236.000000 3.806500
 237.000000 3.700534
 238.000000 3.501335
 239.000000 3.563192
 240.000000 3.817999
 241.000000 3.832936
 242.000000 4.011544
 243.000000 3.906119
 244.000000 3.962343
 245.000000 3.471818
 246.000000 2.860435
 247.000000 3.139231
 248.000000 3.282230
 249.000000 3.283964
 250.000000 3.447248
 251.000000 3.920906
 252.000000 4.359287
 253.000000 4.363784
 254.000000 4.278149
 255.000000 3.776195
 256.000000 3.544894
 257.000000 3.057572
 258.000000 2.838656
 259.000000 3.093732
 260.000000 2.301774
 261.000000 1.923788
 262.000000 3.821774
 263.000000 3.614597
 264.000000 3.629033
 265.000000 1.698583
 266.000000 2.519825
 267.000000 3.117987
 268.000000 3.195653
 269.000000 3.651297
 270.000000 4.083902
 271.000000 4.000360
 272.000000 3.032752
 273.000000 4.351506
 274.000000 3.917342
 275.000000 3.184494
 276.000000 3.221913
 277.000000 3.592957
 278.000000 2.387300
 279.000000 3.597066
 280.000000 2.968580
 281.000000 3.972714
 282.000000 2.827591
 283.000000 3.069096
 284.000000 1.053888
 285.000000 3.775086
 286.000000 3.278340
 287.000000 4.322079
 288.000000 3.617242
 289.000000 2.127213
 290.000000 2.977254
 291.000000 4.061001
 292.000000 3.734544
 293.000000 4.114075
 294.000000 3.937883
 295.000000 3.550865
 296.000000 2.943787
 297.000000 3.261950
 298.000000 2.803893
 299.000000 1.936530
 300.000000 1.776012
 301.000000 2.341868
 302.000000 2.842359
 303.000000 3.532663
 304.000000 4.093843
 305.000000 3.517917
 306.000000 3.700935
 307.000000 3.542126
 308.000000 2.423284
 309.000000 2.600606
 310.000000 1.575899
 311.000000 0.205253
 312.000000 2.401890
 313.000000 3.119074
 314.000000 3.148631
 315.000000 2.699588
 316.000000 3.617464
 317.000000 3.882349
 318.000000 3.871208
 319.000000 3.194628
 320.000000 3.872999
 321.000000 3.268248
 322.000000 2.584036
 323.000000 3.169407
 324.000000 3.516930
 325.000000 3.805879
 326.000000 4.151078
 327.000000 3.802113
 328.000000 2.585487
 329.000000 3.430215
 330.000000 2.190114
 331.000000 2.911139
 332.000000 2.939893
 333.000000 2.326422
 334.000000 1.319116
 335.000000 2.983652
 336.000000 3.704274
 337.000000 3.866482
 338.000000 3.454079
 339.000000 3.923724
 340.000000 4.327982
 341.000000 4.003251
 342.000000 3.778372
 343.000000 3.861884
 344.000000 3.505363
 345.000000 3.503016
 346.000000 3.160024
 347.000000 3.446087
 348.000000 3.857300
 349.000000 3.651549
 350.000000 3.329108
 351.000000 3.169012
 352.000000 3.134799
 353.000000 3.407845
 354.000000 3.606365
 355.000000 3.151280
 356.000000 3.195950
 357.000000 3.299216
 358.000000 2.407545
 359.000000 2.726148
 360.000000 3.322431
 361.000000 3.462547
 362.000000 3.585969
 363.000000 4.034857
 364.000000 4.212158
 365.000000 4.114257
 366.000000 3.972271
 367.000000 4.193424
 368.000000 3.876433
 369.000000 4.227756
 370.000000 4.298063
 371.000000 4.101491
 372.000000 3.732110
 373.000000 4.009939
 374.000000 3.868548
 375.000000 3.881978
 376.000000 3.682200
 377.000000 3.999829
 378.000000 3.940673
 379.000000 4.045570
 380.000000 3.554372
 381.000000 3.317589
 382.000000 3.501772
 383.000000 3.496701
 384.000000 3.798913
 385.000000 3.930554
 386.000000 4.255672
 387.000000 4.099418
 388.000000 4.191763
 389.000000 4.262442
 390.000000 4.155700
 391.000000 4.364086
 392.000000 4.204736
 393.000000 4.270644
 394.000000 4.369857
 395.000000 4.187200
 396.000000 4.338031
 397.000000 4.090304
 398.000000 4.380182
 399.000000 4.179973
 400.000000 4.175649
 401.000000 4.254242
 402.000000 3.916076
 403.000000 4.154873
 404.000000 4.155654
 405.000000 4.083823
 406.000000 4.052813
 407.000000 4.021342
 408.000000 4.059393
 409.000000 3.904932
 410.000000 3.833511
 411.000000 4.053016
 412.000000 3.990371
 413.000000 3.975688
 414.000000 4.070095
 415.000000 4.132559
 416.000000 4.031464
 417.000000 4.198870
 418.000000 4.279897
 419.000000 4.295541
 420.000000 4.266965
 421.000000 4.338906
 422.000000 4.374039
 423.000000 4.451687
 424.000000 4.710605
 425.000000 4.667236
 426.000000 4.804130
 427.000000 4.881034
 428.000000 4.991099
 429.000000 3.246110
 430.000000 4.826958
 431.000000 4.719836
 432.000000 4.904522
 433.000000 4.882218
 434.000000 4.848838
 435.000000 4.879745
 436.000000 4.813001
 437.000000 5.046885
 438.000000 4.954471
 439.000000 4.954293
 440.000000 4.976715
 441.000000 4.726785
 442.000000 4.746562
 443.000000 3.075849
 444.000000 3.565542
 445.000000 3.584379
 446.000000 4.443320
 447.000000 3.998710
 448.000000 2.589023
 449.000000 4.217407
 450.000000 4.464870
 451.000000 4.847491
 452.000000 3.777539
 453.000000 4.112107
 454.000000 3.435868
 455.000000 4.220542
 456.000000 4.382600
 457.000000 3.386291
 458.000000 3.246149
 459.000000 3.882691
 460.000000 3.868439
 461.000000 2.800064
 462.000000 2.839816
 463.000000 3.899306
 464.000000 3.177226
 465.000000 2.976581
 466.000000 4.052785
 467.000000 3.150641
 468.000000 3.793862
 469.000000 4.248124
 470.000000 4.215590
 471.000000 4.491339
 472.000000 4.083580
 473.000000 3.612182
 474.000000 2.363822
 475.000000 3.017058
 476.000000 3.242558
 477.000000 2.481311
 478.000000 0.453819
 479.000000 1.258281
 480.000000 1.314382
 481.000000 1.408159
 482.000000 2.205193
 483.000000 3.275961
 484.000000 3.323685
 485.000000 2.802672
 486.000000 3.777453
 487.000000 3.454689
 488.000000 2.552367
 489.000000 2.701625
 490.000000 3.066719
 491.000000 1.511044
 492.000000 2.204235
 493.000000 2.957224
 494.000000 3.020943
 495.000000 3.386371
 496.000000 3.373686
 497.000000 3.602219
 498.000000 3.891785
 499.000000 4.075300
 500.000000 4.098380
 501.000000 4.093086
 502.000000 3.983688
 503.000000 3.979947
 504.000000 3.732369
 505.000000 3.070209
 506.000000 3.393947
 507.000000 3.343700
 508.000000 1.778854
 509.000000 2.543142
 510.000000 3.346976
 511.000000 3.790590
 512.000000 2.852023
 513.000000 3.168657
 514.000000 3.125708
 515.000000 2.907891
 516.000000 4.568709
 517.000000 3.978769
 518.000000 3.303742
 519.000000 1.933409
 520.000000 2.993044
 521.000000 3.895053
 522.000000 3.774700
 523.000000 1.577055
 524.000000 1.854540
 525.000000 1.692295
 526.000000 0.899060
 527.000000 0.902476
 528.000000 2.337465
 529.000000 3.045536
 530.000000 2.917572
 531.000000 3.798396
 532.000000 3.683720
 533.000000 3.326043
 534.000000 1.992886
 535.000000 2.328488
 536.000000 2.450132
 537.000000 2.965955
 538.000000 2.899609
 539.000000 3.051218
 540.000000 2.625026
 541.000000 3.087456
 542.000000 3.668371
 543.000000 3.049976
 544.000000 3.169152
 545.000000 2.733645
 546.000000 3.193498
 547.000000 3.394352
 548.000000 3.569868
 549.000000 3.609997
 550.000000 3.640052
 551.000000 3.571174
 552.000000 3.875288
 553.000000 3.681033
 554.000000 3.913534
 555.000000 4.050266
 556.000000 3.991841
 557.000000 3.565671
 558.000000 3.506933
 559.000000 3.679181
 560.000000 3.578416
 561.000000 3.628159
 562.000000 3.615737
 563.000000 3.461543
 564.000000 3.369569
 565.000000 3.247029
 566.000000 3.252381
 567.000000 3.358535
 568.000000 3.493132
 569.000000 2.773917
 570.000000 2.447836
 571.000000 2.509775
 572.000000 2.945482
 573.000000 2.814116
 574.000000 2.991749
 575.000000 2.884025
 576.000000 2.522721
 577.000000 1.795809
 578.000000 2.731219
 579.000000 3.514578
 580.000000 2.727989
 581.000000 3.372021
 582.000000 3.446937
 583.000000 2.953210
 584.000000 2.861555
 585.000000 1.477344
 586.000000 2.733995
 587.000000 3.038776
 588.000000 2.677924
 589.000000 3.315504
 590.000000 3.939318
 591.000000 3.113590
 592.000000 4.352919
 593.000000 4.480992
 594.000000 4.314599
 595.000000 4.364183
 596.000000 4.566645
 597.000000 4.867711
 598.000000 4.455739
 599.000000 4.579231
 600.000000 4.669245
 601.000000 5.001602
 602.000000 4.957853
 603.000000 4.854903
 604.000000 4.962811
 605.000000 4.707924
 606.000000 4.830311
 607.000000 4.885754
 608.000000 4.916312
 609.000000 4.843278
 610.000000 4.780534
 611.000000 4.898147
 612.000000 4.758399
 613.000000 4.988835
 614.000000 4.886637
 615.000000 5.082029
 616.000000 5.030153
 617.000000 5.014315
 618.000000 4.343290
 619.000000 5.109511
 620.000000 4.988985
 621.000000 5.050974
 622.000000 5.260678
 623.000000 5.154198
 624.000000 3.953072
 625.000000 5.231572
 626.000000 5.135984
 627.000000 3.400543
 628.000000 5.193079
 629.000000 3.197375
 630.000000 3.265529
 631.000000 3.221282
 632.000000 3.022802
 633.000000 3.163977
 634.000000 5.315671
 635.000000 5.303221
 636.000000 5.316414
 637.000000 3.188184
 638.000000 3.086375
 639.000000 5.316044
 640.000000 5.129698
 641.000000 3.124084
 642.000000 5.333148
 643.000000 3.196286
 644.000000 2.950276
 645.000000 3.401270
 646.000000 5.460675
 647.000000 5.335923
 648.000000 3.620255
 649.000000 3.472277
 650.000000 3.639151
 651.000000 3.869012
 652.000000 3.911149
 653.000000 4.979774
 654.000000 5.164160
 655.000000 5.250052
 656.000000 5.034881
 657.000000 5.174904
 658.000000 4.894209
 659.000000 4.744490
 660.000000 4.354785
 661.000000 4.194489
 662.000000 4.294811
 663.000000 4.280043
 664.000000 4.243107
 665.000000 4.341310
 666.000000 3.830229
 667.000000 3.840112
 668.000000 3.926218
 669.000000 4.047083
 670.000000 3.989459
 671.000000 3.833270
 672.000000 4.042314
 673.000000 4.104809
 674.000000 4.130508
 675.000000 4.276863
 676.000000 4.266625
 677.000000 4.157035
 678.000000 4.337134
 679.000000 4.540309
 680.000000 4.424964
 681.000000 4.204809
 682.000000 4.117302
 683.000000 4.210826
 684.000000 4.127118
 685.000000 4.008385
 686.000000 4.155460
 687.000000 3.920637
 688.000000 3.981128
 689.000000 4.282360
 690.000000 4.415427
 691.000000 4.099430
 692.000000 3.988380
 693.000000 4.038461
 694.000000 3.814985
 695.000000 4.103376
 696.000000 3.817839
 697.000000 4.001250
 698.000000 4.157887
 699.000000 4.163494
 700.000000 3.907520
 701.000000 3.627907
 702.000000 3.367539
 703.000000 3.075719
 704.000000 3.465459
 705.000000 2.614377
 706.000000 3.066445
 707.000000 3.381116
 708.000000 3.289992
 709.000000 3.909756
 710.000000 4.332122
 711.000000 3.714447
 712.000000 3.310334
 713.000000 4.066554
 714.000000 3.608809
 715.000000 3.867782
 716.000000 3.586707
 717.000000 3.591090
 718.000000 2.902751
 719.000000 2.410479
 720.000000 2.454180
 721.000000 1.126440
 722.000000 2.923654
 723.000000 3.416882
 724.000000 1.775571
 725.000000 1.603721
 726.000000 3.572039
 727.000000 3.318681
 728.000000 3.597720
 729.000000 3.023435
 730.000000 3.566113
 731.000000 3.149541
 732.000000 2.023114
 733.000000 2.758083
 734.000000 4.888645
 735.000000 4.991954
 736.000000 4.305187
 737.000000 3.571461
 738.000000 4.068970
 739.000000 3.571081
 740.000000 3.952194
 741.000000 3.190553
 742.000000 4.071275
 743.000000 3.496203
 744.000000 3.497892
 745.000000 3.078590
 746.000000 3.174356
 747.000000 2.970145
 748.000000 3.569683
 749.000000 3.446688
 750.000000 4.289024
 751.000000 3.742043
 752.000000 3.938188
 753.000000 3.953480
 754.000000 3.772038
 755.000000 3.242201
 756.000000 4.014189
 757.000000 2.671472
 758.000000 2.185223
 759.000000 2.741122
 760.000000 1.699581
 761.000000 1.838085
 762.000000 1.601122
 763.000000 2.005637
 764.000000 2.944627
 765.000000 3.289963
 766.000000 3.299642
 767.000000 3.906445
 768.000000 4.337677
 769.000000 3.846266
 770.000000 3.736977
 771.000000 3.957224
 772.000000 4.179703
 773.000000 3.786889
 774.000000 3.388578
 775.000000 2.775278
 776.000000 3.032277
 777.000000 3.363934
 778.000000 2.991692
 779.000000 2.944016
 780.000000 3.677275
 781.000000 3.163979
 782.000000 3.308029
 783.000000 2.930499
 784.000000 3.184919
 785.000000 3.566748
 786.000000 4.019016
 787.000000 3.327277
 788.000000 3.302312
 789.000000 3.897424
 790.000000 3.617213
 791.000000 3.613681
 792.000000 3.774910
 793.000000 4.395542
 794.000000 4.813725
 795.000000 4.346364
 796.000000 3.897856
 797.000000 4.473765
 798.000000 4.357463
 799.000000 3.526939
 800.000000 3.246033
 801.000000 2.835911
 802.000000 2.267977
 803.000000 3.151975
 804.000000 3.051801
 805.000000 2.902946
 806.000000 2.483648
 807.000000 1.706178
 808.000000 1.511296
 809.000000 2.368183
 810.000000 2.255619
 811.000000 2.709845
 812.000000 3.018357
 813.000000 3.094266
 814.000000 3.636453
 815.000000 3.213047
 816.000000 3.883145
 817.000000 4.473148
 818.000000 4.284868
 819.000000 4.547479
 820.000000 4.038441
 821.000000 3.863377
 822.000000 3.492721
 823.000000 3.801448
 824.000000 3.480690
 825.000000 3.121365
 826.000000 3.348708
 827.000000 3.348601
 828.000000 2.887325
 829.000000 3.527915
 830.000000 3.593135
 831.000000 3.657959
 832.000000 3.359824
 833.000000 3.555697
 834.000000 3.471212
 835.000000 3.745737
 836.000000 3.743790
 837.000000 3.514984
 838.000000 3.870985
 839.000000 3.511218
 840.000000 3.734083
 841.000000 4.223271
 842.000000 2.970700
 843.000000 3.349808
 844.000000 4.143797
 845.000000 3.959633
 846.000000 3.874818
 847.000000 3.986743
 848.000000 3.609038
 849.000000 4.380121
 850.000000 4.559927
 851.000000 3.982976
 852.000000 4.092498
 853.000000 3.358068
 854.000000 3.406803
 855.000000 5.104136
 856.000000 4.046276
 857.000000 3.736214
 858.000000 4.441855
 859.000000 3.701870
 860.000000 3.044074
 861.000000 3.029566
 862.000000 2.695179
 863.000000 3.183083
 864.000000 3.632030
 865.000000 3.926472
 866.000000 3.664912
 867.000000 4.287414
 868.000000 3.551058
 869.000000 3.254526
 870.000000 3.919032
 871.000000 3.578094
 872.000000 3.419926
 873.000000 4.097095
 874.000000 3.795023
 875.000000 4.012216
 876.000000 3.774237
 877.000000 3.371228
 878.000000 2.718953
 879.000000 4.107297
 880.000000 3.323286
 881.000000 4.650586
 882.000000 3.659298
 883.000000 4.055846
 884.000000 3.472908
 885.000000 4.129404
 886.000000 3.590433
 887.000000 4.192719
 888.000000 3.185482
 889.000000 3.557050
 890.000000 3.492509
 891.000000 3.583452
 892.000000 3.925916
 893.000000 3.889477
 894.000000 3.882646
 895.000000 3.691570
 896.000000 3.363725
 897.000000 3.602950
 898.000000 3.609332
 899.000000 3.484471
 900.000000 3.279700
 901.000000 3.293450
 902.000000 3.437718
 903.000000 4.148283
 904.000000 4.090511
 905.000000 3.964083
 906.000000 3.163034
 907.000000 1.804552
 908.000000 0.982206
 909.000000 0.995882
 910.000000 0.906108
 911.000000 0.983275
 912.000000 1.035302
 913.000000 1.020401
 914.000000 0.924100
 915.000000 0.882874
 916.000000 0.934374
 917.000000 1.062712
 918.000000 0.883304
 919.000000 0.960497
 920.000000 1.174792
 921.000000 1.343742
 922.000000 1.402300
 923.000000 1.788628
 924.000000 1.991776
 925.000000 1.423385
 926.000000 1.762915
 927.000000 1.630012
 928.000000 1.591604
 929.000000 1.660518
 930.000000 1.851501
 931.000000 1.826613
 932.000000 1.599284
 933.000000 1.556360
 934.000000 1.899929
 935.000000 1.435046
 936.000000 1.455904
 937.000000 1.248805
 938.000000 1.650870
 939.000000 1.755004
 940.000000 1.695446
 941.000000 1.457810
 942.000000 1.439559
 943.000000 1.369522
 944.000000 1.164282
 945.000000 1.068920
 946.000000 1.197690
 947.000000 1.015747
 948.000000 0.862528
 949.000000 1.142915
 950.000000 1.110646
 951.000000 1.107231
 952.000000 1.192345
 953.000000 1.582223
 954.000000 1.870710
 955.000000 2.181399
 956.000000 2.144563
 957.000000 2.065602
 958.000000 1.968519
 959.000000 1.861307
 960.000000 1.828754
 961.000000 1.810576
 962.000000 1.983111
 963.000000 1.775489
 964.000000 1.293527
 965.000000 1.885048
 966.000000 1.694227
 967.000000 1.780965
 968.000000 1.770602
 969.000000 1.955238
 970.000000 1.840266
 971.000000 1.686115
 972.000000 1.746071
 973.000000 1.896356
 974.000000 1.805650
 975.000000 1.793766
 976.000000 2.068610
 977.000000 1.993872
 978.000000 2.853618
 979.000000 3.035119
 980.000000 3.199150
 981.000000 2.303202
 982.000000 3.786197
 983.000000 3.453507
 984.000000 3.059620
 985.000000 4.213328
 986.000000 3.499985
 987.000000 4.159227
 988.000000 3.937275
 989.000000 3.486033
 990.000000 2.851826
 991.000000 2.711537
 992.000000 3.936920
 993.000000 4.009176
 994.000000 3.900386
 995.000000 3.124194
 996.000000 3.465219
 997.000000 3.264021
 998.000000 1.294258
 999.000000 1.849098
 1000.000000 1.949773
 1001.000000 1.026495
 1002.000000 0.789223
 1003.000000 1.424024
 1004.000000 1.703648
 1005.000000 1.659104
 1006.000000 1.633596
 1007.000000 1.644502
 1008.000000 1.671965
 1009.000000 2.211874
 1010.000000 2.011879
 1011.000000 1.514950
 1012.000000 2.332082
 1013.000000 2.276265
 1014.000000 2.404128
 1015.000000 2.600676
 1016.000000 2.434509
 1017.000000 2.302738
 1018.000000 2.333159
 1019.000000 2.161420
 1020.000000 1.951868
 1021.000000 2.044808
 1022.000000 2.031717
 1023.000000 1.915155
 1024.000000 2.054992
 1025.000000 1.936693
 1026.000000 1.884420
 1027.000000 2.050205
 1028.000000 2.100642
 1029.000000 1.964378
 1030.000000 1.953854
 1031.000000 2.232522
 1032.000000 2.064297
 1033.000000 2.237590
 1034.000000 2.121552
 1035.000000 2.250275
 1036.000000 2.269285
 1037.000000 2.249148
 1038.000000 2.266673
 1039.000000 2.385640
 1040.000000 2.058342
 1041.000000 3.170703
 1042.000000 3.283352
 1043.000000 3.926037
 1044.000000 3.479616
 1045.000000 4.019064
 1046.000000 4.081126
 1047.000000 3.898872
 1048.000000 4.072348
 1049.000000 4.437877
 1050.000000 4.555931
 1051.000000 4.387235
 1052.000000 4.189153
 1053.000000 3.776056
 1054.000000 4.071370
 1055.000000 3.679291
 1056.000000 2.833814
 1057.000000 3.117868
 1058.000000 3.978065
 1059.000000 3.844406
 1060.000000 3.426577
 1061.000000 3.783086
 1062.000000 3.868784
 1063.000000 3.835253
 1064.000000 4.742830
 1065.000000 4.446912
 1066.000000 3.982275
 1067.000000 3.373401
 1068.000000 3.760445
 1069.000000 3.961686
 1070.000000 3.814232
 1071.000000 3.874599
 1072.000000 3.123869
 1073.000000 3.337585
 1074.000000 2.078413
 1075.000000 2.505972
 1076.000000 1.706256
 1077.000000 2.451791
 1078.000000 3.649281
 1079.000000 3.821586
 1080.000000 3.309580
 1081.000000 1.197801
 1082.000000 1.501051
 1083.000000 2.341753
 1084.000000 3.179274
 1085.000000 2.075149
 1086.000000 3.580437
 1087.000000 3.472754
 1088.000000 3.578177
 1089.000000 4.602424
 1090.000000 4.439348
 1091.000000 4.076022
 1092.000000 3.270755
 1093.000000 3.792454
 1094.000000 3.324242
 1095.000000 3.455287
 1096.000000 3.411484
 1097.000000 4.407288
 1098.000000 3.833881
 1099.000000 3.516145
 1100.000000 3.488420
 1101.000000 3.356706
 1102.000000 3.010385
 1103.000000 2.643690
 1104.000000 2.813786
 1105.000000 3.392890
 1106.000000 3.398256
 1107.000000 3.183996
 1108.000000 2.742625
 1109.000000 2.527996
 1110.000000 2.651893
 1111.000000 2.537827
 1112.000000 2.424608
 1113.000000 2.422745
 1114.000000 2.583415
 1115.000000 2.560724
 1116.000000 2.475175
 1117.000000 2.193990
 1118.000000 2.427766
 1119.000000 2.599450
 1120.000000 2.566130
 1121.000000 2.466721
 1122.000000 2.488552
 1123.000000 2.568224
 1124.000000 2.558183
 1125.000000 2.521519
 1126.000000 2.600822
 1127.000000 2.447977
 1128.000000 2.589306
 1129.000000 2.652128
 1130.000000 2.675085
 1131.000000 2.725719
 1132.000000 2.749774
 1133.000000 2.700286
 1134.000000 2.675300
 1135.000000 2.620654
 1136.000000 2.675557
 1137.000000 2.664617
 1138.000000 2.711160
 1139.000000 2.756308
 1140.000000 2.813214
 1141.000000 2.772051
 1142.000000 2.657349
 1143.000000 2.823542
 1144.000000 2.925817
 1145.000000 2.813689
 1146.000000 2.819565
 1147.000000 2.843057
 1148.000000 2.761016
 1149.000000 2.668815
 1150.000000 2.745434
 1151.000000 2.870875
 1152.000000 2.958691
 1153.000000 2.847303
 1154.000000 2.778589
 1155.000000 2.817864
 1156.000000 2.900067
 1157.000000 2.869732
 1158.000000 2.841116
 1159.000000 2.764293
 1160.000000 2.661457
 1161.000000 2.640430
 1162.000000 2.825389
 1163.000000 2.788878
 1164.000000 2.809162
 1165.000000 3.006845
 1166.000000 2.906841
 1167.000000 2.831283
 1168.000000 2.818222
 1169.000000 2.789050
 1170.000000 2.822047
 1171.000000 2.988245
 1172.000000 3.007005
 1173.000000 2.928023
 1174.000000 2.986291
 1175.000000 2.770540
 1176.000000 2.726022
 1177.000000 2.794866
 1178.000000 2.736266
 1179.000000 2.727177
 1180.000000 2.654895
 1181.000000 2.750304
 1182.000000 2.831659
 1183.000000 2.980972
 1184.000000 2.869616
 1185.000000 2.941404
 1186.000000 2.775677
 1187.000000 2.883653
 1188.000000 2.806007
 1189.000000 2.736927
 1190.000000 2.927245
 1191.000000 2.864161
 1192.000000 2.846213
 1193.000000 2.881128
 1194.000000 2.977674
 1195.000000 2.857470
 1196.000000 2.781010
 1197.000000 2.707157
 1198.000000 2.737754
 1199.000000 2.741003
 1200.000000 2.776165
 1201.000000 3.018642
 1202.000000 2.720003
 1203.000000 2.939823
 1204.000000 2.849091
 1205.000000 2.957309
 1206.000000 3.025541
 1207.000000 3.055225
 1208.000000 3.022300
 1209.000000 3.075298
 1210.000000 2.894532
 1211.000000 2.959451
 1212.000000 3.115266
 1213.000000 3.166988
 1214.000000 3.080525
 1215.000000 3.164469
 1216.000000 3.097419
 1217.000000 2.847919
 1218.000000 2.743467
 1219.000000 2.632389
 1220.000000 2.821130
 1221.000000 2.658223
 1222.000000 2.901772
 1223.000000 2.745893
 1224.000000 3.138219
 1225.000000 3.041920
 1226.000000 3.191622
 1227.000000 3.066389
 1228.000000 3.354806
 1229.000000 3.096296
 1230.000000 3.359559
 1231.000000 2.939406
 1232.000000 2.927272
 1233.000000 3.126563
 1234.000000 3.365664
 1235.000000 3.353228
 1236.000000 3.160408
 1237.000000 3.487780
 1238.000000 3.342064
 1239.000000 3.130596
 1240.000000 2.800430
 1241.000000 2.852393
 1242.000000 2.596615
 1243.000000 2.814417
 1244.000000 2.758358
 1245.000000 3.168231
 1246.000000 2.752975
 1247.000000 2.609798
 1248.000000 2.642515
 1249.000000 2.693166
 1250.000000 2.644299
 1251.000000 2.678042
 1252.000000 2.394146
 1253.000000 2.608094
 1254.000000 2.347044
 1255.000000 2.460093
 1256.000000 2.681501
 1257.000000 2.917944
 1258.000000 3.083815
 1259.000000 3.175628
 1260.000000 3.166184
 1261.000000 3.225030
 1262.000000 3.425122
 1263.000000 3.260101
 1264.000000 3.254235
 1265.000000 3.198265
 1266.000000 2.908815
 1267.000000 2.895378
 1268.000000 3.016592
 1269.000000 2.807321
 1270.000000 2.731817
 1271.000000 2.938080
 1272.000000 2.848594
 1273.000000 2.790638
 1274.000000 3.232191
 1275.000000 3.237168
 1276.000000 3.017154
 1277.000000 3.089883
 1278.000000 3.154641
 1279.000000 2.843865
 1280.000000 2.289882
 1281.000000 2.505435
 1282.000000 2.613375
 1283.000000 2.822384
 1284.000000 2.749722
 1285.000000 2.833511
 1286.000000 2.903853
 1287.000000 2.926828
 1288.000000 2.765686
 1289.000000 2.768205
 1290.000000 2.382998
 1291.000000 2.533526
 1292.000000 2.712069
 1293.000000 2.503574
 1294.000000 2.710792
 1295.000000 2.501485
 1296.000000 2.371443
 1297.000000 2.449191
 1298.000000 2.389201
 1299.000000 2.465526
 1300.000000 2.728463
 1301.000000 2.391133
 1302.000000 2.280032
 1303.000000 2.189672
 1304.000000 2.316828
 1305.000000 2.431975
 1306.000000 2.423227
 1307.000000 2.474868
 1308.000000 2.425014
 1309.000000 2.337528
 1310.000000 2.576835
 1311.000000 2.662321
 1312.000000 2.472079
 1313.000000 2.395417
 1314.000000 2.435137
 1315.000000 2.423320
 1316.000000 2.307696
 1317.000000 2.479696
 1318.000000 2.490530
 1319.000000 2.449887
 1320.000000 2.419196
 1321.000000 2.363390
 1322.000000 2.399071
 1323.000000 2.365841
 1324.000000 2.343141
 1325.000000 2.225439
 1326.000000 2.321415
 1327.000000 2.294592
 1328.000000 2.397945
 1329.000000 2.513384
 1330.000000 2.560304
 1331.000000 2.385871
 1332.000000 2.635868
 1333.000000 2.724351
 1334.000000 2.678730
 1335.000000 2.459707
 1336.000000 2.523249
 1337.000000 2.600911
 1338.000000 2.880694
 1339.000000 2.634954
 1340.000000 2.402397
 1341.000000 2.362286
 1342.000000 2.326718
 1343.000000 2.445533
 1344.000000 2.633790
 1345.000000 2.706349
 1346.000000 3.097620
 1347.000000 3.028893
 1348.000000 3.039311
 1349.000000 2.958658
 1350.000000 3.131669
 1351.000000 3.237145
 1352.000000 3.856280
 1353.000000 3.704106
 1354.000000 3.534642
 1355.000000 3.705008
 1356.000000 4.022228
 1357.000000 4.103231
 1358.000000 4.047070
 1359.000000 4.029070
 1360.000000 4.191899
 1361.000000 4.074993
 1362.000000 4.046447
 1363.000000 4.043039
 1364.000000 4.021098
 1365.000000 4.304138
 1366.000000 4.239799
 1367.000000 4.303799
 1368.000000 4.353920
 1369.000000 4.370736
 1370.000000 4.198194
 1371.000000 4.155758
 1372.000000 4.139368
 1373.000000 4.003840
 1374.000000 3.787503
 1375.000000 4.091351
 1376.000000 3.942419
 1377.000000 3.696070
 1378.000000 4.146189
 1379.000000 3.827362
 1380.000000 3.858270
 1381.000000 3.836411
 1382.000000 3.680088
 1383.000000 4.034546
 1384.000000 3.962729
 1385.000000 3.882914
 1386.000000 3.752302
 1387.000000 4.035909
 1388.000000 4.169659
 1389.000000 4.270638
 1390.000000 4.190575
 1391.000000 4.159436
 1392.000000 4.420879
 1393.000000 4.463852
 1394.000000 4.239933
 1395.000000 4.316780
 1396.000000 4.169246
 1397.000000 4.137299
 1398.000000 4.011365
 1399.000000 3.858891
 1400.000000 3.844726
 1401.000000 3.820969
 1402.000000 3.980372
 1403.000000 3.916986
 1404.000000 3.855905
 1405.000000 3.669637
 1406.000000 3.694975
 1407.000000 3.535667
 1408.000000 3.351699
 1409.000000 3.342325
 1410.000000 3.214914
 1411.000000 3.135236
 1412.000000 3.249504
 1413.000000 3.048317
 1414.000000 2.758142
 1415.000000 2.639461
 1416.000000 2.733477
 1417.000000 2.537022
 1418.000000 2.855195
 1419.000000 3.083020
 1420.000000 2.621017
 1421.000000 2.762819
 1422.000000 2.946542
 1423.000000 3.023062
 1424.000000 2.803846
 1425.000000 2.884304
 1426.000000 2.337396
 1427.000000 2.485774
 1428.000000 2.568840
 1429.000000 2.952384
 1430.000000 2.659170
 1431.000000 2.855195
 1432.000000 3.149134
 1433.000000 3.297286
 1434.000000 3.383591
 1435.000000 3.164069
 1436.000000 3.036269
 1437.000000 2.803749
 1438.000000 3.132771
 1439.000000 3.042325
 1440.000000 2.727714
 1441.000000 2.769787
 1442.000000 2.534653
 1443.000000 2.472933
 1444.000000 2.347571
 1445.000000 2.303749
 1446.000000 2.765582
 1447.000000 2.829579
 1448.000000 2.764030
 1449.000000 3.219823
 1450.000000 3.531028
 1451.000000 3.603965
 1452.000000 3.512308
 1453.000000 3.578492
 1454.000000 3.778712
 1455.000000 3.827962
 1456.000000 4.035336
 1457.000000 4.020001
 1458.000000 3.689088
 1459.000000 3.865045
 1460.000000 4.003139
 1461.000000 3.806330
 1462.000000 3.838953
 1463.000000 3.952591
 1464.000000 3.549264
 1465.000000 3.823455
 1466.000000 3.670452
 1467.000000 3.854294
 1468.000000 3.791628
 1469.000000 3.605832
 1470.000000 3.693712
 1471.000000 3.779625
 1472.000000 3.677380
 1473.000000 3.716474
 1474.000000 3.615784
 1475.000000 3.533025
 1476.000000 3.369172
 1477.000000 3.466964
 1478.000000 3.381718
 1479.000000 3.472703
 1480.000000 3.425792
 1481.000000 3.367752
 1482.000000 3.273954
 1483.000000 3.388295
 1484.000000 3.319845
 1485.000000 3.338053
 1486.000000 3.393073
 1487.000000 3.512328
 1488.000000 3.487809
 1489.000000 3.333295
 1490.000000 3.410299
 1491.000000 3.372236
 1492.000000 3.542010
 1493.000000 3.419112
 1494.000000 3.341263
 1495.000000 3.642037
 1496.000000 3.603038
 1497.000000 3.704155
 1498.000000 3.611558
 1499.000000 3.662522
 1500.000000 3.793744
 1501.000000 3.667509
 1502.000000 3.785592
 1503.000000 3.850776
 1504.000000 3.856599
 1505.000000 3.866565
 1506.000000 3.785279
 1507.000000 3.618272
 1508.000000 3.462590
 1509.000000 3.754209
 1510.000000 3.542419
 1511.000000 3.419093
 1512.000000 3.312386
 1513.000000 3.395069
 1514.000000 3.353226
 1515.000000 3.527978
 1516.000000 3.606210
 1517.000000 3.647171
 1518.000000 3.611393
 1519.000000 3.310877
 1520.000000 3.345336
 1521.000000 3.366826
 1522.000000 3.037930
 1523.000000 2.831080
 1524.000000 2.665374
 1525.000000 3.013896
 1526.000000 2.433863
 1527.000000 2.607534
 1528.000000 2.861819
 1529.000000 2.966559
 1530.000000 3.259784
 1531.000000 3.190607
 1532.000000 3.293677
 1533.000000 3.618029
 1534.000000 3.762068
 1535.000000 3.504018
 1536.000000 3.441351
 1537.000000 3.823723
 1538.000000 3.795671
 1539.000000 3.562692
 1540.000000 3.830505
 1541.000000 3.694922
 1542.000000 3.853199
 1543.000000 3.929718
 1544.000000 4.196859
 1545.000000 4.268069
 1546.000000 4.225305
 1547.000000 4.263663
 1548.000000 4.389002
 1549.000000 4.420862
 1550.000000 4.540581
 1551.000000 4.671205
 1552.000000 4.603161
 1553.000000 4.638622
 1554.000000 4.680267
 1555.000000 4.484699
 1556.000000 4.447055
 1557.000000 4.408391
 1558.000000 4.095350
 1559.000000 4.103211
 1560.000000 3.540399
 1561.000000 3.413074
 1562.000000 3.591706
 1563.000000 3.112943
 1564.000000 3.557556
 1565.000000 3.670797
 1566.000000 3.523024
 1567.000000 3.484572
 1568.000000 3.494644
 1569.000000 3.520210
 1570.000000 3.882283
 1571.000000 3.781822
 1572.000000 3.812300
 1573.000000 3.953350
 1574.000000 4.043045
 1575.000000 3.990988
 1576.000000 4.054960
 1577.000000 3.725863
 1578.000000 3.546924
 1579.000000 3.587263
 1580.000000 3.604495
 1581.000000 3.470334
 1582.000000 3.422341
 1583.000000 3.071721
 1584.000000 3.465920
 1585.000000 3.506820
 1586.000000 3.642658
 1587.000000 3.703031
 1588.000000 3.649851
 1589.000000 3.749947
 1590.000000 3.959983
 1591.000000 3.973932
 1592.000000 3.803173
 1593.000000 3.529475
 1594.000000 3.541975
 1595.000000 3.520429
 1596.000000 3.926522
 1597.000000 3.955255
 1598.000000 3.505620
 1599.000000 3.232399
 1600.000000 3.224069
 1601.000000 3.351762
 1602.000000 3.478068
 1603.000000 3.169282
 1604.000000 3.361345
 1605.000000 3.446129
 1606.000000 3.347862
 1607.000000 3.473222
 1608.000000 3.669225
 1609.000000 3.753172
 1610.000000 3.552299
 1611.000000 3.485716
 1612.000000 3.450158
 1613.000000 3.474031
 1614.000000 3.622842
 1615.000000 3.471658
 1616.000000 3.476022
 1617.000000 3.503881
 1618.000000 3.446705
 1619.000000 3.405825
 1620.000000 3.450236
 1621.000000 3.454218
 1622.000000 3.236716
 1623.000000 3.531741
 1624.000000 3.608860
 1625.000000 3.351091
 1626.000000 3.475499
 1627.000000 3.300291
 1628.000000 2.927183
 1629.000000 2.754150
 1630.000000 2.993191
 1631.000000 3.023762
 1632.000000 2.582572
 1633.000000 2.456254
 1634.000000 2.491749
 1635.000000 2.458236
 1636.000000 2.653147
 1637.000000 2.284196
 1638.000000 2.377077
 1639.000000 2.066334
 1640.000000 2.789404
 1641.000000 2.894408
 1642.000000 3.096223
 1643.000000 2.925803
 1644.000000 3.067567
 1645.000000 2.923861
 1646.000000 3.006824
 1647.000000 3.100007
 1648.000000 3.171666
 1649.000000 2.854792
 1650.000000 2.987522
 1651.000000 3.304361
 1652.000000 3.261417
 1653.000000 3.144760
 1654.000000 3.412504
 1655.000000 3.253011
 1656.000000 3.152910
 1657.000000 3.590594
 1658.000000 3.726484
 1659.000000 3.781479
 1660.000000 3.738804
 1661.000000 3.503027
 1662.000000 3.610123
 1663.000000 3.634068
 1664.000000 3.460907
 1665.000000 3.320341
 1666.000000 3.041214
 1667.000000 3.104794
 1668.000000 2.806684
 1669.000000 2.701796
 1670.000000 2.686764
 1671.000000 2.724508
 1672.000000 2.648262
 1673.000000 2.809256
 1674.000000 2.616920
 1675.000000 2.591044
 1676.000000 2.516637
 1677.000000 2.375093
 1678.000000 2.004669
 1679.000000 2.759838
 1680.000000 2.495712
 1681.000000 2.711831
 1682.000000 2.549955
 1683.000000 1.935215
 1684.000000 1.458499
 1685.000000 1.251291
 1686.000000 0.360185
 1687.000000 0.213558
 1688.000000 0.252099
 1689.000000 1.027112
 1690.000000 3.850857
 1691.000000 4.448546
 1692.000000 3.820480
 1693.000000 4.179176
 1694.000000 4.058183
 1695.000000 3.303758
 1696.000000 3.422180
 1697.000000 3.308317
 1698.000000 3.142515
 1699.000000 2.395068
 1700.000000 2.544449
 1701.000000 2.443273
 1702.000000 3.758566
 1703.000000 4.272287
 1704.000000 4.736730
 1705.000000 4.840532
 1706.000000 3.013615
 1707.000000 2.753430
 1708.000000 2.521359
 1709.000000 3.484411
 1710.000000 3.068168
 1711.000000 3.713630
 1712.000000 3.800714
 1713.000000 3.483702
 1714.000000 3.412707
 1715.000000 4.330428
 1716.000000 3.272299
 1717.000000 4.538353
 1718.000000 3.824062
 1719.000000 3.664009
 1720.000000 4.062569
 1721.000000 4.373505
 1722.000000 3.403424
 1723.000000 2.781009
 1724.000000 2.732614
 1725.000000 2.247340
 1726.000000 2.600263
 1727.000000 2.263956
 1728.000000 2.043010
 1729.000000 2.300070
 1730.000000 2.023177
 1731.000000 1.904101
 1732.000000 1.709552
 1733.000000 2.053793
 1734.000000 2.057264
 1735.000000 1.950341
 1736.000000 2.129336
 1737.000000 1.134360
 1738.000000 2.116561
 1739.000000 2.109965
 1740.000000 1.902105
 1741.000000 1.790156
 1742.000000 3.664756
 1743.000000 1.820345
 1744.000000 2.531606
 1745.000000 1.188421
 1746.000000 1.349273
 1747.000000 2.046343
 1748.000000 3.013078
 1749.000000 2.411864
 1750.000000 1.570824
 1751.000000 1.822101
 1752.000000 1.983422
 1753.000000 1.808678
 1754.000000 1.913214
 1755.000000 2.554387
 1756.000000 2.340188
 1757.000000 2.499196
 1758.000000 2.631110
 1759.000000 2.675523
 1760.000000 2.208750
 1761.000000 2.580708
 1762.000000 2.132980
 1763.000000 2.123661
 1764.000000 1.740961
 1765.000000 0.834076
 1766.000000 1.923800
 1767.000000 1.089626
 1768.000000 1.119165
 1769.000000 2.104447
 1770.000000 3.623175
 1771.000000 4.791058
 1772.000000 4.984243
 1773.000000 3.476220
 1774.000000 2.570414
 1775.000000 2.409939
 1776.000000 3.606882
 1777.000000 2.698098
 1778.000000 4.040475
 1779.000000 2.866617
 1780.000000 3.156313
 1781.000000 3.369608
 1782.000000 4.116598
 1783.000000 3.442211
 1784.000000 4.765914
 1785.000000 2.792903
 1786.000000 2.746363
 1787.000000 3.022560
 1788.000000 2.432935
 1789.000000 3.562748
 1790.000000 2.701481
 1791.000000 3.496370
 1792.000000 3.616634
 1793.000000 4.144750
 1794.000000 3.870908
 1795.000000 3.477233
 1796.000000 3.588786
 1797.000000 3.593436
 1798.000000 2.576993
 1799.000000 2.178726
 1800.000000 3.179301
 1801.000000 2.376719
 1802.000000 3.623142
 1803.000000 3.621767
 1804.000000 3.272110
 1805.000000 2.377027
 1806.000000 1.528456
 1807.000000 2.252001
 1808.000000 2.576427
 1809.000000 2.697676
 1810.000000 2.906640
 1811.000000 3.092248
 1812.000000 3.082749
 1813.000000 2.995129
 1814.000000 3.153568
 1815.000000 3.389598
 1816.000000 3.128892
 1817.000000 3.554931
 1818.000000 2.802209
 1819.000000 3.160891
 1820.000000 2.914120
 1821.000000 3.152504
 1822.000000 3.094628
 1823.000000 2.767023
 1824.000000 2.592100
 1825.000000 2.725524
 1826.000000 2.919588
 1827.000000 2.939712
 1828.000000 2.771268
 1829.000000 3.072977
 1830.000000 1.849288
 1831.000000 1.556717
 1832.000000 3.180773
 1833.000000 3.378093
 1834.000000 3.493217
 1835.000000 3.235274
 1836.000000 2.444131
 1837.000000 2.840847
 1838.000000 2.659201
 1839.000000 2.691307
 1840.000000 3.614775
 1841.000000 3.428311
 1842.000000 3.196528
 1843.000000 2.912159
 1844.000000 3.358641
 1845.000000 3.076572
 1846.000000 3.011063
 1847.000000 4.033761
 1848.000000 3.329217
 1849.000000 4.172614
 1850.000000 3.825789
 1851.000000 3.692642
 1852.000000 3.358250
 1853.000000 4.001744
 1854.000000 3.362938
 1855.000000 3.464605
 1856.000000 2.983726
 1857.000000 3.427290
 1858.000000 2.984236
 1859.000000 3.705527
 1860.000000 4.156575
 1861.000000 4.184352
 1862.000000 3.704406
 1863.000000 4.434726
 1864.000000 3.276781
 1865.000000 4.281496
 1866.000000 3.421897
 1867.000000 3.146603
 1868.000000 3.162645
 1869.000000 3.344184
 1870.000000 2.828335
 1871.000000 3.750603
 1872.000000 3.715317
 1873.000000 4.255154
 1874.000000 4.237362
 1875.000000 3.855445
 1876.000000 3.491123
 1877.000000 3.520430
 1878.000000 3.169758
 1879.000000 3.586925
 1880.000000 3.914367
 1881.000000 3.399428
 1882.000000 3.474496
 1883.000000 3.767160
 1884.000000 3.916899
 1885.000000 3.558127
 1886.000000 3.689824
 1887.000000 3.561907
 1888.000000 3.758222
 1889.000000 3.708080
 1890.000000 3.974880
 1891.000000 4.812897
 1892.000000 4.320406
 1893.000000 3.941875
 1894.000000 4.353276
 1895.000000 4.675837
 1896.000000 4.721051
 1897.000000 4.633408
 1898.000000 4.911669
 1899.000000 4.347821
 1900.000000 4.127135
 1901.000000 4.083076
 1902.000000 4.077436
 1903.000000 4.035360
 1904.000000 2.471954
 1905.000000 2.513788
 1906.000000 2.983403
 1907.000000 3.902864
 1908.000000 3.659466
 1909.000000 2.979752
 1910.000000 3.295214
 1911.000000 3.039080
 1912.000000 3.918174
 1913.000000 3.705460
 1914.000000 3.929584
 1915.000000 2.607751
 1916.000000 3.318285
 1917.000000 3.539048
 1918.000000 4.498943
 1919.000000 2.820672
 1920.000000 1.747333
 1921.000000 1.616560
 1922.000000 1.940324
 1923.000000 2.066591
 1924.000000 2.270412
 1925.000000 2.577717
 1926.000000 2.916877
 1927.000000 2.165136
 1928.000000 2.610191
 1929.000000 1.952715
 1930.000000 2.597210
 1931.000000 2.172835
 1932.000000 2.581951
 1933.000000 2.889053
 1934.000000 2.801501
 1935.000000 3.066188
 1936.000000 3.024016
 1937.000000 3.209155
 1938.000000 2.779156
 1939.000000 2.985892
 1940.000000 2.601212
 1941.000000 2.996723
 1942.000000 3.234519
 1943.000000 3.621715
 1944.000000 3.618268
 1945.000000 3.215783
 1946.000000 3.494247
 1947.000000 3.430198
 1948.000000 3.512689
 1949.000000 3.376599
 1950.000000 3.604969
 1951.000000 3.210467
 1952.000000 3.490507
 1953.000000 3.538096
 1954.000000 3.268794
 1955.000000 3.165600
 1956.000000 3.304185
 1957.000000 3.227192
 1958.000000 3.329964
 1959.000000 3.553969
 1960.000000 3.273001
 1961.000000 3.360011
 1962.000000 3.217951
 1963.000000 3.324720
 1964.000000 2.589541
 1965.000000 3.301082
 1966.000000 3.047304
 1967.000000 2.491917
 1968.000000 2.345204
 1969.000000 3.213928
 1970.000000 2.060535
 1971.000000 0.815268
 1972.000000 2.113378
 1973.000000 2.884072
 1974.000000 1.791230
 1975.000000 1.033225
 1976.000000 0.277781
 1977.000000 0.968288
 1978.000000 0.669350
 1979.000000 2.702590
 1980.000000 2.397280
 1981.000000 2.643397
 1982.000000 2.758938
 1983.000000 3.742347
 1984.000000 3.921661
 1985.000000 2.711740
 1986.000000 2.498742
 1987.000000 4.359752
 1988.000000 4.075153
 1989.000000 3.967845
 1990.000000 3.943484
 1991.000000 3.728288
 1992.000000 2.710184
 1993.000000 3.220843
 1994.000000 4.433212
 1995.000000 3.216085
 1996.000000 2.591287
 1997.000000 4.113862
 1998.000000 3.480293
 1999.000000 3.317024
 2000.000000 3.653639
 2001.000000 2.779170
 2002.000000 3.387560
 2003.000000 3.448238
 2004.000000 2.942925
 2005.000000 2.833159
 2006.000000 3.292667
 2007.000000 3.059799
 2008.000000 2.630730
 2009.000000 3.349065
 2010.000000 2.751245
 2011.000000 3.114067
 2012.000000 2.660799
 2013.000000 2.694659
 2014.000000 3.126350
 2015.000000 3.788475
 2016.000000 2.935172
 2017.000000 3.306168
 2018.000000 3.082246
 2019.000000 4.636733
 2020.000000 4.354026
 2021.000000 4.570413
 2022.000000 4.503922
 2023.000000 4.479475
 2024.000000 4.044687
