#! FIELDS time r23.min
 0.000000 2.548934
 1.000000 2.774521
 2.000000 2.302711
 3.000000 2.473092
 4.000000 2.169579
 5.000000 1.174981
 6.000000 0.701425
 7.000000 0.838029
 8.000000 0.560949
 9.000000 2.227122
 10.000000 1.442164
 11.000000 1.751433
 12.000000 3.770415
 13.000000 4.013393
 14.000000 3.516261
 15.000000 3.760803
 16.000000 3.740826
 17.000000 3.785790
 18.000000 3.513372
 19.000000 3.386380
 20.000000 3.245864
 21.000000 3.365019
 22.000000 3.349550
 23.000000 3.363976
 24.000000 3.695052
 25.000000 1.485530
 26.000000 1.198909
 27.000000 1.918260
 28.000000 2.178093
 29.000000 2.303095
 30.000000 1.922843
 31.000000 1.832395
 32.000000 3.180154
 33.000000 3.308066
 34.000000 2.149752
 35.000000 2.784192
 36.000000 3.299913
 37.000000 2.842535
 38.000000 4.126825
 39.000000 3.697416
 40.000000 4.087489
 41.000000 4.088888
 42.000000 4.364876
 43.000000 2.974019
 44.000000 1.262110
 45.000000 0.833005
 46.000000 1.442749
 47.000000 1.772927
 48.000000 1.709175
 49.000000 2.049832
 50.000000 1.570446
 51.000000 1.467778
 52.000000 1.258854
 53.000000 1.786087
 54.000000 1.152909
 55.000000 1.098082
 56.000000 1.175983
 57.000000 1.020739
 58.000000 1.357475
 59.000000 1.391228
 60.000000 1.384782
 61.000000 0.944304
 62.000000 1.155316
 63.000000 1.589042
 64.000000 1.565353
 65.000000 1.526529
 66.000000 2.392870
 67.000000 3.503903
 68.000000 3.006666
 69.000000 3.266265
 70.000000 3.316643
 71.000000 3.415013
 72.000000 3.809070
 73.000000 4.357081
 74.000000 4.022182
 75.000000 3.104646
 76.000000 4.373303
 77.000000 4.055281
 78.000000 3.201680
 79.000000 3.223995
 80.000000 3.149983
 81.000000 3.375282
 82.000000 3.036041
 83.000000 3.181074
 84.000000 3.662834
 85.000000 3.106541
 86.000000 3.309772
 87.000000 3.628289
 88.000000 4.142167
 89.000000 3.753634
 90.000000 4.572742
 91.000000 4.663550
 92.000000 4.526981
 93.000000 3.907989
 94.000000 4.022798
 95.000000 4.758076
 96.000000 4.544344
 97.000000 2.744208
 98.000000 1.563333
 99.000000 1.374737
 100.000000 2.828327
 101.000000 1.724518
 102.000000 3.305318
 103.000000 2.434670
 104.000000 3.950327
 105.000000 3.452725
 106.000000 4.450499
 107.000000 2.400561
 108.000000 0.465885
 109.000000 0.871917
 110.000000 0.912314
 111.000000 1.587813
 112.000000 2.143011
 113.000000 2.896977
 114.000000 2.908620
 115.000000 2.664712
 116.000000 2.617977
 117.000000 2.984467
 118.000000 2.925038
 119.000000 2.496609
 120.000000 2.624917
 121.000000 2.422315
 122.000000 2.659931
 123.000000 2.610923
 124.000000 2.627513
 125.000000 2.342941
 126.000000 2.732813
 127.000000 1.527498
 128.000000 1.988614
 129.000000 1.189641
 130.000000 1.351988
 131.000000 1.542936
 132.000000 1.435821
 133.000000 1.046815
 134.000000 1.360236
 135.000000 1.490008
 136.000000 2.051244
 137.000000 1.633183
 138.000000 1.145529
 139.000000 1.569914
 140.000000 1.329421
 141.000000 1.086834
 142.000000 2.234894
 143.000000 2.335241
 144.000000 2.228216
 145.000000 1.346782
 146.000000 3.133165
 147.000000 3.336860
 148.000000 2.239166
 149.000000 2.394214
 150.000000 3.065344
 151.000000 3.101527
 152.000000 2.646256
 153.000000 3.427581
 154.000000 3.598023
 155.000000 3.674679
 156.000000 3.208829
 157.000000 2.371941
 158.000000 2.746920
 159.000000 2.677146
 160.000000 3.087513
 161.000000 3.589952
 162.000000 3.982003
 163.000000 3.056513
 164.000000 2.744398
 165.000000 3.700479
 166.000000 3.437799
 167.000000 2.937290
 168.000000 3.472798
 169.000000 3.572134
 170.000000 3.481726
 171.000000 3.258356
 172.000000 3.639341
 173.000000 3.573319
 174.000000 3.356074
 175.000000 3.534244
 176.000000 3.721133
 177.000000 3.517575
 178.000000 3.412998
 179.000000 3.544229
 180.000000 3.533368
 181.000000 3.625305
 182.000000 3.485332
 183.000000 3.357031
 184.000000 3.307803
 185.000000 3.659095
 186.000000 3.578902
 187.000000 3.711411
 188.000000 3.739233
 189.000000 3.658515
 190.000000 3.767530
 191.000000 3.862069
 192.000000 3.969164
 193.000000 3.689098
 194.000000 3.857830
 195.000000 3.726994
 196.000000 3.797278
 197.000000 3.782902
 198.000000 3.736514
 199.000000 3.622115
 200.000000 3.588923
 201.000000 3.582505
 202.000000 3.640830
 203.000000 3.729754
 204.000000 3.567425
 205.000000 2.923996
 206.000000 2.295662
 207.000000 2.316199
 208.000000 2.504692
 209.000000 2.801633
 210.000000 2.935480
 211.000000 2.899792
 212.000000 2.105871
 213.000000 2.193497
 214.000000 2.925241
 215.000000 2.849384
 216.000000 3.018127
 217.000000 2.491017
 218.000000 2.766201
 219.000000 3.184032
 220.000000 2.761975
 221.000000 3.091802
 222.000000 3.089975
 223.000000 3.178211
 224.000000 3.284105
 225.000000 3.498829
 226.000000 3.293709
 227.000000 3.094736
 228.000000 3.118427
 229.000000 3.113646
 230.000000 3.123622
 231.000000 3.203380
 232.000000 3.095329
 233.000000 3.476218
 234.000000 3.508198
 235.000000 3.416557
 236.000000 3.455996
 237.000000 3.508186
 238.000000 3.224678
 239.000000 3.370854
 240.000000 3.717859
 241.000000 3.582950
 242.000000 3.308335
 243.000000 3.674743
 244.000000 4.314291
 245.000000 3.911776
 246.000000 3.748890
 247.000000 3.772629
 248.000000 3.850567
 249.000000 3.907576
 250.000000 3.990568
 251.000000 4.145904
 252.000000 4.367599
 253.000000 4.204107
 254.000000 4.246714
 255.000000 3.665441
 256.000000 3.883116
 257.000000 3.348519
 258.000000 3.315088
 259.000000 3.654206
 260.000000 3.281772
 261.000000 3.199613
 262.000000 4.201539
 263.000000 3.997445
 264.000000 3.046886
 265.000000 1.763530
 266.000000 1.938930
 267.000000 3.037879
 268.000000 3.930064
 269.000000 4.257117
 270.000000 4.557044
 271.000000 4.505679
 272.000000 3.838182
 273.000000 4.560078
 274.000000 4.294065
 275.000000 3.425620
 276.000000 3.148125
 277.000000 2.982222
 278.000000 2.373364
 279.000000 3.294276
 280.000000 3.373286
 281.000000 4.143491
 282.000000 2.683493
 283.000000 3.126359
 284.000000 1.592508
 285.000000 3.775262
 286.000000 3.632469
 287.000000 4.410455
 288.000000 3.582655
 289.000000 2.135284
 290.000000 3.069127
 291.000000 3.678414
 292.000000 3.401622
 293.000000 3.756290
 294.000000 3.414602
 295.000000 2.917682
 296.000000 2.792319
 297.000000 3.411987
 298.000000 3.176144
 299.000000 2.337644
 300.000000 2.261765
 301.000000 2.555237
 302.000000 3.102946
 303.000000 3.655652
 304.000000 4.123842
 305.000000 3.557785
 306.000000 3.743433
 307.000000 3.694997
 308.000000 2.687339
 309.000000 2.762182
 310.000000 1.995860
 311.000000 0.905914
 312.000000 2.636267
 313.000000 3.371040
 314.000000 3.199746
 315.000000 2.912696
 316.000000 3.771408
 317.000000 3.728652
 318.000000 3.755513
 319.000000 3.098690
 320.000000 3.779328
 321.000000 3.141914
 322.000000 2.504938
 323.000000 3.015660
 324.000000 3.175514
 325.000000 3.721083
 326.000000 3.845546
 327.000000 3.666610
 328.000000 2.830432
 329.000000 3.644537
 330.000000 2.543821
 331.000000 3.190217
 332.000000 3.147187
 333.000000 2.325193
 334.000000 0.962380
 335.000000 2.874331
 336.000000 3.785499
 337.000000 3.707906
 338.000000 3.388326
 339.000000 3.692780
 340.000000 4.153594
 341.000000 3.940368
 342.000000 3.820863
 343.000000 3.910440
 344.000000 3.692498
 345.000000 3.606542
 346.000000 3.315619
 347.000000 3.719386
 348.000000 3.836968
 349.000000 3.697593
 350.000000 3.512665
 351.000000 3.326681
 352.000000 3.301316
 353.000000 3.555766
 354.000000 3.763443
 355.000000 3.235397
 356.000000 3.368796
 357.000000 3.404340
 358.000000 2.727627
 359.000000 3.044604
 360.000000 3.472942
 361.000000 3.640856
 362.000000 3.701565
 363.000000 4.043246
 364.000000 4.201407
 365.000000 4.093973
 366.000000 3.886197
 367.000000 4.013538
 368.000000 3.784462
 369.000000 4.048835
 370.000000 4.037656
 371.000000 3.766000
 372.000000 3.545702
 373.000000 3.728969
 374.000000 3.515572
 375.000000 3.556306
 376.000000 3.378451
 377.000000 3.666070
 378.000000 3.645083
 379.000000 3.756593
 380.000000 3.374611
 381.000000 3.374341
 382.000000 3.677070
 383.000000 3.658677
 384.000000 3.610401
 385.000000 3.628591
 386.000000 3.910432
 387.000000 3.864772
 388.000000 3.976745
 389.000000 4.006323
 390.000000 4.017142
 391.000000 4.133009
 392.000000 3.988072
 393.000000 4.111399
 394.000000 4.171572
 395.000000 3.903350
 396.000000 4.000724
 397.000000 3.859704
 398.000000 4.094698
 399.000000 4.070641
 400.000000 4.078263
 401.000000 4.150964
 402.000000 3.892783
 403.000000 4.138706
 404.000000 4.139547
 405.000000 4.075872
 406.000000 4.034249
 407.000000 4.010858
 408.000000 4.087326
 409.000000 3.913679
 410.000000 3.852766
 411.000000 4.098960
 412.000000 4.091391
 413.000000 4.020575
 414.000000 4.066892
 415.000000 4.094998
 416.000000 4.102225
 417.000000 4.193481
 418.000000 4.221271
 419.000000 4.226087
 420.000000 4.248688
 421.000000 4.210880
 422.000000 4.243972
 423.000000 4.365234
 424.000000 4.364521
 425.000000 4.247808
 426.000000 4.409123
 427.000000 4.395070
 428.000000 4.432835
 429.000000 3.324919
 430.000000 4.460988
 431.000000 4.396870
 432.000000 4.619898
 433.000000 4.565713
 434.000000 4.468720
 435.000000 4.295021
 436.000000 4.202826
 437.000000 4.313498
 438.000000 4.268681
 439.000000 4.343716
 440.000000 4.290439
 441.000000 4.059532
 442.000000 4.072346
 443.000000 3.505678
 444.000000 3.624010
 445.000000 3.863191
 446.000000 3.949718
 447.000000 4.415085
 448.000000 2.742984
 449.000000 4.370055
 450.000000 4.701211
 451.000000 5.061022
 452.000000 2.969346
 453.000000 3.479210
 454.000000 2.434309
 455.000000 3.610224
 456.000000 4.681111
 457.000000 3.534648
 458.000000 3.443387
 459.000000 4.059973
 460.000000 3.855744
 461.000000 2.880402
 462.000000 2.936549
 463.000000 3.758401
 464.000000 3.180300
 465.000000 3.313971
 466.000000 3.358698
 467.000000 2.449074
 468.000000 3.234410
 469.000000 3.708639
 470.000000 4.217210
 471.000000 4.399200
 472.000000 3.861659
 473.000000 3.144623
 474.000000 2.344294
 475.000000 2.154159
 476.000000 2.590634
 477.000000 1.892450
 478.000000 1.517540
 479.000000 1.836622
 480.000000 1.629725
 481.000000 2.546778
 482.000000 3.037762
 483.000000 3.734945
 484.000000 3.766436
 485.000000 3.506704
 486.000000 3.407248
 487.000000 3.531453
 488.000000 3.051722
 489.000000 2.076376
 490.000000 2.050789
 491.000000 0.259713
 492.000000 1.367133
 493.000000 2.334030
 494.000000 2.604866
 495.000000 2.977546
 496.000000 3.167228
 497.000000 3.460328
 498.000000 3.846820
 499.000000 3.733774
 500.000000 4.007080
 501.000000 4.241196
 502.000000 4.212835
 503.000000 3.914912
 504.000000 3.647520
 505.000000 2.832549
 506.000000 3.342774
 507.000000 3.531613
 508.000000 2.457458
 509.000000 2.906104
 510.000000 3.478100
 511.000000 3.355786
 512.000000 2.770031
 513.000000 3.023199
 514.000000 3.358542
 515.000000 3.282128
 516.000000 4.145349
 517.000000 3.442424
 518.000000 3.254596
 519.000000 1.960433
 520.000000 2.688828
 521.000000 3.364816
 522.000000 3.957235
 523.000000 1.895882
 524.000000 2.151288
 525.000000 2.152747
 526.000000 0.695031
 527.000000 0.681828
 528.000000 2.332904
 529.000000 2.868450
 530.000000 2.733707
 531.000000 3.116251
 532.000000 3.331724
 533.000000 3.338998
 534.000000 2.753136
 535.000000 2.693393
 536.000000 2.832865
 537.000000 3.478519
 538.000000 3.452258
 539.000000 3.430285
 540.000000 3.189308
 541.000000 2.873295
 542.000000 3.726445
 543.000000 3.097319
 544.000000 3.289648
 545.000000 2.157565
 546.000000 2.498007
 547.000000 2.855764
 548.000000 2.917412
 549.000000 3.094340
 550.000000 3.055786
 551.000000 3.073385
 552.000000 3.135718
 553.000000 3.088504
 554.000000 3.346993
 555.000000 3.352617
 556.000000 3.175462
 557.000000 2.704100
 558.000000 2.912649
 559.000000 2.871379
 560.000000 2.749415
 561.000000 2.832187
 562.000000 2.745301
 563.000000 2.608247
 564.000000 2.564782
 565.000000 2.575568
 566.000000 2.385363
 567.000000 2.590696
 568.000000 2.635213
 569.000000 2.252583
 570.000000 1.602043
 571.000000 1.397103
 572.000000 2.002295
 573.000000 1.621263
 574.000000 2.156176
 575.000000 2.067546
 576.000000 2.089697
 577.000000 1.806487
 578.000000 2.207488
 579.000000 3.651729
 580.000000 2.461777
 581.000000 3.378069
 582.000000 3.226417
 583.000000 3.378261
 584.000000 3.450139
 585.000000 2.243351
 586.000000 3.204950
 587.000000 3.272444
 588.000000 3.339363
 589.000000 3.601077
 590.000000 4.060837
 591.000000 2.956487
 592.000000 3.888734
 593.000000 4.099043
 594.000000 4.064061
 595.000000 4.383509
 596.000000 4.264805
 597.000000 4.470005
 598.000000 4.067906
 599.000000 4.167530
 600.000000 4.182297
 601.000000 4.530595
 602.000000 4.491504
 603.000000 4.373602
 604.000000 4.441761
 605.000000 4.248063
 606.000000 4.318243
 607.000000 4.364702
 608.000000 4.374096
 609.000000 4.328486
 610.000000 4.256417
 611.000000 4.385908
 612.000000 4.259629
 613.000000 4.483542
 614.000000 4.436424
 615.000000 4.606102
 616.000000 4.549931
 617.000000 4.493393
 618.000000 4.536534
 619.000000 4.574547
 620.000000 4.414621
 621.000000 4.488203
 622.000000 4.696592
 623.000000 4.594591
 624.000000 4.201400
 625.000000 4.671701
 626.000000 4.607706
 627.000000 3.921306
 628.000000 4.568617
 629.000000 3.812370
 630.000000 3.981614
 631.000000 3.979952
 632.000000 3.826967
 633.000000 3.951581
 634.000000 4.652421
 635.000000 4.642695
 636.000000 4.644081
 637.000000 3.857458
 638.000000 3.829659
 639.000000 4.657482
 640.000000 4.681464
 641.000000 3.952333
 642.000000 4.776322
 643.000000 3.937419
 644.000000 3.756085
 645.000000 3.858349
 646.000000 4.779953
 647.000000 4.791056
 648.000000 3.816730
 649.000000 3.914517
 650.000000 3.767901
 651.000000 3.751625
 652.000000 4.166017
 653.000000 4.432141
 654.000000 4.607780
 655.000000 4.682567
 656.000000 4.668603
 657.000000 4.599606
 658.000000 4.354640
 659.000000 4.336692
 660.000000 4.247871
 661.000000 4.165299
 662.000000 4.238014
 663.000000 4.222076
 664.000000 4.164981
 665.000000 4.280515
 666.000000 3.419435
 667.000000 3.542688
 668.000000 3.598726
 669.000000 3.675291
 670.000000 3.634173
 671.000000 3.530092
 672.000000 3.571362
 673.000000 4.106759
 674.000000 4.078157
 675.000000 4.186807
 676.000000 4.153176
 677.000000 4.120296
 678.000000 4.218489
 679.000000 4.393785
 680.000000 4.325477
 681.000000 4.217914
 682.000000 4.106573
 683.000000 4.122954
 684.000000 4.143883
 685.000000 4.069947
 686.000000 4.277047
 687.000000 4.125464
 688.000000 4.279922
 689.000000 4.269490
 690.000000 4.181077
 691.000000 3.597071
 692.000000 3.352668
 693.000000 3.460510
 694.000000 4.013686
 695.000000 3.517569
 696.000000 3.172606
 697.000000 3.526169
 698.000000 4.187471
 699.000000 4.031839
 700.000000 3.966548
 701.000000 3.797904
 702.000000 3.762510
 703.000000 3.574530
 704.000000 3.136706
 705.000000 2.386146
 706.000000 2.740746
 707.000000 3.727592
 708.000000 3.670304
 709.000000 4.247493
 710.000000 4.515725
 711.000000 4.058748
 712.000000 3.266312
 713.000000 3.798696
 714.000000 3.881327
 715.000000 4.146725
 716.000000 3.572361
 717.000000 3.642830
 718.000000 2.950389
 719.000000 2.554722
 720.000000 2.680982
 721.000000 1.752933
 722.000000 3.469255
 723.000000 3.632654
 724.000000 1.596360
 725.000000 0.235891
 726.000000 3.027702
 727.000000 2.852731
 728.000000 3.821487
 729.000000 3.421721
 730.000000 3.910440
 731.000000 3.641634
 732.000000 2.769854
 733.000000 3.284280
 734.000000 4.566417
 735.000000 4.521708
 736.000000 3.746724
 737.000000 3.250419
 738.000000 3.903262
 739.000000 2.942226
 740.000000 3.639767
 741.000000 2.542746
 742.000000 3.626139
 743.000000 3.076726
 744.000000 3.573076
 745.000000 3.081458
 746.000000 3.104932
 747.000000 2.972292
 748.000000 3.516947
 749.000000 3.530813
 750.000000 3.676779
 751.000000 3.285591
 752.000000 3.548298
 753.000000 3.583972
 754.000000 3.171002
 755.000000 2.737678
 756.000000 3.627830
 757.000000 2.409984
 758.000000 1.875664
 759.000000 1.955938
 760.000000 0.924598
 761.000000 1.747085
 762.000000 1.706644
 763.000000 1.818163
 764.000000 3.330913
 765.000000 3.626081
 766.000000 3.231424
 767.000000 3.773225
 768.000000 3.885324
 769.000000 3.238911
 770.000000 3.395639
 771.000000 3.761500
 772.000000 3.813129
 773.000000 3.405257
 774.000000 3.046619
 775.000000 2.610041
 776.000000 2.958309
 777.000000 3.148508
 778.000000 3.001986
 779.000000 2.966430
 780.000000 3.532438
 781.000000 3.169837
 782.000000 3.223267
 783.000000 2.933438
 784.000000 3.412066
 785.000000 3.768213
 786.000000 4.280040
 787.000000 3.335596
 788.000000 2.989009
 789.000000 3.812937
 790.000000 2.976160
 791.000000 3.253983
 792.000000 3.643749
 793.000000 4.407340
 794.000000 4.823866
 795.000000 4.409837
 796.000000 4.117652
 797.000000 4.517161
 798.000000 3.879401
 799.000000 2.901732
 800.000000 2.533606
 801.000000 2.172497
 802.000000 1.814351
 803.000000 3.375169
 804.000000 3.513356
 805.000000 3.124652
 806.000000 2.976038
 807.000000 2.535986
 808.000000 2.321833
 809.000000 3.045363
 810.000000 2.981205
 811.000000 3.364673
 812.000000 3.569019
 813.000000 3.610179
 814.000000 3.053341
 815.000000 2.606531
 816.000000 3.397272
 817.000000 4.087797
 818.000000 3.965391
 819.000000 4.208500
 820.000000 3.523691
 821.000000 3.301448
 822.000000 3.918108
 823.000000 3.320393
 824.000000 2.944930
 825.000000 2.212907
 826.000000 2.749305
 827.000000 2.862919
 828.000000 2.543156
 829.000000 3.419795
 830.000000 3.418230
 831.000000 3.428808
 832.000000 3.206942
 833.000000 3.398224
 834.000000 3.295362
 835.000000 3.502542
 836.000000 3.578588
 837.000000 3.319916
 838.000000 3.496073
 839.000000 3.064101
 840.000000 3.373187
 841.000000 3.814853
 842.000000 2.364391
 843.000000 2.808897
 844.000000 3.677177
 845.000000 3.475637
 846.000000 3.369242
 847.000000 3.324424
 848.000000 3.080766
 849.000000 3.923053
 850.000000 4.022972
 851.000000 3.438481
 852.000000 3.686632
 853.000000 3.747246
 854.000000 3.709662
 855.000000 4.760821
 856.000000 3.884249
 857.000000 3.563886
 858.000000 4.390565
 859.000000 3.761328
 860.000000 3.323598
 861.000000 3.567468
 862.000000 3.291348
 863.000000 3.573756
 864.000000 3.846886
 865.000000 3.782296
 866.000000 3.478213
 867.000000 4.082831
 868.000000 3.637046
 869.000000 3.052804
 870.000000 3.645568
 871.000000 3.826884
 872.000000 3.646204
 873.000000 3.936882
 874.000000 3.803603
 875.000000 3.947259
 876.000000 3.704431
 877.000000 3.764531
 878.000000 3.083453
 879.000000 4.044023
 880.000000 3.402526
 881.000000 4.537598
 882.000000 3.108489
 883.000000 4.037272
 884.000000 3.567503
 885.000000 4.088272
 886.000000 3.560282
 887.000000 3.742520
 888.000000 3.283206
 889.000000 3.594282
 890.000000 3.468210
 891.000000 3.417702
 892.000000 3.940665
 893.000000 3.977578
 894.000000 3.756078
 895.000000 3.416123
 896.000000 3.051531
 897.000000 3.483909
 898.000000 3.521585
 899.000000 3.615608
 900.000000 3.132980
 901.000000 3.205927
 902.000000 3.470750
 903.000000 4.375879
 904.000000 3.879801
 905.000000 3.749244
 906.000000 3.042995
 907.000000 2.507687
 908.000000 1.719798
 909.000000 1.725946
 910.000000 1.635058
 911.000000 1.662818
 912.000000 1.709283
 913.000000 1.700293
 914.000000 1.628079
 915.000000 1.632854
 916.000000 1.603677
 917.000000 1.633836
 918.000000 1.545498
 919.000000 1.574651
 920.000000 1.669008
 921.000000 1.925776
 922.000000 2.007783
 923.000000 2.236886
 924.000000 2.435905
 925.000000 2.093013
 926.000000 2.178543
 927.000000 2.172209
 928.000000 2.207403
 929.000000 2.323371
 930.000000 2.421708
 931.000000 2.327325
 932.000000 2.182395
 933.000000 2.151958
 934.000000 2.500498
 935.000000 2.149244
 936.000000 2.019997
 937.000000 1.847292
 938.000000 2.071126
 939.000000 2.150572
 940.000000 2.213898
 941.000000 2.194303
 942.000000 2.003562
 943.000000 2.069418
 944.000000 1.751051
 945.000000 1.720402
 946.000000 1.723021
 947.000000 1.720629
 948.000000 1.740546
 949.000000 1.559435
 950.000000 1.729338
 951.000000 1.759853
 952.000000 2.008927
 953.000000 1.829711
 954.000000 2.023204
 955.000000 1.936352
 956.000000 1.784971
 957.000000 1.871161
 958.000000 1.716677
 959.000000 1.935809
 960.000000 1.887506
 961.000000 1.907258
 962.000000 2.142450
 963.000000 2.090017
 964.000000 1.482144
 965.000000 1.936407
 966.000000 2.089539
 967.000000 1.950977
 968.000000 1.786959
 969.000000 1.758504
 970.000000 1.754288
 971.000000 1.633448
 972.000000 1.660588
 973.000000 1.599404
 974.000000 1.560101
 975.000000 1.543260
 976.000000 1.635028
 977.000000 1.569002
 978.000000 2.749920
 979.000000 2.634374
 980.000000 3.010114
 981.000000 2.495302
 982.000000 4.062476
 983.000000 2.852702
 984.000000 2.449418
 985.000000 4.310789
 986.000000 3.758201
 987.000000 4.159463
 988.000000 3.962404
 989.000000 3.703005
 990.000000 3.332898
 991.000000 3.092448
 992.000000 3.710512
 993.000000 3.667371
 994.000000 3.378857
 995.000000 2.722256
 996.000000 3.343796
 997.000000 3.223154
 998.000000 1.839244
 999.000000 2.128330
 1000.000000 1.830086
 1001.000000 0.441879
 1002.000000 0.702771
 1003.000000 0.267510
 1004.000000 0.196769
 1005.000000 0.284156
 1006.000000 0.190193
 1007.000000 0.270323
 1008.000000 0.263291
 1009.000000 1.116169
 1010.000000 0.814550
 1011.000000 0.510311
 1012.000000 1.463853
 1013.000000 1.559451
 1014.000000 1.259401
 1015.000000 1.631337
 1016.000000 1.487700
 1017.000000 1.517470
 1018.000000 1.528769
 1019.000000 1.050485
 1020.000000 0.930028
 1021.000000 0.960390
 1022.000000 0.996871
 1023.000000 0.970703
 1024.000000 1.057323
 1025.000000 1.185787
 1026.000000 1.117710
 1027.000000 1.312768
 1028.000000 1.488172
 1029.000000 1.494905
 1030.000000 1.317634
 1031.000000 1.644720
 1032.000000 1.620624
 1033.000000 1.774104
 1034.000000 1.798209
 1035.000000 1.940574
 1036.000000 1.951804
 1037.000000 1.912943
 1038.000000 1.824925
 1039.000000 2.240668
 1040.000000 0.982108
 1041.000000 2.564873
 1042.000000 2.962517
 1043.000000 3.542157
 1044.000000 3.135458
 1045.000000 3.504860
 1046.000000 4.234490
 1047.000000 4.246688
 1048.000000 3.838848
 1049.000000 4.113537
 1050.000000 4.167838
 1051.000000 4.453766
 1052.000000 3.996490
 1053.000000 3.511619
 1054.000000 3.953978
 1055.000000 3.991370
 1056.000000 3.185036
 1057.000000 3.338793
 1058.000000 3.406834
 1059.000000 3.279803
 1060.000000 3.466506
 1061.000000 3.791171
 1062.000000 3.943461
 1063.000000 3.838265
 1064.000000 4.251851
 1065.000000 3.878041
 1066.000000 3.873443
 1067.000000 3.428135
 1068.000000 3.763872
 1069.000000 3.851385
 1070.000000 3.707554
 1071.000000 3.787415
 1072.000000 2.895243
 1073.000000 3.105949
 1074.000000 2.013962
 1075.000000 2.456939
 1076.000000 1.555221
 1077.000000 2.239279
 1078.000000 3.064202
 1079.000000 3.131883
 1080.000000 3.689107
 1081.000000 2.056621
 1082.000000 1.856476
 1083.000000 2.117610
 1084.000000 2.651716
 1085.000000 1.320951
 1086.000000 3.246313
 1087.000000 3.080841
 1088.000000 3.154684
 1089.000000 4.210915
 1090.000000 4.071086
 1091.000000 3.428911
 1092.000000 3.439391
 1093.000000 3.913920
 1094.000000 3.706953
 1095.000000 3.707985
 1096.000000 3.388449
 1097.000000 4.074665
 1098.000000 3.212436
 1099.000000 2.832497
 1100.000000 2.876738
 1101.000000 2.881751
 1102.000000 2.653050
 1103.000000 2.246129
 1104.000000 2.270337
 1105.000000 2.630346
 1106.000000 2.859288
 1107.000000 2.720732
 1108.000000 2.615485
 1109.000000 2.557384
 1110.000000 2.805215
 1111.000000 2.677378
 1112.000000 2.590522
 1113.000000 2.579084
 1114.000000 2.509725
 1115.000000 2.558103
 1116.000000 2.269059
 1117.000000 2.155490
 1118.000000 2.238558
 1119.000000 2.369016
 1120.000000 2.447822
 1121.000000 2.430293
 1122.000000 2.495507
 1123.000000 2.474141
 1124.000000 2.374057
 1125.000000 2.418797
 1126.000000 2.597265
 1127.000000 2.456461
 1128.000000 2.655663
 1129.000000 2.787084
 1130.000000 2.854418
 1131.000000 2.853469
 1132.000000 2.835731
 1133.000000 2.713816
 1134.000000 2.732964
 1135.000000 2.661973
 1136.000000 2.639177
 1137.000000 2.672726
 1138.000000 2.495750
 1139.000000 2.732432
 1140.000000 2.730422
 1141.000000 2.737437
 1142.000000 2.637108
 1143.000000 2.649389
 1144.000000 2.763882
 1145.000000 2.651978
 1146.000000 2.556605
 1147.000000 2.547023
 1148.000000 2.999821
 1149.000000 2.794499
 1150.000000 2.774325
 1151.000000 2.695664
 1152.000000 2.718552
 1153.000000 2.753480
 1154.000000 2.657952
 1155.000000 2.677149
 1156.000000 2.828524
 1157.000000 2.882282
 1158.000000 2.721725
 1159.000000 2.725761
 1160.000000 2.676367
 1161.000000 2.785661
 1162.000000 2.850873
 1163.000000 2.798518
 1164.000000 2.665585
 1165.000000 2.764691
 1166.000000 2.861998
 1167.000000 2.735192
 1168.000000 2.644569
 1169.000000 2.715795
 1170.000000 2.723052
 1171.000000 2.787378
 1172.000000 2.779255
 1173.000000 2.709312
 1174.000000 2.787005
 1175.000000 2.630549
 1176.000000 2.809052
 1177.000000 2.750886
 1178.000000 2.752491
 1179.000000 2.693231
 1180.000000 2.783855
 1181.000000 2.568089
 1182.000000 2.670749
 1183.000000 2.692197
 1184.000000 2.567463
 1185.000000 2.540274
 1186.000000 2.564013
 1187.000000 2.526322
 1188.000000 2.454912
 1189.000000 2.449704
 1190.000000 2.543576
 1191.000000 2.614175
 1192.000000 2.531957
 1193.000000 2.634818
 1194.000000 2.558081
 1195.000000 2.477438
 1196.000000 2.662034
 1197.000000 2.770075
 1198.000000 2.626016
 1199.000000 2.576161
 1200.000000 2.553175
 1201.000000 2.587048
 1202.000000 2.515906
 1203.000000 2.513631
 1204.000000 2.545219
 1205.000000 2.567071
 1206.000000 2.501015
 1207.000000 2.312201
 1208.000000 2.400932
 1209.000000 2.454374
 1210.000000 2.674215
 1211.000000 2.590922
 1212.000000 2.537784
 1213.000000 2.611605
 1214.000000 2.658920
 1215.000000 3.022653
 1216.000000 2.793683
 1217.000000 2.572105
 1218.000000 2.756727
 1219.000000 2.647619
 1220.000000 2.539899
 1221.000000 2.529225
 1222.000000 2.847116
 1223.000000 2.757729
 1224.000000 2.828143
 1225.000000 2.841702
 1226.000000 3.156880
 1227.000000 3.083156
 1228.000000 3.302358
 1229.000000 3.087353
 1230.000000 3.235849
 1231.000000 3.099970
 1232.000000 3.059472
 1233.000000 3.188499
 1234.000000 3.167129
 1235.000000 3.353484
 1236.000000 3.244880
 1237.000000 3.397040
 1238.000000 3.213293
 1239.000000 3.249325
 1240.000000 3.003791
 1241.000000 3.037008
 1242.000000 2.856522
 1243.000000 2.730743
 1244.000000 2.546521
 1245.000000 2.909605
 1246.000000 2.846143
 1247.000000 2.930499
 1248.000000 2.628519
 1249.000000 2.848090
 1250.000000 2.744330
 1251.000000 3.041483
 1252.000000 2.846416
 1253.000000 2.884016
 1254.000000 2.461133
 1255.000000 2.907097
 1256.000000 3.023016
 1257.000000 3.069814
 1258.000000 3.135971
 1259.000000 3.175910
 1260.000000 3.165129
 1261.000000 3.151691
 1262.000000 3.231215
 1263.000000 3.188548
 1264.000000 3.210535
 1265.000000 3.131224
 1266.000000 3.030022
 1267.000000 3.014991
 1268.000000 3.024764
 1269.000000 2.978808
 1270.000000 2.779150
 1271.000000 2.936908
 1272.000000 3.011758
 1273.000000 2.922433
 1274.000000 3.137351
 1275.000000 3.314275
 1276.000000 3.113197
 1277.000000 3.100995
 1278.000000 3.164213
 1279.000000 3.104083
 1280.000000 2.695404
 1281.000000 2.875418
 1282.000000 2.880073
 1283.000000 3.050310
 1284.000000 2.920195
 1285.000000 2.977525
 1286.000000 3.167467
 1287.000000 3.101934
 1288.000000 2.781604
 1289.000000 2.917415
 1290.000000 2.812992
 1291.000000 2.854250
 1292.000000 2.884957
 1293.000000 2.856860
 1294.000000 2.948571
 1295.000000 2.836286
 1296.000000 2.772756
 1297.000000 2.860565
 1298.000000 2.800476
 1299.000000 2.745914
 1300.000000 2.777567
 1301.000000 2.529679
 1302.000000 2.525996
 1303.000000 2.551817
 1304.000000 2.612827
 1305.000000 2.592680
 1306.000000 2.538569
 1307.000000 2.449674
 1308.000000 2.293176
 1309.000000 2.469684
 1310.000000 2.439918
 1311.000000 2.492205
 1312.000000 2.399925
 1313.000000 2.292235
 1314.000000 2.306687
 1315.000000 2.326879
 1316.000000 2.295627
 1317.000000 2.236606
 1318.000000 2.355039
 1319.000000 2.391948
 1320.000000 2.368144
 1321.000000 2.320486
 1322.000000 2.402980
 1323.000000 2.348507
 1324.000000 2.327948
 1325.000000 2.367347
 1326.000000 2.296468
 1327.000000 2.310260
 1328.000000 2.478108
 1329.000000 2.486356
 1330.000000 2.704601
 1331.000000 2.493274
 1332.000000 2.585008
 1333.000000 2.815737
 1334.000000 2.900255
 1335.000000 2.702101
 1336.000000 2.368806
 1337.000000 2.585649
 1338.000000 2.729867
 1339.000000 2.715708
 1340.000000 2.597212
 1341.000000 2.535715
 1342.000000 2.548442
 1343.000000 2.612432
 1344.000000 2.887204
 1345.000000 2.723163
 1346.000000 2.688702
 1347.000000 3.137440
 1348.000000 3.015242
 1349.000000 3.187637
 1350.000000 3.142020
 1351.000000 3.095198
 1352.000000 3.225368
 1353.000000 3.154784
 1354.000000 3.281906
 1355.000000 3.147747
 1356.000000 3.290789
 1357.000000 3.352218
 1358.000000 3.290392
 1359.000000 3.311789
 1360.000000 3.339123
 1361.000000 3.306601
 1362.000000 3.324586
 1363.000000 3.388670
 1364.000000 3.210647
 1365.000000 3.326173
 1366.000000 3.390115
 1367.000000 3.325927
 1368.000000 3.337298
 1369.000000 3.415697
 1370.000000 3.407377
 1371.000000 3.314858
 1372.000000 3.375542
 1373.000000 3.198744
 1374.000000 2.972792
 1375.000000 3.244405
 1376.000000 2.836300
 1377.000000 2.871230
 1378.000000 3.181055
 1379.000000 2.772113
 1380.000000 3.022760
 1381.000000 2.895483
 1382.000000 3.110214
 1383.000000 3.365748
 1384.000000 3.519979
 1385.000000 3.377715
 1386.000000 3.186864
 1387.000000 3.464754
 1388.000000 3.475517
 1389.000000 3.310039
 1390.000000 3.262747
 1391.000000 3.235456
 1392.000000 3.421369
 1393.000000 3.461158
 1394.000000 3.400147
 1395.000000 3.373655
 1396.000000 3.187167
 1397.000000 3.081391
 1398.000000 3.301275
 1399.000000 3.046662
 1400.000000 3.291302
 1401.000000 3.321799
 1402.000000 3.211087
 1403.000000 3.040233
 1404.000000 3.106608
 1405.000000 3.019802
 1406.000000 3.192870
 1407.000000 3.331793
 1408.000000 3.088648
 1409.000000 3.240171
 1410.000000 3.049806
 1411.000000 3.029715
 1412.000000 3.153833
 1413.000000 2.959054
 1414.000000 3.014777
 1415.000000 2.915159
 1416.000000 2.901548
 1417.000000 2.927646
 1418.000000 2.997180
 1419.000000 2.932707
 1420.000000 2.688214
 1421.000000 2.728564
 1422.000000 3.020994
 1423.000000 3.074923
 1424.000000 3.284212
 1425.000000 3.198855
 1426.000000 3.034494
 1427.000000 3.122385
 1428.000000 3.086123
 1429.000000 3.189238
 1430.000000 2.698246
 1431.000000 2.745868
 1432.000000 2.840114
 1433.000000 2.964073
 1434.000000 2.906060
 1435.000000 2.780734
 1436.000000 2.923035
 1437.000000 3.064464
 1438.000000 3.131233
 1439.000000 3.211371
 1440.000000 3.105067
 1441.000000 3.038422
 1442.000000 3.121504
 1443.000000 2.992852
 1444.000000 3.113363
 1445.000000 3.125448
 1446.000000 3.422941
 1447.000000 3.355759
 1448.000000 3.316682
 1449.000000 3.485803
 1450.000000 3.446365
 1451.000000 3.374356
 1452.000000 3.004440
 1453.000000 3.127726
 1454.000000 3.340882
 1455.000000 3.344321
 1456.000000 3.348141
 1457.000000 3.203907
 1458.000000 3.146658
 1459.000000 3.385702
 1460.000000 3.296894
 1461.000000 3.204544
 1462.000000 3.128727
 1463.000000 3.193129
 1464.000000 3.155594
 1465.000000 3.155386
 1466.000000 3.081975
 1467.000000 3.186401
 1468.000000 3.048433
 1469.000000 3.072972
 1470.000000 2.775161
 1471.000000 2.914608
 1472.000000 2.716416
 1473.000000 2.757200
 1474.000000 2.628455
 1475.000000 2.400925
 1476.000000 2.384002
 1477.000000 2.364115
 1478.000000 2.347618
 1479.000000 2.332315
 1480.000000 2.492712
 1481.000000 2.414140
 1482.000000 2.387431
 1483.000000 2.500672
 1484.000000 2.469571
 1485.000000 2.482483
 1486.000000 2.484884
 1487.000000 2.537898
 1488.000000 2.506856
 1489.000000 2.638444
 1490.000000 2.618206
 1491.000000 2.693316
 1492.000000 2.673139
 1493.000000 2.417667
 1494.000000 2.475698
 1495.000000 2.747385
 1496.000000 2.800028
 1497.000000 2.843799
 1498.000000 2.799681
 1499.000000 2.739506
 1500.000000 2.887844
 1501.000000 2.704286
 1502.000000 2.693542
 1503.000000 2.739415
 1504.000000 2.860262
 1505.000000 2.933537
 1506.000000 2.659152
 1507.000000 2.540083
 1508.000000 2.480890
 1509.000000 2.751248
 1510.000000 2.493601
 1511.000000 2.399709
 1512.000000 2.302390
 1513.000000 2.446907
 1514.000000 2.485365
 1515.000000 2.411732
 1516.000000 2.604680
 1517.000000 2.587809
 1518.000000 2.653094
 1519.000000 2.865437
 1520.000000 2.902400
 1521.000000 2.852112
 1522.000000 3.016024
 1523.000000 2.999694
 1524.000000 2.993596
 1525.000000 2.829310
 1526.000000 2.967226
 1527.000000 2.858505
 1528.000000 3.102782
 1529.000000 3.067963
 1530.000000 2.962412
 1531.000000 2.909919
 1532.000000 2.958621
 1533.000000 3.074256
 1534.000000 3.063008
 1535.000000 2.906253
 1536.000000 2.930136
 1537.000000 2.831377
 1538.000000 2.956954
 1539.000000 2.959515
 1540.000000 3.049815
 1541.000000 2.923072
 1542.000000 3.051310
 1543.000000 3.253540
 1544.000000 3.356502
 1545.000000 3.417743
 1546.000000 3.559324
 1547.000000 3.442840
 1548.000000 3.421291
 1549.000000 3.523781
 1550.000000 3.586687
 1551.000000 3.769294
 1552.000000 3.646974
 1553.000000 3.715465
 1554.000000 3.762752
 1555.000000 3.704440
 1556.000000 3.568121
 1557.000000 3.520880
 1558.000000 3.317113
 1559.000000 3.350350
 1560.000000 3.029430
 1561.000000 2.940427
 1562.000000 3.060900
 1563.000000 2.905263
 1564.000000 2.908824
 1565.000000 3.130823
 1566.000000 3.123527
 1567.000000 3.120037
 1568.000000 2.981089
 1569.000000 3.105770
 1570.000000 3.223884
 1571.000000 3.183164
 1572.000000 3.243741
 1573.000000 3.184434
 1574.000000 3.372293
 1575.000000 3.178807
 1576.000000 3.212238
 1577.000000 3.153081
 1578.000000 2.937188
 1579.000000 3.187552
 1580.000000 3.288409
 1581.000000 3.298488
 1582.000000 3.273796
 1583.000000 3.047125
 1584.000000 3.235145
 1585.000000 3.179833
 1586.000000 3.162872
 1587.000000 3.112633
 1588.000000 2.977558
 1589.000000 2.937283
 1590.000000 3.057381
 1591.000000 3.240738
 1592.000000 3.302080
 1593.000000 3.338451
 1594.000000 3.326490
 1595.000000 3.323162
 1596.000000 3.050855
 1597.000000 3.362126
 1598.000000 3.155561
 1599.000000 2.927165
 1600.000000 2.963703
 1601.000000 3.111174
 1602.000000 3.055316
 1603.000000 2.911430
 1604.000000 3.008713
 1605.000000 3.019897
 1606.000000 3.144276
 1607.000000 3.222414
 1608.000000 3.311434
 1609.000000 3.408678
 1610.000000 3.317618
 1611.000000 3.305402
 1612.000000 3.133408
 1613.000000 2.828910
 1614.000000 2.835033
 1615.000000 2.645493
 1616.000000 2.816710
 1617.000000 3.038888
 1618.000000 2.858338
 1619.000000 2.721911
 1620.000000 2.587164
 1621.000000 2.729653
 1622.000000 2.862930
 1623.000000 3.037682
 1624.000000 2.951319
 1625.000000 2.671238
 1626.000000 2.884523
 1627.000000 3.043284
 1628.000000 2.859021
 1629.000000 2.942866
 1630.000000 2.966102
 1631.000000 2.834697
 1632.000000 2.870304
 1633.000000 2.904593
 1634.000000 2.770206
 1635.000000 2.592409
 1636.000000 2.455374
 1637.000000 2.289076
 1638.000000 2.409996
 1639.000000 2.483819
 1640.000000 2.399385
 1641.000000 2.386269
 1642.000000 2.720225
 1643.000000 2.620148
 1644.000000 2.626883
 1645.000000 2.667391
 1646.000000 2.630288
 1647.000000 3.034095
 1648.000000 3.061105
 1649.000000 3.140921
 1650.000000 3.295958
 1651.000000 3.149505
 1652.000000 3.167975
 1653.000000 3.140084
 1654.000000 3.392331
 1655.000000 3.246059
 1656.000000 3.165679
 1657.000000 3.252752
 1658.000000 2.722848
 1659.000000 3.044531
 1660.000000 3.150317
 1661.000000 3.091147
 1662.000000 2.887265
 1663.000000 2.690045
 1664.000000 2.676964
 1665.000000 2.502985
 1666.000000 2.022719
 1667.000000 1.929973
 1668.000000 1.752615
 1669.000000 1.909147
 1670.000000 1.576413
 1671.000000 1.435399
 1672.000000 1.412332
 1673.000000 1.617436
 1674.000000 1.214887
 1675.000000 1.088150
 1676.000000 1.270869
 1677.000000 1.011949
 1678.000000 1.529168
 1679.000000 2.042262
 1680.000000 1.985238
 1681.000000 2.634957
 1682.000000 3.221768
 1683.000000 3.115363
 1684.000000 2.455398
 1685.000000 1.617430
 1686.000000 1.577523
 1687.000000 1.902261
 1688.000000 1.752021
 1689.000000 1.560621
 1690.000000 3.734806
 1691.000000 3.617467
 1692.000000 3.070746
 1693.000000 3.807874
 1694.000000 3.568640
 1695.000000 3.355941
 1696.000000 2.965817
 1697.000000 2.892794
 1698.000000 2.380159
 1699.000000 1.022197
 1700.000000 1.871659
 1701.000000 1.984396
 1702.000000 3.175921
 1703.000000 3.451001
 1704.000000 4.542625
 1705.000000 4.761245
 1706.000000 2.904870
 1707.000000 2.199520
 1708.000000 2.103592
 1709.000000 3.834182
 1710.000000 3.320672
 1711.000000 3.422170
 1712.000000 3.387363
 1713.000000 2.843802
 1714.000000 3.120969
 1715.000000 4.076512
 1716.000000 3.798002
 1717.000000 4.338123
 1718.000000 3.409326
 1719.000000 3.672903
 1720.000000 4.215138
 1721.000000 4.493490
 1722.000000 3.901909
 1723.000000 3.302761
 1724.000000 3.088322
 1725.000000 1.823557
 1726.000000 2.183709
 1727.000000 1.635848
 1728.000000 1.639304
 1729.000000 1.953810
 1730.000000 1.374422
 1731.000000 1.780191
 1732.000000 1.541888
 1733.000000 1.619662
 1734.000000 1.641538
 1735.000000 1.601064
 1736.000000 1.931772
 1737.000000 1.812807
 1738.000000 2.153749
 1739.000000 2.528326
 1740.000000 2.398031
 1741.000000 1.782889
 1742.000000 3.520193
 1743.000000 2.437213
 1744.000000 3.127935
 1745.000000 2.027108
 1746.000000 1.872825
 1747.000000 2.261745
 1748.000000 3.132456
 1749.000000 2.651711
 1750.000000 2.166147
 1751.000000 2.838688
 1752.000000 3.060234
 1753.000000 2.634319
 1754.000000 2.662154
 1755.000000 3.006591
 1756.000000 2.049163
 1757.000000 0.776467
 1758.000000 0.876228
 1759.000000 1.013742
 1760.000000 0.609975
 1761.000000 0.979425
 1762.000000 0.522464
 1763.000000 0.400397
 1764.000000 0.399613
 1765.000000 1.255858
 1766.000000 2.002493
 1767.000000 2.179722
 1768.000000 2.273561
 1769.000000 2.055649
 1770.000000 3.616020
 1771.000000 4.730309
 1772.000000 4.845334
 1773.000000 4.051892
 1774.000000 3.609969
 1775.000000 2.828313
 1776.000000 3.081529
 1777.000000 2.719928
 1778.000000 4.052284
 1779.000000 2.467060
 1780.000000 2.622350
 1781.000000 3.340456
 1782.000000 3.566390
 1783.000000 3.542526
 1784.000000 4.122480
 1785.000000 3.267777
 1786.000000 3.047380
 1787.000000 2.688207
 1788.000000 3.086801
 1789.000000 4.023106
 1790.000000 3.364486
 1791.000000 3.719863
 1792.000000 3.390277
 1793.000000 3.884941
 1794.000000 3.621097
 1795.000000 3.673304
 1796.000000 3.649500
 1797.000000 3.565976
 1798.000000 3.366054
 1799.000000 3.071098
 1800.000000 3.464159
 1801.000000 3.161422
 1802.000000 3.953785
 1803.000000 3.816992
 1804.000000 2.846679
 1805.000000 2.661928
 1806.000000 2.681263
 1807.000000 2.911278
 1808.000000 3.032101
 1809.000000 3.099075
 1810.000000 3.178744
 1811.000000 3.145248
 1812.000000 2.977449
 1813.000000 2.954558
 1814.000000 3.096031
 1815.000000 2.876313
 1816.000000 2.779971
 1817.000000 2.914622
 1818.000000 2.707625
 1819.000000 2.855382
 1820.000000 2.824066
 1821.000000 2.991253
 1822.000000 2.965934
 1823.000000 2.877232
 1824.000000 2.915761
 1825.000000 2.832351
 1826.000000 2.704045
 1827.000000 2.742987
 1828.000000 2.667783
 1829.000000 2.611849
 1830.000000 1.871701
 1831.000000 1.623076
 1832.000000 3.667234
 1833.000000 3.416913
 1834.000000 3.036372
 1835.000000 3.169861
 1836.000000 1.796451
 1837.000000 2.985561
 1838.000000 2.876715
 1839.000000 3.579903
 1840.000000 3.946529
 1841.000000 3.792664
 1842.000000 3.844698
 1843.000000 3.779236
 1844.000000 3.731879
 1845.000000 3.845813
 1846.000000 3.840108
 1847.000000 3.640132
 1848.000000 3.676499
 1849.000000 4.095046
 1850.000000 3.874764
 1851.000000 3.787531
 1852.000000 3.550948
 1853.000000 3.632197
 1854.000000 3.571365
 1855.000000 3.431227
 1856.000000 3.217799
 1857.000000 3.070921
 1858.000000 2.256922
 1859.000000 2.962467
 1860.000000 3.181986
 1861.000000 3.477789
 1862.000000 3.117163
 1863.000000 3.883260
 1864.000000 3.005454
 1865.000000 4.057721
 1866.000000 2.722909
 1867.000000 2.409028
 1868.000000 2.427194
 1869.000000 2.362657
 1870.000000 2.776044
 1871.000000 3.559689
 1872.000000 3.059681
 1873.000000 3.980849
 1874.000000 4.224128
 1875.000000 4.150535
 1876.000000 3.889649
 1877.000000 3.672921
 1878.000000 3.696139
 1879.000000 3.684919
 1880.000000 3.752605
 1881.000000 3.548593
 1882.000000 3.924780
 1883.000000 4.032809
 1884.000000 3.948007
 1885.000000 3.978526
 1886.000000 3.990167
 1887.000000 3.953790
 1888.000000 4.044892
 1889.000000 3.669430
 1890.000000 3.893664
 1891.000000 4.451031
 1892.000000 3.982146
 1893.000000 3.931055
 1894.000000 4.083205
 1895.000000 4.207323
 1896.000000 3.990835
 1897.000000 4.012184
 1898.000000 4.666859
 1899.000000 3.848029
 1900.000000 3.462120
 1901.000000 3.502635
 1902.000000 3.484667
 1903.000000 3.426478
 1904.000000 2.137359
 1905.000000 2.861848
 1906.000000 3.148921
 1907.000000 3.730118
 1908.000000 3.618442
 1909.000000 3.377947
 1910.000000 3.906592
 1911.000000 2.269367
 1912.000000 3.304202
 1913.000000 4.076203
 1914.000000 4.197771
 1915.000000 2.466913
 1916.000000 2.818144
 1917.000000 3.188197
 1918.000000 4.101261
 1919.000000 2.391314
 1920.000000 0.210191
 1921.000000 0.479950
 1922.000000 0.230922
 1923.000000 0.559290
 1924.000000 0.618370
 1925.000000 0.995111
 1926.000000 1.679419
 1927.000000 1.803820
 1928.000000 1.588708
 1929.000000 0.749216
 1930.000000 1.333810
 1931.000000 1.030510
 1932.000000 1.822526
 1933.000000 2.127877
 1934.000000 1.913044
 1935.000000 1.872452
 1936.000000 2.110365
 1937.000000 2.300752
 1938.000000 1.700111
 1939.000000 2.263811
 1940.000000 2.004339
 1941.000000 2.479925
 1942.000000 2.457536
 1943.000000 2.690587
 1944.000000 2.719253
 1945.000000 2.501068
 1946.000000 2.734548
 1947.000000 2.535183
 1948.000000 2.686343
 1949.000000 2.552327
 1950.000000 2.810744
 1951.000000 2.577702
 1952.000000 2.767781
 1953.000000 2.714261
 1954.000000 2.634038
 1955.000000 2.341903
 1956.000000 2.399167
 1957.000000 2.430070
 1958.000000 2.340987
 1959.000000 2.529769
 1960.000000 2.391151
 1961.000000 2.206471
 1962.000000 1.919569
 1963.000000 2.263131
 1964.000000 1.721580
 1965.000000 2.839679
 1966.000000 2.734250
 1967.000000 1.524171
 1968.000000 2.348357
 1969.000000 2.921304
 1970.000000 2.639051
 1971.000000 1.984568
 1972.000000 2.910709
 1973.000000 1.849945
 1974.000000 2.429601
 1975.000000 1.828386
 1976.000000 2.160376
 1977.000000 1.575254
 1978.000000 1.929307
 1979.000000 2.936331
 1980.000000 2.136197
 1981.000000 3.336541
 1982.000000 3.533267
 1983.000000 4.268399
 1984.000000 4.014721
 1985.000000 3.459043
 1986.000000 3.154960
 1987.000000 3.602966
 1988.000000 3.462696
 1989.000000 3.216283
 1990.000000 3.198832
 1991.000000 3.036030
 1992.000000 3.439510
 1993.000000 3.580978
 1994.000000 3.632622
 1995.000000 2.555140
 1996.000000 1.704339
 1997.000000 3.588272
 1998.000000 2.966277
 1999.000000 2.769540
 2000.000000 3.124260
 2001.000000 2.749932
 2002.000000 2.520835
 2003.000000 2.757885
 2004.000000 2.652722
 2005.000000 2.978493
 2006.000000 2.368904
 2007.000000 2.452866
 2008.000000 2.579555
 2009.000000 3.190787
 2010.000000 2.939130
 2011.000000 2.648270
 2012.000000 2.961642
 2013.000000 2.573571
 2014.000000 3.096885
 2015.000000 2.977376
 2016.000000 2.643337
 2017.000000 3.194437
 2018.000000 3.814324
 2019.000000 4.198754
 2020.000000 3.767530
 2021.000000 3.799673
 2022.000000 3.787043
 2023.000000 3.738972
 2024.000000 3.866529
