#! FIELDS time r25.min
 0.000000 2.341729
 1.000000 2.389460
 2.000000 2.147852
 3.000000 2.632249
 4.000000 2.089130
 5.000000 1.125482
 6.000000 0.844528
 7.000000 0.494581
 8.000000 0.664322
 9.000000 2.329550
 10.000000 1.403462
 11.000000 1.626678
 12.000000 3.647047
 13.000000 3.827105
 14.000000 3.336148
 15.000000 3.602553
 16.000000 3.693502
 17.000000 3.625209
 18.000000 3.480186
 19.000000 3.427443
 20.000000 3.253243
 21.000000 3.314095
 22.000000 3.371350
 23.000000 3.308280
 24.000000 3.753939
 25.000000 1.864588
 26.000000 1.670786
 27.000000 1.476364
 28.000000 1.770277
 29.000000 1.993193
 30.000000 1.599272
 31.000000 1.597302
 32.000000 3.215941
 33.000000 3.314688
 34.000000 2.382933
 35.000000 2.916838
 36.000000 2.858767
 37.000000 2.421925
 38.000000 3.920231
 39.000000 3.733313
 40.000000 4.025286
 41.000000 4.053557
 42.000000 4.289026
 43.000000 2.675892
 44.000000 0.727772
 45.000000 0.254973
 46.000000 0.958498
 47.000000 1.372310
 48.000000 1.183363
 49.000000 1.616674
 50.000000 1.079220
 51.000000 0.903255
 52.000000 0.617343
 53.000000 1.250610
 54.000000 0.546827
 55.000000 0.518445
 56.000000 0.577540
 57.000000 0.425507
 58.000000 0.804223
 59.000000 0.839025
 60.000000 0.773603
 61.000000 0.395862
 62.000000 0.548312
 63.000000 1.218217
 64.000000 0.954245
 65.000000 1.495304
 66.000000 2.507700
 67.000000 3.491859
 68.000000 3.011797
 69.000000 3.099038
 70.000000 3.197661
 71.000000 3.420307
 72.000000 3.813848
 73.000000 4.267553
 74.000000 4.021153
 75.000000 3.246658
 76.000000 4.324812
 77.000000 4.014683
 78.000000 3.236100
 79.000000 3.053935
 80.000000 2.768494
 81.000000 2.991773
 82.000000 2.662323
 83.000000 2.743614
 84.000000 3.637214
 85.000000 3.196883
 86.000000 3.304741
 87.000000 3.463167
 88.000000 3.997900
 89.000000 3.802693
 90.000000 4.341581
 91.000000 4.394190
 92.000000 4.266924
 93.000000 3.592423
 94.000000 3.691051
 95.000000 4.565955
 96.000000 4.384439
 97.000000 2.297933
 98.000000 1.059118
 99.000000 0.868880
 100.000000 2.626698
 101.000000 1.516459
 102.000000 2.887251
 103.000000 1.940438
 104.000000 3.865615
 105.000000 3.439732
 106.000000 4.293316
 107.000000 2.479925
 108.000000 0.610050
 109.000000 0.940208
 110.000000 0.780384
 111.000000 1.199105
 112.000000 1.567284
 113.000000 2.613685
 114.000000 2.470071
 115.000000 2.261038
 116.000000 2.191104
 117.000000 2.724342
 118.000000 2.485234
 119.000000 2.081648
 120.000000 2.241081
 121.000000 2.009863
 122.000000 2.226495
 123.000000 2.151080
 124.000000 2.077116
 125.000000 1.839679
 126.000000 2.503825
 127.000000 1.248256
 128.000000 1.754997
 129.000000 0.514502
 130.000000 0.729066
 131.000000 1.140705
 132.000000 0.875795
 133.000000 0.541664
 134.000000 1.125443
 135.000000 1.288366
 136.000000 1.742998
 137.000000 0.980516
 138.000000 0.558987
 139.000000 1.061329
 140.000000 0.724886
 141.000000 1.119393
 142.000000 2.087064
 143.000000 2.508935
 144.000000 2.440638
 145.000000 1.344957
 146.000000 3.095770
 147.000000 3.434642
 148.000000 2.502089
 149.000000 2.478623
 150.000000 2.947694
 151.000000 2.706971
 152.000000 2.410835
 153.000000 3.204677
 154.000000 3.281277
 155.000000 3.297637
 156.000000 3.187172
 157.000000 2.522371
 158.000000 2.784889
 159.000000 2.851059
 160.000000 3.245888
 161.000000 3.181445
 162.000000 3.984546
 163.000000 2.687409
 164.000000 2.456949
 165.000000 3.757553
 166.000000 3.493960
 167.000000 3.117627
 168.000000 3.141610
 169.000000 3.594218
 170.000000 3.553115
 171.000000 3.355869
 172.000000 3.619117
 173.000000 3.645114
 174.000000 3.484620
 175.000000 3.627969
 176.000000 3.672999
 177.000000 3.584922
 178.000000 3.491826
 179.000000 3.621517
 180.000000 3.594581
 181.000000 3.656861
 182.000000 3.564068
 183.000000 3.477319
 184.000000 3.436144
 185.000000 3.634519
 186.000000 3.544109
 187.000000 3.680672
 188.000000 3.697231
 189.000000 3.647858
 190.000000 3.762459
 191.000000 3.814011
 192.000000 3.898737
 193.000000 3.704426
 194.000000 3.823363
 195.000000 3.728692
 196.000000 3.798934
 197.000000 3.785341
 198.000000 3.676740
 199.000000 3.653111
 200.000000 3.617103
 201.000000 3.606408
 202.000000 3.635210
 203.000000 3.710676
 204.000000 3.187805
 205.000000 2.673735
 206.000000 1.934371
 207.000000 2.182346
 208.000000 2.356322
 209.000000 2.739236
 210.000000 2.697296
 211.000000 2.574612
 212.000000 2.131757
 213.000000 2.345025
 214.000000 2.769966
 215.000000 2.780981
 216.000000 2.965342
 217.000000 2.639784
 218.000000 2.929198
 219.000000 3.179366
 220.000000 2.898273
 221.000000 3.179716
 222.000000 3.188954
 223.000000 3.130042
 224.000000 3.261952
 225.000000 3.360592
 226.000000 3.157613
 227.000000 3.022531
 228.000000 3.137986
 229.000000 3.192778
 230.000000 3.187122
 231.000000 3.293985
 232.000000 3.150452
 233.000000 3.488389
 234.000000 3.506849
 235.000000 3.402442
 236.000000 3.346469
 237.000000 3.473799
 238.000000 3.082107
 239.000000 3.341083
 240.000000 3.513671
 241.000000 3.450070
 242.000000 3.212726
 243.000000 3.421242
 244.000000 4.252527
 245.000000 3.750829
 246.000000 3.620444
 247.000000 3.732005
 248.000000 3.826293
 249.000000 3.797955
 250.000000 3.913650
 251.000000 3.854525
 252.000000 4.058617
 253.000000 3.853763
 254.000000 3.913437
 255.000000 3.354459
 256.000000 3.649540
 257.000000 3.302174
 258.000000 3.395097
 259.000000 3.662678
 260.000000 3.400753
 261.000000 3.363893
 262.000000 4.156022
 263.000000 3.917035
 264.000000 2.885694
 265.000000 2.015024
 266.000000 1.866416
 267.000000 3.010175
 268.000000 3.924468
 269.000000 4.230062
 270.000000 4.453996
 271.000000 4.376619
 272.000000 3.815919
 273.000000 4.440117
 274.000000 4.210652
 275.000000 3.517610
 276.000000 3.268325
 277.000000 2.927577
 278.000000 2.486611
 279.000000 2.894368
 280.000000 3.453033
 281.000000 4.075371
 282.000000 2.806411
 283.000000 3.240714
 284.000000 1.970921
 285.000000 3.772050
 286.000000 3.665480
 287.000000 4.166643
 288.000000 3.589029
 289.000000 2.399695
 290.000000 3.180081
 291.000000 3.390357
 292.000000 3.118258
 293.000000 3.367195
 294.000000 3.026610
 295.000000 2.650673
 296.000000 2.740793
 297.000000 3.366188
 298.000000 2.923867
 299.000000 2.261529
 300.000000 2.101440
 301.000000 2.296949
 302.000000 2.781565
 303.000000 3.264227
 304.000000 3.728992
 305.000000 3.414687
 306.000000 3.585322
 307.000000 3.495044
 308.000000 2.739584
 309.000000 2.776041
 310.000000 1.778952
 311.000000 1.138183
 312.000000 2.715551
 313.000000 3.250759
 314.000000 3.238991
 315.000000 3.033757
 316.000000 3.744269
 317.000000 3.422189
 318.000000 3.762209
 319.000000 3.226286
 320.000000 3.743293
 321.000000 3.058103
 322.000000 2.687782
 323.000000 3.118448
 324.000000 3.060569
 325.000000 3.484071
 326.000000 3.729673
 327.000000 3.708566
 328.000000 2.909273
 329.000000 3.561271
 330.000000 2.598663
 331.000000 3.198145
 332.000000 2.989903
 333.000000 1.887643
 334.000000 0.454761
 335.000000 2.745276
 336.000000 3.682825
 337.000000 3.653816
 338.000000 3.430153
 339.000000 3.656424
 340.000000 3.774759
 341.000000 3.676793
 342.000000 3.589340
 343.000000 3.637339
 344.000000 3.476892
 345.000000 3.390547
 346.000000 3.296317
 347.000000 3.659358
 348.000000 3.731582
 349.000000 3.699378
 350.000000 3.552840
 351.000000 3.416782
 352.000000 3.363956
 353.000000 3.515008
 354.000000 3.582701
 355.000000 3.057957
 356.000000 3.310718
 357.000000 3.292423
 358.000000 2.814621
 359.000000 3.119546
 360.000000 3.436620
 361.000000 3.594511
 362.000000 3.586062
 363.000000 3.861009
 364.000000 4.000482
 365.000000 3.900637
 366.000000 3.614857
 367.000000 3.648237
 368.000000 3.471883
 369.000000 3.707063
 370.000000 3.669689
 371.000000 3.434633
 372.000000 3.297341
 373.000000 3.599357
 374.000000 3.409659
 375.000000 3.385153
 376.000000 3.342698
 377.000000 3.548729
 378.000000 3.495173
 379.000000 3.519356
 380.000000 3.311378
 381.000000 3.294853
 382.000000 3.594344
 383.000000 3.455353
 384.000000 3.390977
 385.000000 3.288397
 386.000000 3.594735
 387.000000 3.551104
 388.000000 3.700509
 389.000000 3.743250
 390.000000 3.828775
 391.000000 3.862412
 392.000000 3.759394
 393.000000 3.913717
 394.000000 3.959429
 395.000000 3.617039
 396.000000 3.624052
 397.000000 3.579285
 398.000000 3.777691
 399.000000 3.878660
 400.000000 3.945603
 401.000000 4.023971
 402.000000 3.834863
 403.000000 4.027453
 404.000000 4.060474
 405.000000 4.022468
 406.000000 3.979596
 407.000000 3.937245
 408.000000 4.021833
 409.000000 3.827452
 410.000000 3.706776
 411.000000 4.008565
 412.000000 3.966844
 413.000000 3.838826
 414.000000 3.907638
 415.000000 3.954178
 416.000000 3.997371
 417.000000 4.048774
 418.000000 4.084125
 419.000000 4.111020
 420.000000 4.036005
 421.000000 4.108056
 422.000000 3.894475
 423.000000 4.041418
 424.000000 4.136382
 425.000000 3.940968
 426.000000 4.080552
 427.000000 4.041685
 428.000000 4.046381
 429.000000 3.305966
 430.000000 4.050894
 431.000000 3.988034
 432.000000 4.195900
 433.000000 4.171065
 434.000000 4.102761
 435.000000 3.918807
 436.000000 3.866009
 437.000000 3.978231
 438.000000 4.000405
 439.000000 4.014913
 440.000000 3.983213
 441.000000 3.707492
 442.000000 3.729399
 443.000000 3.576477
 444.000000 3.694596
 445.000000 3.879371
 446.000000 3.707629
 447.000000 4.353466
 448.000000 2.682706
 449.000000 4.312958
 450.000000 4.564489
 451.000000 4.851447
 452.000000 2.797721
 453.000000 3.169715
 454.000000 2.038155
 455.000000 3.416322
 456.000000 4.545405
 457.000000 3.477496
 458.000000 3.491067
 459.000000 4.050703
 460.000000 3.847298
 461.000000 3.038513
 462.000000 2.842405
 463.000000 3.512938
 464.000000 2.973178
 465.000000 3.265530
 466.000000 3.118730
 467.000000 2.499640
 468.000000 3.174583
 469.000000 3.617164
 470.000000 4.006489
 471.000000 4.094152
 472.000000 3.618807
 473.000000 2.770210
 474.000000 1.944172
 475.000000 2.219084
 476.000000 2.502815
 477.000000 1.503448
 478.000000 1.908538
 479.000000 2.058307
 480.000000 1.948384
 481.000000 2.792654
 482.000000 3.180308
 483.000000 3.738819
 484.000000 3.707403
 485.000000 3.434230
 486.000000 3.410826
 487.000000 3.307962
 488.000000 3.067961
 489.000000 1.900606
 490.000000 1.830423
 491.000000 0.298512
 492.000000 0.872894
 493.000000 2.416434
 494.000000 2.612093
 495.000000 2.986699
 496.000000 3.202709
 497.000000 3.459472
 498.000000 3.768966
 499.000000 3.729792
 500.000000 3.962243
 501.000000 4.047720
 502.000000 4.128940
 503.000000 3.777485
 504.000000 3.563725
 505.000000 2.900131
 506.000000 3.239247
 507.000000 3.488475
 508.000000 2.721832
 509.000000 2.978158
 510.000000 3.439454
 511.000000 3.200509
 512.000000 2.832913
 513.000000 2.740323
 514.000000 3.136190
 515.000000 3.343202
 516.000000 3.884382
 517.000000 3.180206
 518.000000 3.043258
 519.000000 1.953406
 520.000000 2.609259
 521.000000 3.280312
 522.000000 3.825125
 523.000000 2.128273
 524.000000 2.066834
 525.000000 1.866402
 526.000000 0.891312
 527.000000 0.900294
 528.000000 2.450604
 529.000000 2.844470
 530.000000 2.759555
 531.000000 3.009300
 532.000000 3.083125
 533.000000 3.343365
 534.000000 2.816460
 535.000000 2.777546
 536.000000 2.880169
 537.000000 3.442388
 538.000000 3.374941
 539.000000 3.283784
 540.000000 3.192833
 541.000000 2.770911
 542.000000 3.611335
 543.000000 3.138247
 544.000000 3.233644
 545.000000 2.140977
 546.000000 2.242136
 547.000000 2.586548
 548.000000 2.535705
 549.000000 2.729966
 550.000000 2.705497
 551.000000 2.741843
 552.000000 2.768383
 553.000000 2.724353
 554.000000 2.961316
 555.000000 3.022532
 556.000000 2.886379
 557.000000 2.327295
 558.000000 2.674046
 559.000000 2.534447
 560.000000 2.438149
 561.000000 2.537945
 562.000000 2.635370
 563.000000 2.228620
 564.000000 2.197695
 565.000000 2.160732
 566.000000 2.157959
 567.000000 2.333734
 568.000000 2.322502
 569.000000 1.982288
 570.000000 1.351838
 571.000000 0.952323
 572.000000 1.425251
 573.000000 1.120838
 574.000000 1.633517
 575.000000 1.697648
 576.000000 1.939656
 577.000000 1.964130
 578.000000 2.108343
 579.000000 3.510080
 580.000000 2.604703
 581.000000 3.261604
 582.000000 2.932863
 583.000000 3.391735
 584.000000 3.333084
 585.000000 2.507331
 586.000000 3.285309
 587.000000 3.134763
 588.000000 3.299736
 589.000000 3.632080
 590.000000 4.029253
 591.000000 2.865684
 592.000000 3.655681
 593.000000 3.902015
 594.000000 3.783632
 595.000000 4.121891
 596.000000 3.957955
 597.000000 4.150495
 598.000000 3.888465
 599.000000 4.011229
 600.000000 3.971198
 601.000000 4.241883
 602.000000 4.163385
 603.000000 4.142442
 604.000000 4.118276
 605.000000 4.056650
 606.000000 4.044314
 607.000000 4.150060
 608.000000 4.051070
 609.000000 4.056527
 610.000000 3.973603
 611.000000 4.019786
 612.000000 3.912188
 613.000000 4.201400
 614.000000 4.121150
 615.000000 4.215735
 616.000000 4.204753
 617.000000 4.123360
 618.000000 4.375474
 619.000000 4.232206
 620.000000 4.088096
 621.000000 4.142017
 622.000000 4.314242
 623.000000 4.226170
 624.000000 4.069889
 625.000000 4.314966
 626.000000 4.269090
 627.000000 3.790676
 628.000000 4.225655
 629.000000 3.743004
 630.000000 3.949311
 631.000000 3.949591
 632.000000 3.786000
 633.000000 3.906745
 634.000000 4.244736
 635.000000 4.237217
 636.000000 4.282710
 637.000000 3.703932
 638.000000 3.750879
 639.000000 4.255565
 640.000000 4.307533
 641.000000 3.962349
 642.000000 4.389562
 643.000000 3.851796
 644.000000 3.779338
 645.000000 3.786430
 646.000000 4.413502
 647.000000 4.426827
 648.000000 3.747061
 649.000000 3.738697
 650.000000 3.700565
 651.000000 3.693440
 652.000000 4.103938
 653.000000 4.016835
 654.000000 4.205174
 655.000000 4.271427
 656.000000 4.347342
 657.000000 4.223558
 658.000000 4.034438
 659.000000 4.026780
 660.000000 4.053223
 661.000000 3.958075
 662.000000 4.084607
 663.000000 4.012043
 664.000000 4.003028
 665.000000 4.066248
 666.000000 3.389620
 667.000000 3.569489
 668.000000 3.583907
 669.000000 3.574678
 670.000000 3.582474
 671.000000 3.551272
 672.000000 3.551455
 673.000000 3.878313
 674.000000 3.819136
 675.000000 3.901200
 676.000000 3.858499
 677.000000 3.877968
 678.000000 3.953377
 679.000000 4.113375
 680.000000 4.079661
 681.000000 3.963618
 682.000000 3.761831
 683.000000 3.842745
 684.000000 3.848977
 685.000000 3.880218
 686.000000 3.946681
 687.000000 3.738152
 688.000000 3.867644
 689.000000 3.873606
 690.000000 3.985494
 691.000000 3.614597
 692.000000 3.378560
 693.000000 3.377256
 694.000000 3.892048
 695.000000 3.418523
 696.000000 3.142878
 697.000000 3.416030
 698.000000 4.125157
 699.000000 4.009364
 700.000000 3.947841
 701.000000 3.805694
 702.000000 3.755350
 703.000000 3.578233
 704.000000 2.775800
 705.000000 2.038949
 706.000000 2.395568
 707.000000 3.734278
 708.000000 3.594693
 709.000000 4.132364
 710.000000 4.405928
 711.000000 3.939001
 712.000000 2.928817
 713.000000 3.495143
 714.000000 3.772519
 715.000000 3.994482
 716.000000 3.311373
 717.000000 3.469872
 718.000000 2.783592
 719.000000 2.414334
 720.000000 2.568345
 721.000000 2.045915
 722.000000 3.446537
 723.000000 3.602054
 724.000000 1.831164
 725.000000 0.236814
 726.000000 2.741057
 727.000000 2.591312
 728.000000 3.687214
 729.000000 3.407842
 730.000000 3.863996
 731.000000 3.652988
 732.000000 2.905004
 733.000000 3.274549
 734.000000 4.201050
 735.000000 4.114793
 736.000000 3.440658
 737.000000 3.141173
 738.000000 3.847977
 739.000000 2.668129
 740.000000 3.535457
 741.000000 2.199827
 742.000000 3.266704
 743.000000 2.932101
 744.000000 3.395391
 745.000000 2.950241
 746.000000 2.913972
 747.000000 2.772513
 748.000000 3.228711
 749.000000 3.331831
 750.000000 3.483900
 751.000000 3.199421
 752.000000 3.451525
 753.000000 3.256597
 754.000000 2.708899
 755.000000 2.313785
 756.000000 3.477890
 757.000000 2.343832
 758.000000 2.041060
 759.000000 1.970385
 760.000000 1.191367
 761.000000 2.121252
 762.000000 2.130968
 763.000000 2.183185
 764.000000 3.382941
 765.000000 3.729867
 766.000000 3.287189
 767.000000 3.763537
 768.000000 3.724446
 769.000000 3.071839
 770.000000 3.002343
 771.000000 3.416021
 772.000000 3.442944
 773.000000 3.033813
 774.000000 2.672360
 775.000000 2.753267
 776.000000 3.060201
 777.000000 3.144486
 778.000000 3.137128
 779.000000 3.131111
 780.000000 3.493447
 781.000000 3.306038
 782.000000 3.337371
 783.000000 3.098370
 784.000000 3.518712
 785.000000 3.837650
 786.000000 4.204048
 787.000000 3.422006
 788.000000 2.618012
 789.000000 3.824669
 790.000000 2.538554
 791.000000 2.968714
 792.000000 3.446401
 793.000000 4.331493
 794.000000 4.656346
 795.000000 4.321192
 796.000000 4.052276
 797.000000 4.451208
 798.000000 3.717694
 799.000000 2.732428
 800.000000 2.500345
 801.000000 1.662115
 802.000000 1.664364
 803.000000 3.395364
 804.000000 3.551053
 805.000000 3.116312
 806.000000 3.067813
 807.000000 2.698939
 808.000000 2.461889
 809.000000 3.092411
 810.000000 3.053997
 811.000000 3.435025
 812.000000 3.605662
 813.000000 3.664737
 814.000000 2.847605
 815.000000 2.542224
 816.000000 3.310852
 817.000000 3.905369
 818.000000 3.833417
 819.000000 4.041632
 820.000000 3.213936
 821.000000 2.995986
 822.000000 3.893209
 823.000000 3.190658
 824.000000 2.879584
 825.000000 1.920704
 826.000000 2.755881
 827.000000 2.879599
 828.000000 2.644116
 829.000000 3.432063
 830.000000 3.420759
 831.000000 3.454632
 832.000000 3.284005
 833.000000 3.438763
 834.000000 3.381488
 835.000000 3.538828
 836.000000 3.559014
 837.000000 3.357912
 838.000000 3.443885
 839.000000 3.045427
 840.000000 3.335923
 841.000000 3.696705
 842.000000 1.876328
 843.000000 2.355492
 844.000000 3.360477
 845.000000 3.279115
 846.000000 3.078816
 847.000000 2.964920
 848.000000 2.676203
 849.000000 3.615674
 850.000000 3.634791
 851.000000 3.015234
 852.000000 3.493348
 853.000000 3.802350
 854.000000 3.756249
 855.000000 4.527057
 856.000000 3.570202
 857.000000 3.371896
 858.000000 4.278489
 859.000000 3.577757
 860.000000 3.225712
 861.000000 3.593024
 862.000000 3.278484
 863.000000 3.526058
 864.000000 3.687157
 865.000000 3.766209
 866.000000 3.512692
 867.000000 3.986205
 868.000000 3.662636
 869.000000 3.059889
 870.000000 3.642165
 871.000000 3.732308
 872.000000 3.507240
 873.000000 3.895114
 874.000000 3.795674
 875.000000 3.921471
 876.000000 3.737920
 877.000000 3.737674
 878.000000 3.123742
 879.000000 4.019001
 880.000000 3.484805
 881.000000 4.406190
 882.000000 2.916257
 883.000000 3.804822
 884.000000 3.404372
 885.000000 3.862754
 886.000000 3.389493
 887.000000 3.615785
 888.000000 3.147815
 889.000000 3.477937
 890.000000 3.344244
 891.000000 3.366740
 892.000000 3.884887
 893.000000 3.907023
 894.000000 3.586798
 895.000000 3.207055
 896.000000 2.922076
 897.000000 3.490160
 898.000000 3.382163
 899.000000 3.513397
 900.000000 2.980535
 901.000000 3.053673
 902.000000 3.350932
 903.000000 4.302154
 904.000000 3.558766
 905.000000 3.475920
 906.000000 2.870663
 907.000000 2.550104
 908.000000 1.750663
 909.000000 1.819738
 910.000000 1.812378
 911.000000 1.871588
 912.000000 1.786495
 913.000000 1.803190
 914.000000 1.784261
 915.000000 1.716206
 916.000000 1.774644
 917.000000 1.691563
 918.000000 1.630943
 919.000000 1.713086
 920.000000 1.723048
 921.000000 2.084099
 922.000000 2.086798
 923.000000 2.296336
 924.000000 2.370819
 925.000000 2.187465
 926.000000 2.267888
 927.000000 2.300337
 928.000000 2.319248
 929.000000 2.463720
 930.000000 2.459708
 931.000000 2.423342
 932.000000 2.300971
 933.000000 2.195141
 934.000000 2.572422
 935.000000 2.311062
 936.000000 2.123458
 937.000000 1.944946
 938.000000 2.145861
 939.000000 2.149279
 940.000000 2.307862
 941.000000 2.288894
 942.000000 2.166992
 943.000000 2.185626
 944.000000 1.906430
 945.000000 1.809802
 946.000000 1.905913
 947.000000 1.894019
 948.000000 1.982315
 949.000000 1.749681
 950.000000 1.877527
 951.000000 1.886552
 952.000000 2.149493
 953.000000 1.874994
 954.000000 2.027962
 955.000000 1.779505
 956.000000 1.399484
 957.000000 1.698765
 958.000000 1.564547
 959.000000 1.887825
 960.000000 1.862248
 961.000000 1.864468
 962.000000 2.108129
 963.000000 2.136725
 964.000000 1.562416
 965.000000 1.859687
 966.000000 2.021824
 967.000000 1.841700
 968.000000 1.761089
 969.000000 1.470408
 970.000000 1.625949
 971.000000 1.619659
 972.000000 1.575271
 973.000000 1.508268
 974.000000 1.478343
 975.000000 1.393287
 976.000000 1.301204
 977.000000 1.188647
 978.000000 2.523207
 979.000000 2.249462
 980.000000 3.002148
 981.000000 2.557881
 982.000000 4.049712
 983.000000 2.657341
 984.000000 2.168650
 985.000000 4.223950
 986.000000 3.777226
 987.000000 4.018447
 988.000000 3.860753
 989.000000 3.765477
 990.000000 3.382972
 991.000000 3.176478
 992.000000 3.438012
 993.000000 3.414639
 994.000000 3.067601
 995.000000 2.510738
 996.000000 3.146935
 997.000000 3.201722
 998.000000 2.141088
 999.000000 2.133733
 1000.000000 1.632739
 1001.000000 0.650250
 1002.000000 1.071004
 1003.000000 0.179695
 1004.000000 0.300799
 1005.000000 0.395236
 1006.000000 0.294109
 1007.000000 0.232507
 1008.000000 0.232041
 1009.000000 1.146068
 1010.000000 0.937470
 1011.000000 0.596242
 1012.000000 1.317309
 1013.000000 1.203979
 1014.000000 1.099253
 1015.000000 1.495792
 1016.000000 1.436329
 1017.000000 1.537174
 1018.000000 1.675066
 1019.000000 1.367787
 1020.000000 1.383013
 1021.000000 1.331108
 1022.000000 1.297334
 1023.000000 1.311801
 1024.000000 1.280719
 1025.000000 1.497471
 1026.000000 1.521806
 1027.000000 1.640532
 1028.000000 1.839525
 1029.000000 1.814391
 1030.000000 1.681946
 1031.000000 1.873747
 1032.000000 1.909475
 1033.000000 2.098180
 1034.000000 2.205039
 1035.000000 2.211586
 1036.000000 2.204568
 1037.000000 2.176586
 1038.000000 2.093490
 1039.000000 2.500226
 1040.000000 1.180088
 1041.000000 2.530208
 1042.000000 3.091798
 1043.000000 3.474336
 1044.000000 3.114474
 1045.000000 3.424617
 1046.000000 4.224639
 1047.000000 4.152676
 1048.000000 3.474205
 1049.000000 4.019433
 1050.000000 4.023939
 1051.000000 4.394895
 1052.000000 3.970314
 1053.000000 3.539677
 1054.000000 3.931878
 1055.000000 3.896856
 1056.000000 3.058975
 1057.000000 3.231524
 1058.000000 3.155213
 1059.000000 3.083493
 1060.000000 3.202643
 1061.000000 3.662921
 1062.000000 3.820397
 1063.000000 3.654988
 1064.000000 3.906718
 1065.000000 3.489395
 1066.000000 3.570300
 1067.000000 3.254062
 1068.000000 3.432969
 1069.000000 3.496111
 1070.000000 3.384765
 1071.000000 3.574358
 1072.000000 2.562837
 1073.000000 2.832648
 1074.000000 1.929194
 1075.000000 2.345310
 1076.000000 1.749221
 1077.000000 2.304494
 1078.000000 2.842423
 1079.000000 2.739542
 1080.000000 3.721986
 1081.000000 2.444024
 1082.000000 2.073654
 1083.000000 1.944035
 1084.000000 2.317669
 1085.000000 0.905085
 1086.000000 2.914605
 1087.000000 2.728309
 1088.000000 3.067834
 1089.000000 3.780696
 1090.000000 3.660829
 1091.000000 3.054354
 1092.000000 3.415767
 1093.000000 3.785106
 1094.000000 3.656124
 1095.000000 3.758024
 1096.000000 3.383166
 1097.000000 3.966346
 1098.000000 3.018380
 1099.000000 2.462885
 1100.000000 2.641753
 1101.000000 2.770451
 1102.000000 2.829399
 1103.000000 2.391434
 1104.000000 2.462193
 1105.000000 2.237711
 1106.000000 2.756645
 1107.000000 2.746180
 1108.000000 2.840147
 1109.000000 2.772038
 1110.000000 2.980407
 1111.000000 2.909046
 1112.000000 2.852319
 1113.000000 2.823912
 1114.000000 2.738817
 1115.000000 2.723334
 1116.000000 2.503569
 1117.000000 2.431993
 1118.000000 2.442452
 1119.000000 2.527045
 1120.000000 2.658148
 1121.000000 2.646494
 1122.000000 2.716190
 1123.000000 2.688990
 1124.000000 2.638682
 1125.000000 2.694589
 1126.000000 2.734786
 1127.000000 2.647537
 1128.000000 2.865476
 1129.000000 2.986952
 1130.000000 3.003032
 1131.000000 3.043691
 1132.000000 3.005773
 1133.000000 2.949386
 1134.000000 2.945293
 1135.000000 2.863876
 1136.000000 2.809472
 1137.000000 2.857609
 1138.000000 2.679322
 1139.000000 2.934223
 1140.000000 2.900356
 1141.000000 2.893588
 1142.000000 2.859699
 1143.000000 2.807347
 1144.000000 2.893767
 1145.000000 2.854005
 1146.000000 2.725925
 1147.000000 2.717829
 1148.000000 3.100611
 1149.000000 2.973638
 1150.000000 2.944811
 1151.000000 2.892683
 1152.000000 2.761513
 1153.000000 2.875019
 1154.000000 2.751071
 1155.000000 2.787493
 1156.000000 2.918070
 1157.000000 3.053841
 1158.000000 2.879851
 1159.000000 2.915838
 1160.000000 2.840817
 1161.000000 2.980714
 1162.000000 3.005386
 1163.000000 3.000891
 1164.000000 2.852471
 1165.000000 2.910004
 1166.000000 2.931830
 1167.000000 2.868143
 1168.000000 2.816932
 1169.000000 2.871226
 1170.000000 2.894941
 1171.000000 2.863288
 1172.000000 2.939729
 1173.000000 2.829658
 1174.000000 2.920767
 1175.000000 2.854919
 1176.000000 2.957630
 1177.000000 2.831606
 1178.000000 2.941073
 1179.000000 2.829777
 1180.000000 2.992270
 1181.000000 2.771268
 1182.000000 2.787253
 1183.000000 2.812720
 1184.000000 2.737856
 1185.000000 2.669133
 1186.000000 2.732480
 1187.000000 2.662247
 1188.000000 2.646487
 1189.000000 2.504315
 1190.000000 2.612224
 1191.000000 2.785652
 1192.000000 2.645535
 1193.000000 2.826108
 1194.000000 2.615043
 1195.000000 2.642572
 1196.000000 2.797948
 1197.000000 2.951653
 1198.000000 2.847261
 1199.000000 2.715807
 1200.000000 2.755810
 1201.000000 2.769336
 1202.000000 2.689373
 1203.000000 2.649927
 1204.000000 2.678634
 1205.000000 2.688376
 1206.000000 2.545548
 1207.000000 2.244155
 1208.000000 2.299671
 1209.000000 2.447772
 1210.000000 2.706426
 1211.000000 2.684332
 1212.000000 2.621584
 1213.000000 2.652908
 1214.000000 2.626592
 1215.000000 2.896869
 1216.000000 2.611297
 1217.000000 2.598332
 1218.000000 2.821891
 1219.000000 2.731597
 1220.000000 2.670797
 1221.000000 2.627561
 1222.000000 2.837295
 1223.000000 2.738814
 1224.000000 2.783707
 1225.000000 2.960666
 1226.000000 3.182710
 1227.000000 3.095496
 1228.000000 3.287720
 1229.000000 3.166152
 1230.000000 3.227917
 1231.000000 3.195141
 1232.000000 3.151401
 1233.000000 3.302389
 1234.000000 3.223737
 1235.000000 3.437153
 1236.000000 3.352780
 1237.000000 3.423524
 1238.000000 3.195281
 1239.000000 3.219011
 1240.000000 3.123616
 1241.000000 3.121347
 1242.000000 2.953636
 1243.000000 2.880973
 1244.000000 2.628184
 1245.000000 3.011145
 1246.000000 2.933283
 1247.000000 3.109762
 1248.000000 2.812909
 1249.000000 2.956866
 1250.000000 2.940362
 1251.000000 3.190335
 1252.000000 3.069265
 1253.000000 3.092667
 1254.000000 2.703410
 1255.000000 3.091790
 1256.000000 3.076288
 1257.000000 3.167443
 1258.000000 3.237650
 1259.000000 3.159183
 1260.000000 3.139378
 1261.000000 3.136850
 1262.000000 3.214035
 1263.000000 3.165802
 1264.000000 3.152234
 1265.000000 3.122655
 1266.000000 3.039002
 1267.000000 3.001493
 1268.000000 2.995133
 1269.000000 3.012652
 1270.000000 2.973099
 1271.000000 2.981730
 1272.000000 3.100440
 1273.000000 2.998109
 1274.000000 3.125813
 1275.000000 3.244177
 1276.000000 3.159498
 1277.000000 3.220185
 1278.000000 3.192181
 1279.000000 3.206443
 1280.000000 2.942145
 1281.000000 3.052634
 1282.000000 3.028652
 1283.000000 3.200806
 1284.000000 3.052935
 1285.000000 2.962002
 1286.000000 3.220112
 1287.000000 3.156419
 1288.000000 2.751395
 1289.000000 2.905250
 1290.000000 2.838461
 1291.000000 2.915189
 1292.000000 2.970719
 1293.000000 2.944975
 1294.000000 2.944527
 1295.000000 2.914722
 1296.000000 2.811789
 1297.000000 2.926550
 1298.000000 2.897209
 1299.000000 2.650432
 1300.000000 2.754509
 1301.000000 2.538301
 1302.000000 2.494491
 1303.000000 2.572077
 1304.000000 2.620299
 1305.000000 2.485962
 1306.000000 2.472954
 1307.000000 2.447867
 1308.000000 2.183156
 1309.000000 2.385222
 1310.000000 2.260605
 1311.000000 2.310929
 1312.000000 2.242369
 1313.000000 2.142163
 1314.000000 2.137856
 1315.000000 2.225464
 1316.000000 2.105610
 1317.000000 1.922171
 1318.000000 2.072360
 1319.000000 2.163842
 1320.000000 2.203272
 1321.000000 2.137510
 1322.000000 2.342573
 1323.000000 2.211773
 1324.000000 2.162316
 1325.000000 2.350607
 1326.000000 2.201461
 1327.000000 2.320719
 1328.000000 2.375347
 1329.000000 2.428599
 1330.000000 2.674239
 1331.000000 2.484872
 1332.000000 2.495685
 1333.000000 2.723927
 1334.000000 2.919769
 1335.000000 2.733730
 1336.000000 2.166196
 1337.000000 2.500286
 1338.000000 2.640675
 1339.000000 2.665363
 1340.000000 2.563082
 1341.000000 2.647160
 1342.000000 2.602553
 1343.000000 2.568220
 1344.000000 2.841511
 1345.000000 2.600540
 1346.000000 2.304493
 1347.000000 2.939950
 1348.000000 2.793265
 1349.000000 2.927206
 1350.000000 2.900222
 1351.000000 2.736327
 1352.000000 3.003530
 1353.000000 2.943251
 1354.000000 3.014874
 1355.000000 2.882015
 1356.000000 3.008742
 1357.000000 2.964644
 1358.000000 3.063868
 1359.000000 3.191254
 1360.000000 2.906346
 1361.000000 2.849890
 1362.000000 2.941689
 1363.000000 2.971469
 1364.000000 2.853057
 1365.000000 3.016377
 1366.000000 3.049889
 1367.000000 2.944094
 1368.000000 2.935771
 1369.000000 3.052937
 1370.000000 3.033394
 1371.000000 2.951641
 1372.000000 2.972996
 1373.000000 2.898185
 1374.000000 2.568383
 1375.000000 2.870534
 1376.000000 2.461602
 1377.000000 2.408861
 1378.000000 2.805281
 1379.000000 2.493474
 1380.000000 2.647988
 1381.000000 2.656431
 1382.000000 2.766184
 1383.000000 3.041955
 1384.000000 3.228723
 1385.000000 3.122222
 1386.000000 2.936819
 1387.000000 3.166598
 1388.000000 3.161573
 1389.000000 2.860097
 1390.000000 2.980166
 1391.000000 2.811837
 1392.000000 3.054204
 1393.000000 3.107149
 1394.000000 3.080098
 1395.000000 2.950938
 1396.000000 2.839081
 1397.000000 2.719832
 1398.000000 3.018677
 1399.000000 2.913810
 1400.000000 2.999045
 1401.000000 3.107466
 1402.000000 2.981040
 1403.000000 2.652007
 1404.000000 3.022617
 1405.000000 2.948152
 1406.000000 3.125967
 1407.000000 3.200128
 1408.000000 3.099911
 1409.000000 3.157320
 1410.000000 3.063049
 1411.000000 3.006254
 1412.000000 3.089287
 1413.000000 2.922044
 1414.000000 2.930713
 1415.000000 2.827067
 1416.000000 2.864692
 1417.000000 2.913128
 1418.000000 2.882888
 1419.000000 2.763754
 1420.000000 2.558035
 1421.000000 2.507158
 1422.000000 2.905900
 1423.000000 2.911101
 1424.000000 3.197618
 1425.000000 3.016747
 1426.000000 2.993817
 1427.000000 3.149404
 1428.000000 3.063749
 1429.000000 3.054015
 1430.000000 2.514039
 1431.000000 2.566911
 1432.000000 2.692112
 1433.000000 2.860920
 1434.000000 2.608734
 1435.000000 2.850938
 1436.000000 2.821659
 1437.000000 2.924334
 1438.000000 3.003383
 1439.000000 3.154519
 1440.000000 3.152630
 1441.000000 3.103916
 1442.000000 3.170737
 1443.000000 3.094985
 1444.000000 3.132906
 1445.000000 3.217692
 1446.000000 3.374777
 1447.000000 3.336790
 1448.000000 3.314300
 1449.000000 3.424194
 1450.000000 3.372106
 1451.000000 3.328256
 1452.000000 3.098282
 1453.000000 3.152569
 1454.000000 3.268801
 1455.000000 3.311345
 1456.000000 3.056423
 1457.000000 3.032704
 1458.000000 3.151209
 1459.000000 3.321292
 1460.000000 3.093478
 1461.000000 2.918155
 1462.000000 2.806521
 1463.000000 3.081227
 1464.000000 3.043535
 1465.000000 2.974583
 1466.000000 2.901100
 1467.000000 2.982771
 1468.000000 2.931695
 1469.000000 2.925795
 1470.000000 2.762838
 1471.000000 2.598060
 1472.000000 2.390901
 1473.000000 2.448657
 1474.000000 2.291650
 1475.000000 2.176853
 1476.000000 2.239248
 1477.000000 2.141108
 1478.000000 1.937290
 1479.000000 2.197601
 1480.000000 2.346644
 1481.000000 2.324436
 1482.000000 2.383453
 1483.000000 2.399380
 1484.000000 2.386337
 1485.000000 2.387654
 1486.000000 2.304106
 1487.000000 2.260766
 1488.000000 2.295316
 1489.000000 2.326814
 1490.000000 2.354007
 1491.000000 2.395837
 1492.000000 2.491169
 1493.000000 2.329822
 1494.000000 2.347089
 1495.000000 2.452002
 1496.000000 2.502054
 1497.000000 2.494918
 1498.000000 2.585305
 1499.000000 2.544743
 1500.000000 2.624354
 1501.000000 2.447927
 1502.000000 2.431201
 1503.000000 2.528901
 1504.000000 2.607254
 1505.000000 2.667651
 1506.000000 2.275754
 1507.000000 2.136749
 1508.000000 2.202752
 1509.000000 2.311518
 1510.000000 2.312608
 1511.000000 2.055177
 1512.000000 2.168346
 1513.000000 2.063347
 1514.000000 2.072097
 1515.000000 1.991585
 1516.000000 2.363822
 1517.000000 2.280836
 1518.000000 2.298591
 1519.000000 2.618053
 1520.000000 2.641198
 1521.000000 2.562086
 1522.000000 2.898773
 1523.000000 2.861758
 1524.000000 2.859607
 1525.000000 2.811470
 1526.000000 2.985828
 1527.000000 2.806064
 1528.000000 2.898484
 1529.000000 2.835375
 1530.000000 2.885317
 1531.000000 2.656556
 1532.000000 2.611414
 1533.000000 2.753084
 1534.000000 2.806905
 1535.000000 2.721745
 1536.000000 2.715083
 1537.000000 2.555118
 1538.000000 2.607458
 1539.000000 2.708529
 1540.000000 2.728351
 1541.000000 2.665808
 1542.000000 2.751492
 1543.000000 3.061859
 1544.000000 3.081556
 1545.000000 3.115351
 1546.000000 3.282533
 1547.000000 3.210249
 1548.000000 3.120000
 1549.000000 3.143935
 1550.000000 3.245757
 1551.000000 3.418670
 1552.000000 3.325665
 1553.000000 3.404396
 1554.000000 3.347990
 1555.000000 3.424511
 1556.000000 3.274074
 1557.000000 3.179204
 1558.000000 2.978914
 1559.000000 3.045993
 1560.000000 2.987703
 1561.000000 2.896267
 1562.000000 3.030903
 1563.000000 2.842392
 1564.000000 2.842350
 1565.000000 2.928326
 1566.000000 2.905774
 1567.000000 2.849504
 1568.000000 2.792868
 1569.000000 2.771257
 1570.000000 2.834252
 1571.000000 2.769362
 1572.000000 2.867433
 1573.000000 2.830813
 1574.000000 3.047235
 1575.000000 2.792916
 1576.000000 2.807981
 1577.000000 2.957936
 1578.000000 2.775474
 1579.000000 3.056461
 1580.000000 3.202225
 1581.000000 3.181802
 1582.000000 3.142395
 1583.000000 3.024300
 1584.000000 3.139758
 1585.000000 3.016647
 1586.000000 3.094705
 1587.000000 3.072485
 1588.000000 2.792337
 1589.000000 2.668951
 1590.000000 2.617839
 1591.000000 2.804979
 1592.000000 3.026046
 1593.000000 3.069796
 1594.000000 3.090963
 1595.000000 2.974230
 1596.000000 2.826242
 1597.000000 3.225146
 1598.000000 3.080584
 1599.000000 2.960492
 1600.000000 3.001263
 1601.000000 3.040050
 1602.000000 2.990136
 1603.000000 2.940117
 1604.000000 3.003404
 1605.000000 3.038040
 1606.000000 3.172083
 1607.000000 3.250782
 1608.000000 3.302842
 1609.000000 3.348790
 1610.000000 3.190194
 1611.000000 3.253914
 1612.000000 3.062085
 1613.000000 2.810110
 1614.000000 2.796154
 1615.000000 2.464920
 1616.000000 2.642949
 1617.000000 2.830687
 1618.000000 2.641658
 1619.000000 2.525691
 1620.000000 2.395325
 1621.000000 2.582934
 1622.000000 2.681539
 1623.000000 2.869953
 1624.000000 2.844834
 1625.000000 2.290784
 1626.000000 2.613740
 1627.000000 2.809718
 1628.000000 2.592741
 1629.000000 2.766158
 1630.000000 2.790286
 1631.000000 2.682824
 1632.000000 2.671911
 1633.000000 2.694655
 1634.000000 2.542928
 1635.000000 2.340970
 1636.000000 2.148670
 1637.000000 1.937944
 1638.000000 2.174085
 1639.000000 2.199991
 1640.000000 2.050021
 1641.000000 2.158436
 1642.000000 2.558761
 1643.000000 2.474014
 1644.000000 2.546500
 1645.000000 2.539015
 1646.000000 2.461779
 1647.000000 2.830718
 1648.000000 2.887843
 1649.000000 2.910484
 1650.000000 3.117275
 1651.000000 2.909377
 1652.000000 3.044659
 1653.000000 2.988645
 1654.000000 3.207707
 1655.000000 3.058176
 1656.000000 2.907485
 1657.000000 3.026055
 1658.000000 2.413233
 1659.000000 2.781006
 1660.000000 2.958345
 1661.000000 2.878637
 1662.000000 2.657873
 1663.000000 2.444663
 1664.000000 2.443809
 1665.000000 2.157015
 1666.000000 1.602579
 1667.000000 1.394066
 1668.000000 1.506554
 1669.000000 1.745865
 1670.000000 1.178652
 1671.000000 1.026062
 1672.000000 1.141207
 1673.000000 1.141800
 1674.000000 0.881934
 1675.000000 0.750518
 1676.000000 1.078709
 1677.000000 0.714507
 1678.000000 1.393020
 1679.000000 1.578358
 1680.000000 1.756484
 1681.000000 2.586438
 1682.000000 3.299710
 1683.000000 3.165438
 1684.000000 2.599424
 1685.000000 1.773775
 1686.000000 1.919564
 1687.000000 2.124487
 1688.000000 2.062531
 1689.000000 1.740992
 1690.000000 3.590408
 1691.000000 3.282818
 1692.000000 2.768374
 1693.000000 3.629466
 1694.000000 3.411755
 1695.000000 3.103430
 1696.000000 2.761721
 1697.000000 2.599089
 1698.000000 1.881432
 1699.000000 0.749315
 1700.000000 1.620446
 1701.000000 1.663273
 1702.000000 2.798319
 1703.000000 3.042017
 1704.000000 4.353593
 1705.000000 4.420324
 1706.000000 2.588968
 1707.000000 1.752746
 1708.000000 1.815055
 1709.000000 3.622732
 1710.000000 3.024015
 1711.000000 3.140987
 1712.000000 2.920269
 1713.000000 2.469389
 1714.000000 2.850924
 1715.000000 3.756143
 1716.000000 3.615307
 1717.000000 4.044976
 1718.000000 3.377671
 1719.000000 3.633817
 1720.000000 4.006479
 1721.000000 4.292517
 1722.000000 3.710723
 1723.000000 2.969360
 1724.000000 2.761199
 1725.000000 1.450975
 1726.000000 2.018867
 1727.000000 1.342935
 1728.000000 1.326201
 1729.000000 1.592526
 1730.000000 1.186788
 1731.000000 1.592151
 1732.000000 1.304972
 1733.000000 1.392848
 1734.000000 1.444057
 1735.000000 1.397358
 1736.000000 1.529420
 1737.000000 1.601495
 1738.000000 1.950423
 1739.000000 2.484806
 1740.000000 2.318401
 1741.000000 1.236746
 1742.000000 3.133984
 1743.000000 2.455298
 1744.000000 2.965268
 1745.000000 2.107606
 1746.000000 1.827931
 1747.000000 2.071151
 1748.000000 2.955414
 1749.000000 2.438022
 1750.000000 1.910107
 1751.000000 2.768708
 1752.000000 3.121316
 1753.000000 2.734741
 1754.000000 2.709853
 1755.000000 3.030810
 1756.000000 2.320393
 1757.000000 0.514032
 1758.000000 0.636451
 1759.000000 0.657433
 1760.000000 0.197814
 1761.000000 0.438725
 1762.000000 0.894536
 1763.000000 0.488404
 1764.000000 0.225240
 1765.000000 1.844306
 1766.000000 1.934082
 1767.000000 2.231521
 1768.000000 2.455521
 1769.000000 2.103662
 1770.000000 3.460350
 1771.000000 4.460213
 1772.000000 4.599715
 1773.000000 3.971828
 1774.000000 3.624646
 1775.000000 2.860433
 1776.000000 2.892535
 1777.000000 2.647362
 1778.000000 3.998934
 1779.000000 2.291522
 1780.000000 2.523123
 1781.000000 3.348224
 1782.000000 3.184484
 1783.000000 3.624533
 1784.000000 3.785856
 1785.000000 3.368201
 1786.000000 3.196952
 1787.000000 2.828904
 1788.000000 3.115740
 1789.000000 3.925621
 1790.000000 3.416148
 1791.000000 3.634813
 1792.000000 3.225726
 1793.000000 3.768417
 1794.000000 3.553460
 1795.000000 3.574950
 1796.000000 3.634745
 1797.000000 3.538277
 1798.000000 3.345664
 1799.000000 2.996824
 1800.000000 3.294238
 1801.000000 3.047502
 1802.000000 3.722175
 1803.000000 3.614373
 1804.000000 2.573143
 1805.000000 2.453571
 1806.000000 2.751605
 1807.000000 2.935029
 1808.000000 2.999397
 1809.000000 3.076054
 1810.000000 3.144475
 1811.000000 2.969353
 1812.000000 3.016455
 1813.000000 2.998650
 1814.000000 3.046245
 1815.000000 2.856883
 1816.000000 2.772314
 1817.000000 2.836670
 1818.000000 2.699688
 1819.000000 2.771809
 1820.000000 2.785812
 1821.000000 2.916213
 1822.000000 2.850945
 1823.000000 2.870914
 1824.000000 2.918777
 1825.000000 2.853238
 1826.000000 2.800089
 1827.000000 2.730236
 1828.000000 2.737373
 1829.000000 2.635773
 1830.000000 2.001550
 1831.000000 1.991682
 1832.000000 3.419152
 1833.000000 3.232654
 1834.000000 2.782283
 1835.000000 2.981483
 1836.000000 1.755553
 1837.000000 2.807866
 1838.000000 2.707854
 1839.000000 3.643282
 1840.000000 3.900221
 1841.000000 3.757850
 1842.000000 3.841226
 1843.000000 3.790920
 1844.000000 3.725509
 1845.000000 3.769658
 1846.000000 3.789657
 1847.000000 3.378851
 1848.000000 3.691787
 1849.000000 3.935327
 1850.000000 3.787638
 1851.000000 3.780994
 1852.000000 3.564230
 1853.000000 3.438864
 1854.000000 3.603036
 1855.000000 3.403686
 1856.000000 3.190912
 1857.000000 2.963637
 1858.000000 2.156706
 1859.000000 2.774541
 1860.000000 2.745544
 1861.000000 3.263270
 1862.000000 2.932805
 1863.000000 3.635099
 1864.000000 2.938395
 1865.000000 3.863416
 1866.000000 2.533969
 1867.000000 2.126587
 1868.000000 1.907625
 1869.000000 1.794704
 1870.000000 2.894571
 1871.000000 3.471814
 1872.000000 2.924601
 1873.000000 3.747270
 1874.000000 4.077356
 1875.000000 4.052605
 1876.000000 3.870719
 1877.000000 3.662674
 1878.000000 3.730747
 1879.000000 3.695151
 1880.000000 3.790972
 1881.000000 3.538001
 1882.000000 3.947445
 1883.000000 3.852021
 1884.000000 3.665644
 1885.000000 3.912922
 1886.000000 3.895878
 1887.000000 3.706618
 1888.000000 3.924547
 1889.000000 3.434049
 1890.000000 3.681513
 1891.000000 4.224605
 1892.000000 3.799760
 1893.000000 3.795851
 1894.000000 3.923660
 1895.000000 4.038067
 1896.000000 3.762884
 1897.000000 3.836141
 1898.000000 4.310937
 1899.000000 3.659145
 1900.000000 2.979918
 1901.000000 3.073136
 1902.000000 3.113483
 1903.000000 3.094363
 1904.000000 1.952251
 1905.000000 2.864504
 1906.000000 3.091050
 1907.000000 3.563865
 1908.000000 3.444120
 1909.000000 3.185746
 1910.000000 3.826979
 1911.000000 2.187123
 1912.000000 3.248248
 1913.000000 4.019523
 1914.000000 4.022563
 1915.000000 2.740234
 1916.000000 2.831633
 1917.000000 2.990472
 1918.000000 3.851179
 1919.000000 2.354972
 1920.000000 0.283922
 1921.000000 0.516108
 1922.000000 0.426560
 1923.000000 0.267177
 1924.000000 0.559521
 1925.000000 0.769048
 1926.000000 1.178177
 1927.000000 1.676976
 1928.000000 0.949233
 1929.000000 0.409450
 1930.000000 0.833199
 1931.000000 0.719048
 1932.000000 1.360333
 1933.000000 1.534631
 1934.000000 1.457986
 1935.000000 1.381992
 1936.000000 1.614320
 1937.000000 1.921455
 1938.000000 1.226733
 1939.000000 1.733002
 1940.000000 1.368759
 1941.000000 2.076614
 1942.000000 2.062898
 1943.000000 2.512615
 1944.000000 2.436608
 1945.000000 2.217292
 1946.000000 2.328066
 1947.000000 2.386664
 1948.000000 2.287493
 1949.000000 2.122122
 1950.000000 2.342802
 1951.000000 2.460641
 1952.000000 2.480941
 1953.000000 2.355556
 1954.000000 2.201654
 1955.000000 1.914886
 1956.000000 1.889097
 1957.000000 1.964245
 1958.000000 2.001360
 1959.000000 2.242851
 1960.000000 1.941716
 1961.000000 1.743040
 1962.000000 1.531063
 1963.000000 1.821003
 1964.000000 1.350684
 1965.000000 2.639774
 1966.000000 2.561974
 1967.000000 1.672150
 1968.000000 2.480246
 1969.000000 2.856342
 1970.000000 2.625534
 1971.000000 2.153138
 1972.000000 3.028317
 1973.000000 1.884074
 1974.000000 2.637062
 1975.000000 2.103397
 1976.000000 2.383421
 1977.000000 1.828994
 1978.000000 2.174531
 1979.000000 2.976396
 1980.000000 2.151416
 1981.000000 3.393460
 1982.000000 3.601024
 1983.000000 4.223803
 1984.000000 3.914906
 1985.000000 3.444609
 1986.000000 3.229458
 1987.000000 3.288460
 1988.000000 3.215569
 1989.000000 2.926191
 1990.000000 2.887050
 1991.000000 2.699586
 1992.000000 3.507802
 1993.000000 3.548373
 1994.000000 3.212295
 1995.000000 2.339798
 1996.000000 1.818632
 1997.000000 3.316943
 1998.000000 2.776779
 1999.000000 2.548828
 2000.000000 2.869962
 2001.000000 2.733807
 2002.000000 2.347512
 2003.000000 2.532102
 2004.000000 2.399312
 2005.000000 2.806052
 2006.000000 2.201642
 2007.000000 2.165934
 2008.000000 2.644031
 2009.000000 3.113353
 2010.000000 3.005517
 2011.000000 2.645261
 2012.000000 2.944782
 2013.000000 2.559606
 2014.000000 3.104729
 2015.000000 2.580857
 2016.000000 2.583780
 2017.000000 3.112378
 2018.000000 3.786641
 2019.000000 3.849292
 2020.000000 3.380199
 2021.000000 3.400902
 2022.000000 3.381535
 2023.000000 3.413569
 2024.000000 3.770573
