#! FIELDS time r3.min
 0.000000 2.188595
 1.000000 2.127857
 2.000000 2.728670
 3.000000 3.405642
 4.000000 2.527679
 5.000000 2.299493
 6.000000 2.184388
 7.000000 2.221608
 8.000000 2.351680
 9.000000 3.333840
 10.000000 2.211251
 11.000000 2.566755
 12.000000 3.647291
 13.000000 3.605693
 14.000000 2.915218
 15.000000 3.192873
 16.000000 3.483132
 17.000000 3.680138
 18.000000 3.377248
 19.000000 3.541429
 20.000000 3.166671
 21.000000 3.945054
 22.000000 4.044706
 23.000000 3.161867
 24.000000 2.959773
 25.000000 0.762351
 26.000000 3.102476
 27.000000 3.948437
 28.000000 3.744519
 29.000000 3.342581
 30.000000 2.024031
 31.000000 2.477511
 32.000000 3.626440
 33.000000 4.208472
 34.000000 2.963188
 35.000000 2.902501
 36.000000 4.270686
 37.000000 4.166743
 38.000000 4.699646
 39.000000 3.941671
 40.000000 3.955555
 41.000000 3.382065
 42.000000 3.060454
 43.000000 4.287767
 44.000000 3.756269
 45.000000 2.937364
 46.000000 3.213238
 47.000000 3.172239
 48.000000 3.438884
 49.000000 3.495187
 50.000000 3.024934
 51.000000 3.232063
 52.000000 2.756940
 53.000000 3.025834
 54.000000 2.855324
 55.000000 2.616655
 56.000000 2.766632
 57.000000 2.779554
 58.000000 2.997622
 59.000000 2.920950
 60.000000 2.800681
 61.000000 2.666330
 62.000000 2.356356
 63.000000 2.521939
 64.000000 2.555835
 65.000000 2.730997
 66.000000 3.520332
 67.000000 4.180351
 68.000000 3.770573
 69.000000 4.186726
 70.000000 4.155023
 71.000000 3.805038
 72.000000 4.221559
 73.000000 4.476692
 74.000000 4.233337
 75.000000 3.170897
 76.000000 3.867838
 77.000000 3.537329
 78.000000 3.281184
 79.000000 3.430025
 80.000000 3.290718
 81.000000 3.357807
 82.000000 3.135256
 83.000000 3.506531
 84.000000 3.056128
 85.000000 3.401416
 86.000000 3.104806
 87.000000 3.503463
 88.000000 3.233393
 89.000000 3.559270
 90.000000 3.589023
 91.000000 3.623560
 92.000000 3.524481
 93.000000 4.043404
 94.000000 4.118467
 95.000000 3.677077
 96.000000 3.349712
 97.000000 3.565247
 98.000000 3.280508
 99.000000 2.627543
 100.000000 3.159518
 101.000000 3.128324
 102.000000 3.774722
 103.000000 3.662002
 104.000000 2.792945
 105.000000 2.113068
 106.000000 3.458709
 107.000000 3.303976
 108.000000 2.777333
 109.000000 2.633644
 110.000000 2.574722
 111.000000 2.784615
 112.000000 2.751070
 113.000000 3.021173
 114.000000 3.260134
 115.000000 3.083471
 116.000000 3.164045
 117.000000 3.028866
 118.000000 2.714875
 119.000000 2.461413
 120.000000 2.635553
 121.000000 2.690531
 122.000000 2.728081
 123.000000 2.557687
 124.000000 2.734952
 125.000000 2.420318
 126.000000 2.323790
 127.000000 2.223846
 128.000000 2.097000
 129.000000 1.627167
 130.000000 1.458262
 131.000000 1.316495
 132.000000 2.065481
 133.000000 2.216091
 134.000000 2.299573
 135.000000 2.526143
 136.000000 2.713560
 137.000000 2.457903
 138.000000 2.085861
 139.000000 2.137946
 140.000000 2.136523
 141.000000 2.056741
 142.000000 3.197544
 143.000000 2.997193
 144.000000 2.542470
 145.000000 2.476665
 146.000000 3.807975
 147.000000 3.811076
 148.000000 3.621739
 149.000000 3.671746
 150.000000 3.482434
 151.000000 3.485241
 152.000000 2.507888
 153.000000 2.659732
 154.000000 2.965835
 155.000000 3.372691
 156.000000 4.135802
 157.000000 3.515906
 158.000000 3.860868
 159.000000 3.669551
 160.000000 3.731607
 161.000000 4.324697
 162.000000 3.971295
 163.000000 4.069033
 164.000000 3.922802
 165.000000 3.277899
 166.000000 2.783728
 167.000000 2.454582
 168.000000 4.229750
 169.000000 3.259880
 170.000000 3.219195
 171.000000 2.965812
 172.000000 3.137437
 173.000000 3.323866
 174.000000 3.391349
 175.000000 3.365752
 176.000000 3.405386
 177.000000 3.277720
 178.000000 3.375324
 179.000000 3.358333
 180.000000 3.376796
 181.000000 3.382798
 182.000000 3.491581
 183.000000 3.193232
 184.000000 3.275249
 185.000000 3.198402
 186.000000 3.282003
 187.000000 3.185098
 188.000000 3.329336
 189.000000 3.304146
 190.000000 3.432045
 191.000000 3.313500
 192.000000 3.542896
 193.000000 3.324620
 194.000000 3.428605
 195.000000 3.460786
 196.000000 3.442478
 197.000000 3.505270
 198.000000 3.308447
 199.000000 3.405037
 200.000000 3.412560
 201.000000 3.491933
 202.000000 3.402499
 203.000000 3.503439
 204.000000 3.730935
 205.000000 3.608195
 206.000000 3.171221
 207.000000 3.316484
 208.000000 3.488558
 209.000000 3.641140
 210.000000 3.893044
 211.000000 3.777875
 212.000000 3.357480
 213.000000 3.494776
 214.000000 3.711225
 215.000000 3.887305
 216.000000 4.037982
 217.000000 3.745281
 218.000000 3.795081
 219.000000 3.967781
 220.000000 3.924530
 221.000000 4.017630
 222.000000 3.972683
 223.000000 4.050675
 224.000000 4.152492
 225.000000 4.287663
 226.000000 4.066047
 227.000000 4.009596
 228.000000 4.055438
 229.000000 4.034327
 230.000000 3.979299
 231.000000 4.004751
 232.000000 3.929614
 233.000000 4.145503
 234.000000 4.138085
 235.000000 4.160581
 236.000000 4.154033
 237.000000 4.094895
 238.000000 3.938997
 239.000000 4.164110
 240.000000 4.328291
 241.000000 4.429041
 242.000000 4.629972
 243.000000 4.535091
 244.000000 3.340199
 245.000000 2.306245
 246.000000 1.121854
 247.000000 1.699343
 248.000000 2.743459
 249.000000 3.230280
 250.000000 3.175522
 251.000000 2.674859
 252.000000 3.353934
 253.000000 3.352343
 254.000000 3.019359
 255.000000 3.131757
 256.000000 2.514572
 257.000000 3.384281
 258.000000 2.911015
 259.000000 2.816373
 260.000000 1.718420
 261.000000 1.075264
 262.000000 2.868038
 263.000000 2.301485
 264.000000 4.384087
 265.000000 3.015473
 266.000000 3.453018
 267.000000 3.742956
 268.000000 2.765561
 269.000000 2.910675
 270.000000 2.892001
 271.000000 2.996980
 272.000000 2.061789
 273.000000 3.123964
 274.000000 3.380709
 275.000000 2.175803
 276.000000 2.914400
 277.000000 3.338316
 278.000000 2.577993
 279.000000 3.925099
 280.000000 1.958938
 281.000000 2.593215
 282.000000 3.162022
 283.000000 3.565480
 284.000000 2.297337
 285.000000 3.725801
 286.000000 2.822951
 287.000000 3.403789
 288.000000 3.793197
 289.000000 2.334132
 290.000000 3.328703
 291.000000 3.500984
 292.000000 3.991673
 293.000000 3.725975
 294.000000 3.932132
 295.000000 3.678689
 296.000000 3.235883
 297.000000 3.294896
 298.000000 2.784285
 299.000000 1.024955
 300.000000 1.457506
 301.000000 1.002654
 302.000000 2.371521
 303.000000 3.256329
 304.000000 3.935225
 305.000000 3.637922
 306.000000 3.434338
 307.000000 3.497228
 308.000000 2.593197
 309.000000 2.994737
 310.000000 2.651937
 311.000000 1.930285
 312.000000 2.248389
 313.000000 3.492217
 314.000000 3.372733
 315.000000 3.180808
 316.000000 3.856491
 317.000000 3.999652
 318.000000 3.175066
 319.000000 2.362899
 320.000000 3.264214
 321.000000 2.258905
 322.000000 2.094867
 323.000000 2.997257
 324.000000 3.083784
 325.000000 4.169715
 326.000000 3.945445
 327.000000 3.846746
 328.000000 3.116611
 329.000000 3.200373
 330.000000 2.424019
 331.000000 3.329944
 332.000000 2.421988
 333.000000 1.429935
 334.000000 2.374127
 335.000000 3.345391
 336.000000 3.624893
 337.000000 3.744086
 338.000000 3.593381
 339.000000 4.138952
 340.000000 3.292628
 341.000000 3.816121
 342.000000 3.933413
 343.000000 3.757472
 344.000000 3.404114
 345.000000 2.990567
 346.000000 2.952940
 347.000000 3.550560
 348.000000 3.356784
 349.000000 3.077570
 350.000000 2.700451
 351.000000 2.783852
 352.000000 2.895266
 353.000000 3.084797
 354.000000 3.338487
 355.000000 3.448738
 356.000000 3.400753
 357.000000 2.942853
 358.000000 2.787238
 359.000000 3.271538
 360.000000 3.524404
 361.000000 3.451494
 362.000000 3.515662
 363.000000 3.734557
 364.000000 3.868485
 365.000000 4.114244
 366.000000 4.187221
 367.000000 4.266872
 368.000000 4.198988
 369.000000 4.331960
 370.000000 4.211990
 371.000000 4.222518
 372.000000 4.183829
 373.000000 4.250588
 374.000000 3.845641
 375.000000 3.865856
 376.000000 3.910664
 377.000000 4.053502
 378.000000 3.963497
 379.000000 4.056157
 380.000000 4.011635
 381.000000 3.856070
 382.000000 3.861518
 383.000000 4.063084
 384.000000 4.092851
 385.000000 4.099126
 386.000000 3.820868
 387.000000 3.862956
 388.000000 3.941183
 389.000000 4.283424
 390.000000 4.182728
 391.000000 4.077759
 392.000000 3.927623
 393.000000 3.944888
 394.000000 3.992597
 395.000000 3.778418
 396.000000 3.771607
 397.000000 3.557920
 398.000000 3.647487
 399.000000 3.518517
 400.000000 3.605884
 401.000000 3.683466
 402.000000 3.707424
 403.000000 3.938685
 404.000000 3.925768
 405.000000 3.832051
 406.000000 3.661861
 407.000000 3.804512
 408.000000 3.918616
 409.000000 3.909871
 410.000000 3.824941
 411.000000 3.960848
 412.000000 3.923085
 413.000000 3.630907
 414.000000 3.540659
 415.000000 3.814758
 416.000000 3.605200
 417.000000 3.936051
 418.000000 3.828662
 419.000000 4.096333
 420.000000 4.532635
 421.000000 3.034605
 422.000000 4.609286
 423.000000 4.730945
 424.000000 4.716388
 425.000000 4.855453
 426.000000 5.057277
 427.000000 5.129434
 428.000000 5.185130
 429.000000 3.469315
 430.000000 4.817051
 431.000000 4.426697
 432.000000 4.366103
 433.000000 4.421524
 434.000000 4.596518
 435.000000 4.925270
 436.000000 5.044169
 437.000000 5.214584
 438.000000 5.153061
 439.000000 4.974172
 440.000000 5.097657
 441.000000 4.990893
 442.000000 4.816616
 443.000000 3.305892
 444.000000 2.868044
 445.000000 2.575005
 446.000000 4.005299
 447.000000 3.185551
 448.000000 3.457120
 449.000000 3.222793
 450.000000 3.465260
 451.000000 3.838019
 452.000000 4.190745
 453.000000 4.581432
 454.000000 4.276442
 455.000000 4.721402
 456.000000 3.931150
 457.000000 2.285885
 458.000000 2.935626
 459.000000 3.550078
 460.000000 3.567076
 461.000000 2.870469
 462.000000 2.391804
 463.000000 2.509228
 464.000000 0.980289
 465.000000 3.271733
 466.000000 4.195969
 467.000000 3.873191
 468.000000 4.288711
 469.000000 4.539700
 470.000000 4.371322
 471.000000 4.102717
 472.000000 3.988836
 473.000000 4.078971
 474.000000 3.385788
 475.000000 3.887190
 476.000000 3.647978
 477.000000 2.868484
 478.000000 2.217611
 479.000000 1.323071
 480.000000 1.055286
 481.000000 0.278120
 482.000000 0.234830
 483.000000 1.643030
 484.000000 2.685740
 485.000000 3.319740
 486.000000 3.791015
 487.000000 4.075917
 488.000000 3.426964
 489.000000 3.458675
 490.000000 3.804120
 491.000000 2.731870
 492.000000 2.900143
 493.000000 3.484913
 494.000000 3.191490
 495.000000 4.166050
 496.000000 4.042753
 497.000000 3.134900
 498.000000 3.650168
 499.000000 3.501896
 500.000000 3.837415
 501.000000 4.322156
 502.000000 3.316907
 503.000000 2.697778
 504.000000 3.872190
 505.000000 2.309776
 506.000000 2.802016
 507.000000 3.092328
 508.000000 2.732133
 509.000000 2.985755
 510.000000 3.318711
 511.000000 2.898558
 512.000000 2.177173
 513.000000 3.511686
 514.000000 3.573646
 515.000000 3.482850
 516.000000 4.139863
 517.000000 3.256114
 518.000000 3.697436
 519.000000 3.189459
 520.000000 3.368308
 521.000000 3.603137
 522.000000 4.334691
 523.000000 3.179016
 524.000000 3.071660
 525.000000 2.133613
 526.000000 1.294816
 527.000000 2.075949
 528.000000 2.458307
 529.000000 2.764316
 530.000000 2.669732
 531.000000 3.800471
 532.000000 3.861132
 533.000000 2.646026
 534.000000 0.165810
 535.000000 0.316700
 536.000000 0.777738
 537.000000 2.572128
 538.000000 3.145057
 539.000000 2.959127
 540.000000 3.250246
 541.000000 2.463879
 542.000000 3.105116
 543.000000 2.181083
 544.000000 2.154279
 545.000000 2.201139
 546.000000 3.053960
 547.000000 2.904030
 548.000000 3.262647
 549.000000 3.258477
 550.000000 2.721105
 551.000000 2.420277
 552.000000 2.549265
 553.000000 2.911252
 554.000000 3.525765
 555.000000 3.847839
 556.000000 3.081244
 557.000000 2.589422
 558.000000 2.915782
 559.000000 2.643194
 560.000000 2.594749
 561.000000 2.870666
 562.000000 3.156389
 563.000000 2.723848
 564.000000 2.670102
 565.000000 2.868772
 566.000000 2.980901
 567.000000 3.100448
 568.000000 3.177523
 569.000000 2.983209
 570.000000 2.761032
 571.000000 2.556855
 572.000000 2.142871
 573.000000 2.184648
 574.000000 2.212354
 575.000000 1.999420
 576.000000 1.841838
 577.000000 1.843089
 578.000000 1.944350
 579.000000 3.354100
 580.000000 2.531583
 581.000000 3.113695
 582.000000 3.110576
 583.000000 3.654137
 584.000000 3.678924
 585.000000 2.919094
 586.000000 3.354399
 587.000000 3.417574
 588.000000 1.646878
 589.000000 2.181588
 590.000000 2.884815
 591.000000 3.659372
 592.000000 4.625307
 593.000000 4.204838
 594.000000 3.911460
 595.000000 4.365216
 596.000000 4.383043
 597.000000 4.593370
 598.000000 4.517582
 599.000000 4.316935
 600.000000 4.402958
 601.000000 4.754635
 602.000000 4.908071
 603.000000 4.676608
 604.000000 4.636014
 605.000000 4.287973
 606.000000 4.369038
 607.000000 4.507264
 608.000000 4.320332
 609.000000 4.260589
 610.000000 4.389470
 611.000000 4.478596
 612.000000 4.414191
 613.000000 4.440826
 614.000000 4.579895
 615.000000 4.683584
 616.000000 4.643020
 617.000000 4.716257
 618.000000 3.626692
 619.000000 4.861273
 620.000000 4.781607
 621.000000 4.877316
 622.000000 4.981398
 623.000000 4.835149
 624.000000 3.182142
 625.000000 4.846692
 626.000000 4.767034
 627.000000 3.049887
 628.000000 4.790231
 629.000000 2.997657
 630.000000 3.156036
 631.000000 3.110646
 632.000000 2.997613
 633.000000 3.367049
 634.000000 4.724900
 635.000000 4.876279
 636.000000 4.809549
 637.000000 3.060628
 638.000000 3.121876
 639.000000 4.763608
 640.000000 4.724974
 641.000000 3.256328
 642.000000 4.847601
 643.000000 3.275460
 644.000000 3.242980
 645.000000 3.621645
 646.000000 4.922772
 647.000000 4.764963
 648.000000 3.780470
 649.000000 3.818265
 650.000000 3.788683
 651.000000 3.704795
 652.000000 3.808653
 653.000000 4.462887
 654.000000 4.734033
 655.000000 4.585330
 656.000000 4.591803
 657.000000 4.624554
 658.000000 4.482784
 659.000000 4.393225
 660.000000 4.138901
 661.000000 3.937244
 662.000000 3.988685
 663.000000 3.907444
 664.000000 3.811350
 665.000000 3.977822
 666.000000 3.819702
 667.000000 3.929691
 668.000000 3.968675
 669.000000 4.065860
 670.000000 4.008161
 671.000000 3.935489
 672.000000 3.977933
 673.000000 3.999477
 674.000000 3.987995
 675.000000 4.095472
 676.000000 4.055299
 677.000000 4.040016
 678.000000 4.139069
 679.000000 4.311631
 680.000000 4.080322
 681.000000 3.963783
 682.000000 3.772626
 683.000000 3.607259
 684.000000 3.743441
 685.000000 3.690875
 686.000000 3.737729
 687.000000 3.550134
 688.000000 3.433296
 689.000000 3.620512
 690.000000 3.822389
 691.000000 3.975684
 692.000000 3.833741
 693.000000 4.017478
 694.000000 3.667205
 695.000000 3.960329
 696.000000 3.933790
 697.000000 4.042948
 698.000000 3.736777
 699.000000 3.754390
 700.000000 3.685708
 701.000000 3.532136
 702.000000 3.462168
 703.000000 3.153880
 704.000000 3.177663
 705.000000 1.500406
 706.000000 2.292500
 707.000000 3.734387
 708.000000 3.576561
 709.000000 3.947687
 710.000000 4.286800
 711.000000 3.708883
 712.000000 2.867557
 713.000000 3.566045
 714.000000 3.118098
 715.000000 3.634164
 716.000000 3.332236
 717.000000 3.563460
 718.000000 2.589770
 719.000000 2.084874
 720.000000 2.425887
 721.000000 1.669892
 722.000000 3.087429
 723.000000 3.537984
 724.000000 2.209590
 725.000000 1.711214
 726.000000 2.999317
 727.000000 2.876707
 728.000000 3.719811
 729.000000 3.357541
 730.000000 3.774508
 731.000000 3.102757
 732.000000 2.219755
 733.000000 2.675348
 734.000000 4.622473
 735.000000 4.565842
 736.000000 3.786237
 737.000000 3.162128
 738.000000 3.825262
 739.000000 2.869584
 740.000000 3.784866
 741.000000 3.167002
 742.000000 4.138705
 743.000000 2.770809
 744.000000 3.952710
 745.000000 3.662122
 746.000000 3.363880
 747.000000 3.229573
 748.000000 3.857068
 749.000000 3.873550
 750.000000 3.379201
 751.000000 3.233708
 752.000000 3.545278
 753.000000 3.953461
 754.000000 3.700098
 755.000000 3.501405
 756.000000 3.044634
 757.000000 3.122100
 758.000000 1.980022
 759.000000 2.397436
 760.000000 1.940755
 761.000000 1.899038
 762.000000 1.527617
 763.000000 1.402625
 764.000000 2.481696
 765.000000 2.476810
 766.000000 2.586262
 767.000000 3.088408
 768.000000 3.929024
 769.000000 3.729782
 770.000000 4.218999
 771.000000 4.320715
 772.000000 4.488220
 773.000000 4.223933
 774.000000 3.819302
 775.000000 1.598005
 776.000000 1.733467
 777.000000 2.126722
 778.000000 1.907470
 779.000000 1.658803
 780.000000 2.740229
 781.000000 1.899212
 782.000000 2.107419
 783.000000 1.223939
 784.000000 2.149901
 785.000000 2.987137
 786.000000 3.683970
 787.000000 2.308346
 788.000000 3.762094
 789.000000 3.120078
 790.000000 3.656597
 791.000000 3.853419
 792.000000 4.017679
 793.000000 3.874877
 794.000000 4.469528
 795.000000 3.807162
 796.000000 3.683915
 797.000000 3.959667
 798.000000 3.599634
 799.000000 2.625340
 800.000000 2.512990
 801.000000 3.168878
 802.000000 2.375908
 803.000000 3.235661
 804.000000 3.333765
 805.000000 2.995436
 806.000000 3.076691
 807.000000 2.622636
 808.000000 2.670334
 809.000000 3.059312
 810.000000 2.909770
 811.000000 3.152804
 812.000000 3.260755
 813.000000 3.170419
 814.000000 2.883331
 815.000000 2.294373
 816.000000 3.151058
 817.000000 3.896147
 818.000000 3.780054
 819.000000 3.834438
 820.000000 4.032288
 821.000000 3.994753
 822.000000 3.703363
 823.000000 3.193624
 824.000000 2.846697
 825.000000 3.108492
 826.000000 2.540440
 827.000000 2.314603
 828.000000 1.581440
 829.000000 2.491309
 830.000000 2.640489
 831.000000 2.658221
 832.000000 2.215724
 833.000000 2.333957
 834.000000 2.382698
 835.000000 2.756274
 836.000000 3.289619
 837.000000 2.789696
 838.000000 3.331672
 839.000000 2.572362
 840.000000 2.824583
 841.000000 3.257505
 842.000000 2.824636
 843.000000 3.015697
 844.000000 3.688302
 845.000000 3.250598
 846.000000 2.959201
 847.000000 3.265547
 848.000000 2.995806
 849.000000 3.653541
 850.000000 3.754014
 851.000000 3.591744
 852.000000 3.375305
 853.000000 3.311657
 854.000000 3.363789
 855.000000 4.112274
 856.000000 3.956959
 857.000000 3.664049
 858.000000 3.976721
 859.000000 3.884213
 860.000000 3.610783
 861.000000 3.836400
 862.000000 3.533364
 863.000000 3.686510
 864.000000 4.108946
 865.000000 3.084522
 866.000000 2.882089
 867.000000 3.664576
 868.000000 3.255360
 869.000000 2.478160
 870.000000 2.914891
 871.000000 3.926332
 872.000000 3.798578
 873.000000 3.195786
 874.000000 3.157386
 875.000000 3.464011
 876.000000 3.092392
 877.000000 3.847828
 878.000000 3.314613
 879.000000 3.313440
 880.000000 2.443732
 881.000000 3.896609
 882.000000 2.996423
 883.000000 4.204008
 884.000000 3.804579
 885.000000 4.283791
 886.000000 3.987818
 887.000000 3.291135
 888.000000 3.707558
 889.000000 3.916519
 890.000000 3.826404
 891.000000 3.276240
 892.000000 3.667176
 893.000000 3.924756
 894.000000 3.872231
 895.000000 3.686739
 896.000000 3.086076
 897.000000 3.076679
 898.000000 3.268727
 899.000000 3.607416
 900.000000 3.234357
 901.000000 3.432010
 902.000000 3.677688
 903.000000 3.926228
 904.000000 4.125685
 905.000000 3.963899
 906.000000 3.260276
 907.000000 2.640728
 908.000000 2.108274
 909.000000 2.104142
 910.000000 2.075429
 911.000000 2.070120
 912.000000 2.126423
 913.000000 2.107957
 914.000000 2.079531
 915.000000 1.996159
 916.000000 1.953301
 917.000000 2.012405
 918.000000 2.042377
 919.000000 1.981297
 920.000000 2.168063
 921.000000 2.245339
 922.000000 2.331696
 923.000000 2.533433
 924.000000 2.635201
 925.000000 2.373040
 926.000000 2.567420
 927.000000 2.418996
 928.000000 2.461776
 929.000000 2.544427
 930.000000 2.637726
 931.000000 2.626464
 932.000000 2.441432
 933.000000 2.408701
 934.000000 2.607208
 935.000000 2.366462
 936.000000 2.342618
 937.000000 2.261473
 938.000000 2.429115
 939.000000 2.546315
 940.000000 2.574350
 941.000000 2.468936
 942.000000 2.397724
 943.000000 2.397424
 944.000000 2.219556
 945.000000 2.163670
 946.000000 2.183497
 947.000000 2.131595
 948.000000 2.020231
 949.000000 2.154985
 950.000000 2.185198
 951.000000 2.186534
 952.000000 2.287407
 953.000000 2.277675
 954.000000 2.514539
 955.000000 2.518768
 956.000000 2.439980
 957.000000 2.485187
 958.000000 2.371599
 959.000000 2.422383
 960.000000 2.445970
 961.000000 2.388000
 962.000000 2.568043
 963.000000 2.458538
 964.000000 2.105525
 965.000000 2.488488
 966.000000 2.409708
 967.000000 2.439287
 968.000000 2.439048
 969.000000 2.477510
 970.000000 2.471230
 971.000000 2.358982
 972.000000 2.368284
 973.000000 2.454746
 974.000000 2.386899
 975.000000 2.326541
 976.000000 2.388366
 977.000000 2.288795
 978.000000 3.168436
 979.000000 3.100925
 980.000000 2.949164
 981.000000 2.273314
 982.000000 3.654545
 983.000000 3.052347
 984.000000 2.770007
 985.000000 3.848175
 986.000000 3.307956
 987.000000 3.908229
 988.000000 3.487174
 989.000000 3.193862
 990.000000 2.826748
 991.000000 3.073936
 992.000000 4.086125
 993.000000 4.027802
 994.000000 3.800716
 995.000000 3.306366
 996.000000 3.718060
 997.000000 3.599074
 998.000000 2.176301
 999.000000 2.596231
 1000.000000 2.509725
 1001.000000 1.752914
 1002.000000 1.301829
 1003.000000 1.268633
 1004.000000 1.465234
 1005.000000 1.417335
 1006.000000 1.251898
 1007.000000 1.447809
 1008.000000 1.192228
 1009.000000 1.622383
 1010.000000 1.226302
 1011.000000 0.497568
 1012.000000 1.483490
 1013.000000 1.629489
 1014.000000 1.813618
 1015.000000 1.999894
 1016.000000 2.372159
 1017.000000 2.329084
 1018.000000 1.974082
 1019.000000 2.108635
 1020.000000 1.822122
 1021.000000 1.851177
 1022.000000 1.782867
 1023.000000 1.682018
 1024.000000 1.519828
 1025.000000 1.403931
 1026.000000 1.437592
 1027.000000 1.559294
 1028.000000 1.535077
 1029.000000 1.457925
 1030.000000 1.279562
 1031.000000 1.479059
 1032.000000 1.210716
 1033.000000 1.242800
 1034.000000 1.291005
 1035.000000 1.278570
 1036.000000 1.339345
 1037.000000 1.278586
 1038.000000 1.231254
 1039.000000 1.618426
 1040.000000 1.853449
 1041.000000 2.922220
 1042.000000 2.993670
 1043.000000 3.648602
 1044.000000 3.357529
 1045.000000 3.526218
 1046.000000 3.850408
 1047.000000 3.866958
 1048.000000 4.156657
 1049.000000 4.104589
 1050.000000 4.299447
 1051.000000 4.035358
 1052.000000 3.768546
 1053.000000 3.350186
 1054.000000 3.502540
 1055.000000 3.824303
 1056.000000 3.266603
 1057.000000 3.422472
 1058.000000 3.466278
 1059.000000 3.412954
 1060.000000 3.694826
 1061.000000 4.023574
 1062.000000 4.011832
 1063.000000 4.058153
 1064.000000 4.494714
 1065.000000 4.293969
 1066.000000 4.080118
 1067.000000 3.652340
 1068.000000 3.950621
 1069.000000 4.123148
 1070.000000 4.022846
 1071.000000 4.058152
 1072.000000 3.449918
 1073.000000 3.574745
 1074.000000 2.791895
 1075.000000 2.916518
 1076.000000 2.010652
 1077.000000 2.361704
 1078.000000 3.313436
 1079.000000 3.660618
 1080.000000 3.050332
 1081.000000 1.366002
 1082.000000 1.575390
 1083.000000 2.992503
 1084.000000 3.331541
 1085.000000 2.509246
 1086.000000 3.677480
 1087.000000 3.652191
 1088.000000 2.987609
 1089.000000 4.587802
 1090.000000 4.412785
 1091.000000 3.882321
 1092.000000 3.486941
 1093.000000 3.870028
 1094.000000 3.427744
 1095.000000 3.130937
 1096.000000 3.245023
 1097.000000 3.817880
 1098.000000 3.616938
 1099.000000 3.458721
 1100.000000 3.459329
 1101.000000 3.117720
 1102.000000 2.202650
 1103.000000 1.859323
 1104.000000 1.569984
 1105.000000 2.670524
 1106.000000 2.230901
 1107.000000 1.847520
 1108.000000 1.820462
 1109.000000 1.784266
 1110.000000 2.204073
 1111.000000 2.110423
 1112.000000 1.618374
 1113.000000 1.737114
 1114.000000 1.201744
 1115.000000 2.023618
 1116.000000 1.938710
 1117.000000 1.167255
 1118.000000 2.066597
 1119.000000 1.983796
 1120.000000 1.680824
 1121.000000 1.684683
 1122.000000 1.533390
 1123.000000 2.263360
 1124.000000 1.683886
 1125.000000 2.473860
 1126.000000 2.627833
 1127.000000 2.401202
 1128.000000 2.666800
 1129.000000 2.758054
 1130.000000 2.819240
 1131.000000 2.843137
 1132.000000 2.789712
 1133.000000 2.780855
 1134.000000 2.481632
 1135.000000 2.487447
 1136.000000 2.543284
 1137.000000 2.580500
 1138.000000 2.393490
 1139.000000 2.411042
 1140.000000 2.209440
 1141.000000 2.141797
 1142.000000 2.138474
 1143.000000 2.198055
 1144.000000 1.951978
 1145.000000 1.974050
 1146.000000 2.007659
 1147.000000 2.006236
 1148.000000 1.625893
 1149.000000 1.789874
 1150.000000 1.847835
 1151.000000 2.252684
 1152.000000 2.157571
 1153.000000 2.231635
 1154.000000 2.260848
 1155.000000 2.631906
 1156.000000 2.325578
 1157.000000 2.311727
 1158.000000 2.232369
 1159.000000 2.120083
 1160.000000 2.326475
 1161.000000 2.401689
 1162.000000 2.409746
 1163.000000 2.317651
 1164.000000 2.112856
 1165.000000 2.383625
 1166.000000 2.310756
 1167.000000 1.998380
 1168.000000 2.337568
 1169.000000 2.668881
 1170.000000 2.770102
 1171.000000 2.487664
 1172.000000 2.357279
 1173.000000 2.332844
 1174.000000 2.283589
 1175.000000 2.134599
 1176.000000 2.156082
 1177.000000 2.241988
 1178.000000 1.980191
 1179.000000 1.712529
 1180.000000 1.814402
 1181.000000 1.742582
 1182.000000 1.807864
 1183.000000 1.931667
 1184.000000 1.968487
 1185.000000 1.817465
 1186.000000 1.825070
 1187.000000 1.757831
 1188.000000 1.748964
 1189.000000 1.795140
 1190.000000 1.905650
 1191.000000 1.796483
 1192.000000 1.723362
 1193.000000 1.762796
 1194.000000 1.715044
 1195.000000 1.570844
 1196.000000 1.805392
 1197.000000 1.771503
 1198.000000 1.728577
 1199.000000 1.607257
 1200.000000 1.738538
 1201.000000 1.761887
 1202.000000 1.809010
 1203.000000 1.717518
 1204.000000 1.793008
 1205.000000 1.684785
 1206.000000 1.781996
 1207.000000 1.798946
 1208.000000 1.862694
 1209.000000 1.791576
 1210.000000 1.884199
 1211.000000 1.739539
 1212.000000 1.634102
 1213.000000 1.653720
 1214.000000 1.795019
 1215.000000 1.942888
 1216.000000 1.878110
 1217.000000 1.995860
 1218.000000 1.958463
 1219.000000 1.689904
 1220.000000 1.768879
 1221.000000 1.772125
 1222.000000 1.731916
 1223.000000 1.693775
 1224.000000 1.710753
 1225.000000 1.558114
 1226.000000 1.696901
 1227.000000 1.612619
 1228.000000 1.793737
 1229.000000 1.667662
 1230.000000 1.643302
 1231.000000 1.612288
 1232.000000 1.737288
 1233.000000 1.856361
 1234.000000 1.968551
 1235.000000 1.882017
 1236.000000 1.954396
 1237.000000 1.980620
 1238.000000 1.801294
 1239.000000 1.742652
 1240.000000 1.934017
 1241.000000 2.009518
 1242.000000 1.789000
 1243.000000 2.005906
 1244.000000 1.832091
 1245.000000 1.914980
 1246.000000 1.767640
 1247.000000 1.807413
 1248.000000 1.854621
 1249.000000 1.863832
 1250.000000 1.770403
 1251.000000 1.817208
 1252.000000 1.802659
 1253.000000 1.765156
 1254.000000 1.702928
 1255.000000 1.679952
 1256.000000 1.695402
 1257.000000 1.609078
 1258.000000 1.674570
 1259.000000 1.653097
 1260.000000 1.540548
 1261.000000 1.624545
 1262.000000 1.606384
 1263.000000 1.632702
 1264.000000 1.655704
 1265.000000 1.784748
 1266.000000 1.805011
 1267.000000 1.806837
 1268.000000 1.770802
 1269.000000 1.777291
 1270.000000 1.685830
 1271.000000 1.723093
 1272.000000 1.734059
 1273.000000 1.781611
 1274.000000 1.692957
 1275.000000 1.853205
 1276.000000 1.879888
 1277.000000 2.151764
 1278.000000 2.011787
 1279.000000 2.397195
 1280.000000 2.276974
 1281.000000 2.526050
 1282.000000 2.519240
 1283.000000 2.457490
 1284.000000 2.424355
 1285.000000 2.330316
 1286.000000 2.443423
 1287.000000 2.077949
 1288.000000 2.207853
 1289.000000 2.353583
 1290.000000 2.164034
 1291.000000 2.103338
 1292.000000 2.159799
 1293.000000 2.288255
 1294.000000 2.212993
 1295.000000 2.491601
 1296.000000 2.195086
 1297.000000 1.988030
 1298.000000 2.075112
 1299.000000 1.730598
 1300.000000 1.642855
 1301.000000 2.237789
 1302.000000 2.063967
 1303.000000 2.100582
 1304.000000 1.894145
 1305.000000 2.111998
 1306.000000 1.976072
 1307.000000 1.966544
 1308.000000 1.917911
 1309.000000 2.016339
 1310.000000 2.031400
 1311.000000 2.224309
 1312.000000 2.180328
 1313.000000 2.162778
 1314.000000 2.217550
 1315.000000 2.501670
 1316.000000 2.626409
 1317.000000 2.369705
 1318.000000 2.467899
 1319.000000 2.119498
 1320.000000 2.314449
 1321.000000 2.375913
 1322.000000 2.089690
 1323.000000 2.124119
 1324.000000 2.209132
 1325.000000 2.153885
 1326.000000 2.081541
 1327.000000 2.146783
 1328.000000 2.204801
 1329.000000 2.349274
 1330.000000 2.522882
 1331.000000 2.255576
 1332.000000 2.099479
 1333.000000 2.067339
 1334.000000 2.166023
 1335.000000 1.883414
 1336.000000 2.310268
 1337.000000 2.245147
 1338.000000 2.201429
 1339.000000 2.073939
 1340.000000 2.113767
 1341.000000 2.094699
 1342.000000 2.336802
 1343.000000 2.124476
 1344.000000 2.772310
 1345.000000 3.029318
 1346.000000 2.920494
 1347.000000 2.819382
 1348.000000 2.781228
 1349.000000 2.638202
 1350.000000 2.727368
 1351.000000 2.539273
 1352.000000 2.769309
 1353.000000 3.345616
 1354.000000 3.316997
 1355.000000 3.311359
 1356.000000 3.197904
 1357.000000 3.226025
 1358.000000 2.920116
 1359.000000 3.394322
 1360.000000 3.821164
 1361.000000 4.029766
 1362.000000 3.885300
 1363.000000 4.080875
 1364.000000 4.260483
 1365.000000 4.758216
 1366.000000 4.719567
 1367.000000 4.871279
 1368.000000 4.861209
 1369.000000 4.813926
 1370.000000 4.391588
 1371.000000 4.222269
 1372.000000 4.344035
 1373.000000 4.222278
 1374.000000 4.384406
 1375.000000 4.669037
 1376.000000 4.349533
 1377.000000 4.175183
 1378.000000 4.617443
 1379.000000 4.343126
 1380.000000 3.944516
 1381.000000 4.043307
 1382.000000 4.054827
 1383.000000 4.444775
 1384.000000 4.427974
 1385.000000 4.228529
 1386.000000 3.866410
 1387.000000 4.068441
 1388.000000 4.293878
 1389.000000 4.050873
 1390.000000 4.255314
 1391.000000 4.293084
 1392.000000 4.855793
 1393.000000 4.923167
 1394.000000 4.796062
 1395.000000 4.861024
 1396.000000 4.729321
 1397.000000 4.679876
 1398.000000 4.616870
 1399.000000 4.506267
 1400.000000 4.277705
 1401.000000 4.220141
 1402.000000 4.589146
 1403.000000 4.502508
 1404.000000 4.468703
 1405.000000 4.116207
 1406.000000 4.275172
 1407.000000 4.227130
 1408.000000 3.845126
 1409.000000 3.839021
 1410.000000 3.652025
 1411.000000 3.286118
 1412.000000 3.433002
 1413.000000 3.351616
 1414.000000 3.337104
 1415.000000 3.190521
 1416.000000 2.810821
 1417.000000 2.864049
 1418.000000 2.857020
 1419.000000 3.188810
 1420.000000 3.518305
 1421.000000 3.401863
 1422.000000 3.377894
 1423.000000 3.297690
 1424.000000 2.719973
 1425.000000 3.120875
 1426.000000 2.870870
 1427.000000 3.008380
 1428.000000 3.298749
 1429.000000 3.227388
 1430.000000 3.010565
 1431.000000 3.281602
 1432.000000 2.844148
 1433.000000 2.957961
 1434.000000 3.555717
 1435.000000 3.343616
 1436.000000 3.514924
 1437.000000 3.304996
 1438.000000 3.083426
 1439.000000 3.277535
 1440.000000 3.360905
 1441.000000 2.986009
 1442.000000 3.004556
 1443.000000 3.123743
 1444.000000 3.348903
 1445.000000 3.514387
 1446.000000 3.211713
 1447.000000 3.363136
 1448.000000 3.366060
 1449.000000 3.534150
 1450.000000 3.257071
 1451.000000 3.788298
 1452.000000 4.165300
 1453.000000 4.311716
 1454.000000 4.214493
 1455.000000 4.246400
 1456.000000 4.073199
 1457.000000 3.970651
 1458.000000 3.998058
 1459.000000 3.951752
 1460.000000 4.083541
 1461.000000 3.960408
 1462.000000 3.966850
 1463.000000 3.702358
 1464.000000 4.141671
 1465.000000 3.954172
 1466.000000 4.275346
 1467.000000 4.306407
 1468.000000 4.383066
 1469.000000 4.325309
 1470.000000 4.329045
 1471.000000 4.119840
 1472.000000 4.356453
 1473.000000 4.492914
 1474.000000 4.192887
 1475.000000 4.067298
 1476.000000 4.049784
 1477.000000 4.003535
 1478.000000 3.959250
 1479.000000 4.005791
 1480.000000 4.246737
 1481.000000 4.062309
 1482.000000 3.943052
 1483.000000 4.148082
 1484.000000 4.130329
 1485.000000 4.159060
 1486.000000 3.869918
 1487.000000 3.471743
 1488.000000 2.970851
 1489.000000 3.256658
 1490.000000 3.399920
 1491.000000 3.928797
 1492.000000 3.851278
 1493.000000 3.440601
 1494.000000 4.061818
 1495.000000 4.158025
 1496.000000 4.312686
 1497.000000 4.298839
 1498.000000 4.379451
 1499.000000 4.388270
 1500.000000 4.448480
 1501.000000 4.329400
 1502.000000 4.378306
 1503.000000 4.540196
 1504.000000 4.524106
 1505.000000 4.485635
 1506.000000 4.485988
 1507.000000 4.178934
 1508.000000 3.758646
 1509.000000 3.973821
 1510.000000 4.013593
 1511.000000 3.589727
 1512.000000 3.578705
 1513.000000 3.716551
 1514.000000 4.029926
 1515.000000 3.937254
 1516.000000 4.132566
 1517.000000 4.297469
 1518.000000 4.248233
 1519.000000 4.136116
 1520.000000 4.037615
 1521.000000 4.043319
 1522.000000 3.608917
 1523.000000 3.247082
 1524.000000 3.155000
 1525.000000 3.310733
 1526.000000 2.794570
 1527.000000 2.833736
 1528.000000 2.901530
 1529.000000 2.921535
 1530.000000 3.251630
 1531.000000 3.409532
 1532.000000 3.501110
 1533.000000 3.883761
 1534.000000 4.205436
 1535.000000 4.328794
 1536.000000 4.264111
 1537.000000 4.370184
 1538.000000 4.263334
 1539.000000 4.010874
 1540.000000 4.322473
 1541.000000 4.340479
 1542.000000 4.219395
 1543.000000 4.157021
 1544.000000 4.563766
 1545.000000 4.155977
 1546.000000 4.377042
 1547.000000 4.338012
 1548.000000 4.536885
 1549.000000 4.816879
 1550.000000 4.930358
 1551.000000 5.058259
 1552.000000 5.023236
 1553.000000 5.049089
 1554.000000 5.041573
 1555.000000 4.922862
 1556.000000 4.889274
 1557.000000 4.882031
 1558.000000 4.577974
 1559.000000 4.348232
 1560.000000 3.935983
 1561.000000 3.748768
 1562.000000 3.089235
 1563.000000 3.020797
 1564.000000 3.290468
 1565.000000 3.295343
 1566.000000 3.425633
 1567.000000 3.276571
 1568.000000 3.174162
 1569.000000 3.014931
 1570.000000 3.348888
 1571.000000 3.236758
 1572.000000 3.129641
 1573.000000 3.703017
 1574.000000 3.554963
 1575.000000 3.095059
 1576.000000 3.611288
 1577.000000 3.444127
 1578.000000 3.034950
 1579.000000 3.321659
 1580.000000 3.138721
 1581.000000 3.023958
 1582.000000 2.888229
 1583.000000 2.760801
 1584.000000 2.635376
 1585.000000 2.606544
 1586.000000 2.507202
 1587.000000 2.762633
 1588.000000 2.583214
 1589.000000 2.769502
 1590.000000 2.971283
 1591.000000 3.371173
 1592.000000 3.587061
 1593.000000 3.571919
 1594.000000 3.352162
 1595.000000 3.627179
 1596.000000 3.629073
 1597.000000 3.674477
 1598.000000 4.154282
 1599.000000 4.059258
 1600.000000 3.853354
 1601.000000 3.854205
 1602.000000 3.732454
 1603.000000 3.856560
 1604.000000 3.745207
 1605.000000 3.542421
 1606.000000 3.795183
 1607.000000 4.099073
 1608.000000 4.114403
 1609.000000 4.126875
 1610.000000 3.905179
 1611.000000 3.956229
 1612.000000 3.584319
 1613.000000 3.735910
 1614.000000 3.577308
 1615.000000 3.422076
 1616.000000 3.293417
 1617.000000 3.127653
 1618.000000 3.009583
 1619.000000 2.780678
 1620.000000 2.906281
 1621.000000 3.036240
 1622.000000 2.835906
 1623.000000 2.933999
 1624.000000 3.136856
 1625.000000 3.624995
 1626.000000 3.596037
 1627.000000 3.206838
 1628.000000 3.337335
 1629.000000 3.433503
 1630.000000 3.032224
 1631.000000 3.310726
 1632.000000 3.001166
 1633.000000 3.039742
 1634.000000 3.168637
 1635.000000 3.038436
 1636.000000 2.933410
 1637.000000 3.216293
 1638.000000 2.989911
 1639.000000 2.589102
 1640.000000 2.650053
 1641.000000 2.451470
 1642.000000 2.534303
 1643.000000 2.453382
 1644.000000 2.784475
 1645.000000 2.810889
 1646.000000 3.092297
 1647.000000 3.069105
 1648.000000 3.182828
 1649.000000 3.226789
 1650.000000 3.205923
 1651.000000 3.231401
 1652.000000 3.077448
 1653.000000 3.166221
 1654.000000 3.444353
 1655.000000 3.302644
 1656.000000 3.284719
 1657.000000 3.322239
 1658.000000 2.646108
 1659.000000 2.819395
 1660.000000 3.188072
 1661.000000 3.143503
 1662.000000 3.477329
 1663.000000 3.343524
 1664.000000 3.041849
 1665.000000 2.533854
 1666.000000 2.504353
 1667.000000 2.471078
 1668.000000 2.776683
 1669.000000 2.463087
 1670.000000 2.299314
 1671.000000 2.447461
 1672.000000 2.396326
 1673.000000 2.477677
 1674.000000 2.968775
 1675.000000 2.939111
 1676.000000 2.031535
 1677.000000 2.188843
 1678.000000 2.092135
 1679.000000 3.024217
 1680.000000 3.100426
 1681.000000 3.335983
 1682.000000 2.943616
 1683.000000 3.020966
 1684.000000 2.384568
 1685.000000 2.056077
 1686.000000 1.356745
 1687.000000 0.803428
 1688.000000 1.334025
 1689.000000 2.016234
 1690.000000 3.854938
 1691.000000 4.246304
 1692.000000 3.454145
 1693.000000 4.384972
 1694.000000 3.889178
 1695.000000 3.750265
 1696.000000 3.154971
 1697.000000 3.636891
 1698.000000 3.877504
 1699.000000 3.059266
 1700.000000 2.695644
 1701.000000 2.777084
 1702.000000 4.066696
 1703.000000 4.430382
 1704.000000 3.989613
 1705.000000 4.012855
 1706.000000 3.885947
 1707.000000 3.842741
 1708.000000 3.395114
 1709.000000 2.497079
 1710.000000 3.091887
 1711.000000 3.200039
 1712.000000 3.499584
 1713.000000 3.825046
 1714.000000 3.253413
 1715.000000 3.771827
 1716.000000 3.679129
 1717.000000 3.669354
 1718.000000 4.335704
 1719.000000 4.300169
 1720.000000 4.529892
 1721.000000 3.363079
 1722.000000 3.391917
 1723.000000 2.863305
 1724.000000 1.642446
 1725.000000 0.167397
 1726.000000 0.664184
 1727.000000 0.291590
 1728.000000 0.203774
 1729.000000 0.150354
 1730.000000 0.205243
 1731.000000 0.566790
 1732.000000 0.501740
 1733.000000 0.625644
 1734.000000 0.543438
 1735.000000 0.566406
 1736.000000 0.277739
 1737.000000 1.538840
 1738.000000 1.354511
 1739.000000 1.195471
 1740.000000 1.295107
 1741.000000 1.403367
 1742.000000 2.823490
 1743.000000 1.020121
 1744.000000 1.964444
 1745.000000 1.040038
 1746.000000 0.160060
 1747.000000 1.266325
 1748.000000 2.033846
 1749.000000 1.397228
 1750.000000 0.518251
 1751.000000 0.661827
 1752.000000 1.630208
 1753.000000 3.022385
 1754.000000 1.638378
 1755.000000 3.515245
 1756.000000 2.887875
 1757.000000 3.288401
 1758.000000 3.738018
 1759.000000 3.825523
 1760.000000 3.481272
 1761.000000 3.378943
 1762.000000 3.303264
 1763.000000 2.751784
 1764.000000 2.008845
 1765.000000 2.336044
 1766.000000 1.548664
 1767.000000 1.524954
 1768.000000 1.087434
 1769.000000 2.063279
 1770.000000 3.041512
 1771.000000 3.899739
 1772.000000 4.014288
 1773.000000 4.150297
 1774.000000 3.188626
 1775.000000 3.165573
 1776.000000 3.822701
 1777.000000 3.521311
 1778.000000 2.404892
 1779.000000 3.613036
 1780.000000 4.059011
 1781.000000 3.197593
 1782.000000 4.641739
 1783.000000 3.258527
 1784.000000 4.766448
 1785.000000 3.506864
 1786.000000 3.078646
 1787.000000 3.391118
 1788.000000 2.522694
 1789.000000 3.434669
 1790.000000 2.012321
 1791.000000 2.568233
 1792.000000 1.949589
 1793.000000 3.227902
 1794.000000 2.764971
 1795.000000 1.909314
 1796.000000 2.402603
 1797.000000 2.569234
 1798.000000 1.672282
 1799.000000 3.271774
 1800.000000 3.229249
 1801.000000 2.857954
 1802.000000 3.726116
 1803.000000 3.992186
 1804.000000 3.843410
 1805.000000 3.538047
 1806.000000 2.469967
 1807.000000 3.098346
 1808.000000 3.441396
 1809.000000 3.293730
 1810.000000 3.633700
 1811.000000 3.754010
 1812.000000 3.821763
 1813.000000 3.701732
 1814.000000 3.798090
 1815.000000 3.854498
 1816.000000 3.757127
 1817.000000 4.044784
 1818.000000 3.506951
 1819.000000 3.380326
 1820.000000 3.421863
 1821.000000 3.235039
 1822.000000 3.433027
 1823.000000 3.567055
 1824.000000 3.151754
 1825.000000 3.218505
 1826.000000 2.904582
 1827.000000 3.154265
 1828.000000 3.668139
 1829.000000 3.671920
 1830.000000 3.187580
 1831.000000 3.183564
 1832.000000 3.150219
 1833.000000 2.511331
 1834.000000 2.615749
 1835.000000 2.567548
 1836.000000 3.203385
 1837.000000 3.579403
 1838.000000 2.959767
 1839.000000 2.706629
 1840.000000 3.625206
 1841.000000 3.567267
 1842.000000 3.505047
 1843.000000 3.386380
 1844.000000 3.743399
 1845.000000 3.573614
 1846.000000 3.738116
 1847.000000 3.879254
 1848.000000 3.708516
 1849.000000 4.298436
 1850.000000 4.202773
 1851.000000 3.908376
 1852.000000 3.957143
 1853.000000 3.332388
 1854.000000 3.934619
 1855.000000 3.240840
 1856.000000 2.885049
 1857.000000 2.734478
 1858.000000 2.286600
 1859.000000 2.882376
 1860.000000 3.194445
 1861.000000 3.100020
 1862.000000 3.343565
 1863.000000 3.024838
 1864.000000 1.745327
 1865.000000 3.160968
 1866.000000 2.935015
 1867.000000 2.698741
 1868.000000 3.155492
 1869.000000 2.940709
 1870.000000 2.487430
 1871.000000 3.218767
 1872.000000 3.710796
 1873.000000 4.264393
 1874.000000 3.551518
 1875.000000 3.661118
 1876.000000 3.450604
 1877.000000 3.507199
 1878.000000 3.586134
 1879.000000 3.577673
 1880.000000 3.295106
 1881.000000 3.392243
 1882.000000 3.530598
 1883.000000 4.259660
 1884.000000 4.166905
 1885.000000 3.958103
 1886.000000 3.902260
 1887.000000 4.023750
 1888.000000 3.955375
 1889.000000 3.697693
 1890.000000 4.132401
 1891.000000 3.875539
 1892.000000 4.343385
 1893.000000 4.256015
 1894.000000 4.623819
 1895.000000 4.787901
 1896.000000 4.906549
 1897.000000 4.817249
 1898.000000 4.186613
 1899.000000 4.456783
 1900.000000 3.805867
 1901.000000 4.067368
 1902.000000 4.081783
 1903.000000 4.057232
 1904.000000 2.162200
 1905.000000 2.596232
 1906.000000 3.114277
 1907.000000 2.889544
 1908.000000 2.770201
 1909.000000 1.709393
 1910.000000 2.341455
 1911.000000 3.944172
 1912.000000 4.075301
 1913.000000 2.793055
 1914.000000 2.544650
 1915.000000 3.693195
 1916.000000 3.937666
 1917.000000 2.953033
 1918.000000 3.730845
 1919.000000 3.636908
 1920.000000 2.024014
 1921.000000 2.546257
 1922.000000 2.834817
 1923.000000 3.133153
 1924.000000 3.383631
 1925.000000 3.391392
 1926.000000 3.113693
 1927.000000 3.135548
 1928.000000 2.583150
 1929.000000 1.226459
 1930.000000 1.947216
 1931.000000 2.485218
 1932.000000 2.598817
 1933.000000 2.265326
 1934.000000 1.920401
 1935.000000 1.852288
 1936.000000 2.008973
 1937.000000 2.327239
 1938.000000 1.969795
 1939.000000 2.411790
 1940.000000 2.253024
 1941.000000 2.678918
 1942.000000 2.562548
 1943.000000 2.611627
 1944.000000 2.928542
 1945.000000 2.837330
 1946.000000 2.997991
 1947.000000 2.497223
 1948.000000 3.055122
 1949.000000 2.861535
 1950.000000 3.138831
 1951.000000 2.661271
 1952.000000 3.099922
 1953.000000 3.183436
 1954.000000 3.085831
 1955.000000 2.698302
 1956.000000 2.712502
 1957.000000 2.751911
 1958.000000 2.709169
 1959.000000 2.911768
 1960.000000 3.214983
 1961.000000 2.783310
 1962.000000 3.314042
 1963.000000 3.256440
 1964.000000 3.280473
 1965.000000 3.166199
 1966.000000 3.481865
 1967.000000 3.182154
 1968.000000 3.407048
 1969.000000 3.694414
 1970.000000 2.946223
 1971.000000 2.493130
 1972.000000 1.514558
 1973.000000 3.000996
 1974.000000 1.934071
 1975.000000 1.708578
 1976.000000 2.326898
 1977.000000 2.366781
 1978.000000 1.279620
 1979.000000 1.418934
 1980.000000 1.269326
 1981.000000 3.238586
 1982.000000 3.293596
 1983.000000 4.020586
 1984.000000 3.680554
 1985.000000 3.872951
 1986.000000 3.388588
 1987.000000 3.028725
 1988.000000 2.687806
 1989.000000 2.593744
 1990.000000 2.400678
 1991.000000 2.171831
 1992.000000 3.482065
 1993.000000 3.259690
 1994.000000 3.433474
 1995.000000 2.715059
 1996.000000 2.396004
 1997.000000 3.169066
 1998.000000 2.333045
 1999.000000 1.908477
 2000.000000 2.215150
 2001.000000 2.621423
 2002.000000 2.420328
 2003.000000 2.682964
 2004.000000 3.029223
 2005.000000 3.263513
 2006.000000 3.255213
 2007.000000 3.162497
 2008.000000 2.950705
 2009.000000 3.616236
 2010.000000 3.258419
 2011.000000 3.083418
 2012.000000 2.764647
 2013.000000 1.997622
 2014.000000 2.529184
 2015.000000 2.944495
 2016.000000 2.540340
 2017.000000 2.575766
 2018.000000 3.576936
 2019.000000 3.880947
 2020.000000 3.524566
 2021.000000 3.818708
 2022.000000 3.723974
 2023.000000 3.851568
 2024.000000 4.005493
