#! FIELDS time r39.min
 0.000000 1.818958
 1.000000 1.805945
 2.000000 2.596721
 3.000000 3.226234
 4.000000 2.624220
 5.000000 2.683695
 6.000000 2.438925
 7.000000 2.574819
 8.000000 2.784411
 9.000000 3.645846
 10.000000 2.954315
 11.000000 3.200487
 12.000000 3.378136
 13.000000 3.090910
 14.000000 2.249781
 15.000000 2.342750
 16.000000 2.462870
 17.000000 2.467097
 18.000000 2.353090
 19.000000 2.637703
 20.000000 2.399261
 21.000000 2.389028
 22.000000 2.642569
 23.000000 2.669330
 24.000000 3.979159
 25.000000 2.635923
 26.000000 2.332391
 27.000000 2.184332
 28.000000 1.375116
 29.000000 1.137209
 30.000000 2.448064
 31.000000 3.029697
 32.000000 3.753217
 33.000000 3.837545
 34.000000 2.594955
 35.000000 3.112192
 36.000000 3.211188
 37.000000 3.149529
 38.000000 4.174341
 39.000000 3.866091
 40.000000 3.610764
 41.000000 3.943082
 42.000000 4.454402
 43.000000 3.565312
 44.000000 2.124202
 45.000000 1.490176
 46.000000 1.629212
 47.000000 1.584067
 48.000000 1.874039
 49.000000 1.948182
 50.000000 1.577117
 51.000000 1.686598
 52.000000 1.680405
 53.000000 2.052138
 54.000000 1.574438
 55.000000 1.663076
 56.000000 1.509986
 57.000000 1.606892
 58.000000 1.651357
 59.000000 1.565390
 60.000000 1.512234
 61.000000 1.507236
 62.000000 1.254376
 63.000000 1.604362
 64.000000 1.650543
 65.000000 2.142068
 66.000000 3.076345
 67.000000 3.854522
 68.000000 3.477630
 69.000000 3.568929
 70.000000 3.647129
 71.000000 3.527368
 72.000000 4.089834
 73.000000 4.476959
 74.000000 4.245552
 75.000000 3.276582
 76.000000 4.223048
 77.000000 3.890017
 78.000000 3.235021
 79.000000 3.182858
 80.000000 2.984959
 81.000000 3.059305
 82.000000 2.725760
 83.000000 3.031180
 84.000000 3.305269
 85.000000 3.224278
 86.000000 3.337589
 87.000000 3.609432
 88.000000 3.899714
 89.000000 3.905595
 90.000000 4.035658
 91.000000 4.050781
 92.000000 4.025021
 93.000000 4.032889
 94.000000 4.147352
 95.000000 4.163798
 96.000000 3.676668
 97.000000 3.428697
 98.000000 2.725823
 99.000000 2.125852
 100.000000 3.226366
 101.000000 2.871745
 102.000000 3.586677
 103.000000 3.169596
 104.000000 3.699433
 105.000000 3.327537
 106.000000 3.979442
 107.000000 3.274095
 108.000000 2.053499
 109.000000 1.990270
 110.000000 2.070834
 111.000000 2.101647
 112.000000 2.254653
 113.000000 2.618131
 114.000000 2.831382
 115.000000 2.793157
 116.000000 2.853415
 117.000000 2.900360
 118.000000 2.811914
 119.000000 2.701132
 120.000000 2.864068
 121.000000 2.993103
 122.000000 3.024758
 123.000000 2.981919
 124.000000 3.167006
 125.000000 2.957738
 126.000000 3.092373
 127.000000 2.832678
 128.000000 2.883087
 129.000000 2.250677
 130.000000 2.091718
 131.000000 1.713195
 132.000000 1.729357
 133.000000 1.965096
 134.000000 1.784808
 135.000000 2.054614
 136.000000 2.153957
 137.000000 2.205580
 138.000000 2.067032
 139.000000 2.029685
 140.000000 2.073694
 141.000000 2.321386
 142.000000 3.222033
 143.000000 3.117364
 144.000000 2.695121
 145.000000 2.544044
 146.000000 3.792581
 147.000000 3.545875
 148.000000 3.391003
 149.000000 3.454120
 150.000000 3.667665
 151.000000 3.696504
 152.000000 2.952255
 153.000000 3.142587
 154.000000 3.237869
 155.000000 3.572591
 156.000000 3.829696
 157.000000 3.340764
 158.000000 3.491755
 159.000000 3.156140
 160.000000 3.458905
 161.000000 4.053000
 162.000000 3.742991
 163.000000 3.797250
 164.000000 3.610105
 165.000000 3.067243
 166.000000 2.591468
 167.000000 2.357674
 168.000000 3.889628
 169.000000 2.900417
 170.000000 2.899141
 171.000000 2.663589
 172.000000 2.888448
 173.000000 2.992769
 174.000000 2.999485
 175.000000 3.017958
 176.000000 2.909608
 177.000000 2.847233
 178.000000 2.799154
 179.000000 2.912833
 180.000000 2.873940
 181.000000 2.899108
 182.000000 2.832985
 183.000000 2.816410
 184.000000 2.854285
 185.000000 2.751521
 186.000000 2.727194
 187.000000 2.800319
 188.000000 2.850994
 189.000000 2.834695
 190.000000 2.852247
 191.000000 2.939692
 192.000000 3.056442
 193.000000 2.927977
 194.000000 2.966657
 195.000000 2.900670
 196.000000 2.922766
 197.000000 3.008580
 198.000000 2.905361
 199.000000 2.854263
 200.000000 2.903535
 201.000000 2.983479
 202.000000 2.871753
 203.000000 2.962973
 204.000000 3.685115
 205.000000 3.556180
 206.000000 3.313827
 207.000000 3.201430
 208.000000 3.319709
 209.000000 3.533738
 210.000000 3.711770
 211.000000 3.622397
 212.000000 3.171090
 213.000000 3.151090
 214.000000 3.389791
 215.000000 3.504605
 216.000000 3.580374
 217.000000 3.317658
 218.000000 3.437295
 219.000000 3.714303
 220.000000 3.516225
 221.000000 3.612002
 222.000000 3.603846
 223.000000 3.779506
 224.000000 3.843183
 225.000000 3.969686
 226.000000 3.811944
 227.000000 3.752569
 228.000000 3.786970
 229.000000 3.732384
 230.000000 3.641977
 231.000000 3.684259
 232.000000 3.595352
 233.000000 3.832011
 234.000000 3.776108
 235.000000 3.848071
 236.000000 3.787037
 237.000000 3.740716
 238.000000 3.641510
 239.000000 3.718781
 240.000000 3.839703
 241.000000 3.878297
 242.000000 3.940167
 243.000000 3.968635
 244.000000 4.204260
 245.000000 4.224315
 246.000000 4.252241
 247.000000 4.197378
 248.000000 4.238452
 249.000000 4.158791
 250.000000 4.171046
 251.000000 4.183157
 252.000000 4.179671
 253.000000 4.052680
 254.000000 4.102882
 255.000000 3.999781
 256.000000 4.094052
 257.000000 3.970435
 258.000000 4.004049
 259.000000 4.129908
 260.000000 4.211914
 261.000000 3.961743
 262.000000 4.719577
 263.000000 4.644980
 264.000000 3.110541
 265.000000 3.564530
 266.000000 2.895576
 267.000000 3.175602
 268.000000 4.616858
 269.000000 4.775637
 270.000000 5.018605
 271.000000 4.938814
 272.000000 4.570116
 273.000000 4.878262
 274.000000 4.645117
 275.000000 4.316278
 276.000000 4.174579
 277.000000 3.633469
 278.000000 3.430457
 279.000000 2.642814
 280.000000 4.058086
 281.000000 4.555481
 282.000000 3.573593
 283.000000 3.792455
 284.000000 3.346424
 285.000000 4.344195
 286.000000 4.351184
 287.000000 4.561342
 288.000000 4.176699
 289.000000 3.576893
 290.000000 3.891161
 291.000000 2.794481
 292.000000 1.996156
 293.000000 2.241071
 294.000000 1.883752
 295.000000 2.012498
 296.000000 3.344248
 297.000000 3.727177
 298.000000 3.651987
 299.000000 3.321207
 300.000000 2.947639
 301.000000 2.895460
 302.000000 1.748465
 303.000000 2.477881
 304.000000 2.878809
 305.000000 4.280811
 306.000000 4.396092
 307.000000 3.495543
 308.000000 3.546107
 309.000000 3.687625
 310.000000 2.971066
 311.000000 2.863295
 312.000000 3.697396
 313.000000 3.839443
 314.000000 4.208368
 315.000000 4.018937
 316.000000 4.455219
 317.000000 3.614874
 318.000000 4.558741
 319.000000 4.217770
 320.000000 4.567639
 321.000000 4.050621
 322.000000 3.992454
 323.000000 4.213303
 324.000000 3.946893
 325.000000 3.367908
 326.000000 4.203988
 327.000000 4.324780
 328.000000 3.796249
 329.000000 4.178564
 330.000000 3.582138
 331.000000 3.920922
 332.000000 3.585842
 333.000000 2.348065
 334.000000 2.324796
 335.000000 2.834352
 336.000000 4.377895
 337.000000 4.511524
 338.000000 4.331138
 339.000000 4.201750
 340.000000 3.388850
 341.000000 2.885237
 342.000000 2.778357
 343.000000 2.669849
 344.000000 2.535734
 345.000000 2.684083
 346.000000 2.830092
 347.000000 3.150531
 348.000000 3.124874
 349.000000 3.135057
 350.000000 3.287263
 351.000000 3.197496
 352.000000 3.205770
 353.000000 3.243495
 354.000000 3.157963
 355.000000 3.077785
 356.000000 3.152749
 357.000000 3.073344
 358.000000 2.897773
 359.000000 2.867719
 360.000000 2.995911
 361.000000 2.876277
 362.000000 2.919059
 363.000000 2.942190
 364.000000 3.018922
 365.000000 2.983884
 366.000000 2.903385
 367.000000 2.984509
 368.000000 2.883249
 369.000000 2.934758
 370.000000 2.885958
 371.000000 2.864164
 372.000000 2.857219
 373.000000 2.961970
 374.000000 2.842846
 375.000000 2.778965
 376.000000 2.916191
 377.000000 2.931253
 378.000000 2.856314
 379.000000 2.746310
 380.000000 2.804829
 381.000000 2.723208
 382.000000 2.710053
 383.000000 2.788315
 384.000000 2.833178
 385.000000 2.723125
 386.000000 2.825647
 387.000000 2.789421
 388.000000 2.698815
 389.000000 2.762238
 390.000000 2.704351
 391.000000 2.694841
 392.000000 2.655339
 393.000000 2.728690
 394.000000 2.849804
 395.000000 2.639731
 396.000000 2.878494
 397.000000 2.650267
 398.000000 2.835429
 399.000000 2.517778
 400.000000 2.622159
 401.000000 2.553906
 402.000000 2.351252
 403.000000 2.657936
 404.000000 2.685023
 405.000000 2.635885
 406.000000 2.607228
 407.000000 2.549733
 408.000000 2.587530
 409.000000 2.574582
 410.000000 2.626452
 411.000000 2.704190
 412.000000 2.672754
 413.000000 2.722224
 414.000000 2.722049
 415.000000 2.785264
 416.000000 2.747527
 417.000000 2.732742
 418.000000 2.700503
 419.000000 2.681495
 420.000000 2.662390
 421.000000 4.304161
 422.000000 2.752919
 423.000000 2.775292
 424.000000 2.842066
 425.000000 2.767806
 426.000000 2.788514
 427.000000 2.835726
 428.000000 2.872830
 429.000000 4.157487
 430.000000 2.925075
 431.000000 2.909050
 432.000000 3.014772
 433.000000 3.053552
 434.000000 2.874746
 435.000000 2.995233
 436.000000 2.790309
 437.000000 2.909645
 438.000000 2.914810
 439.000000 2.871120
 440.000000 2.945071
 441.000000 2.708391
 442.000000 2.873355
 443.000000 4.407381
 444.000000 4.477377
 445.000000 4.498435
 446.000000 3.083433
 447.000000 4.794970
 448.000000 3.049058
 449.000000 4.903274
 450.000000 5.038055
 451.000000 5.295262
 452.000000 3.746358
 453.000000 3.632049
 454.000000 2.777255
 455.000000 3.886217
 456.000000 4.936625
 457.000000 4.280132
 458.000000 4.441161
 459.000000 4.740954
 460.000000 4.589290
 461.000000 4.089244
 462.000000 3.843018
 463.000000 3.727852
 464.000000 2.848463
 465.000000 3.246501
 466.000000 3.776034
 467.000000 3.600403
 468.000000 3.975605
 469.000000 4.176828
 470.000000 3.815747
 471.000000 3.968390
 472.000000 3.624664
 473.000000 3.229020
 474.000000 3.113714
 475.000000 1.649479
 476.000000 2.421200
 477.000000 2.435358
 478.000000 3.411778
 479.000000 3.422222
 480.000000 3.399571
 481.000000 3.836601
 482.000000 3.944800
 483.000000 4.405144
 484.000000 4.488771
 485.000000 4.285933
 486.000000 2.857010
 487.000000 3.749747
 488.000000 3.615604
 489.000000 2.564827
 490.000000 1.424725
 491.000000 1.782662
 492.000000 1.963530
 493.000000 2.501045
 494.000000 2.600103
 495.000000 2.709670
 496.000000 2.797833
 497.000000 3.427449
 498.000000 3.857811
 499.000000 3.814465
 500.000000 4.029612
 501.000000 4.114711
 502.000000 4.696903
 503.000000 4.515818
 504.000000 2.818079
 505.000000 3.945397
 506.000000 4.009616
 507.000000 3.982146
 508.000000 3.489156
 509.000000 3.960057
 510.000000 4.133315
 511.000000 4.052869
 512.000000 3.696729
 513.000000 3.488681
 514.000000 3.338262
 515.000000 3.632719
 516.000000 3.541207
 517.000000 3.039895
 518.000000 3.866482
 519.000000 3.365868
 520.000000 3.539419
 521.000000 3.929730
 522.000000 4.356324
 523.000000 3.113527
 524.000000 2.536101
 525.000000 2.395469
 526.000000 2.503354
 527.000000 2.845591
 528.000000 2.650369
 529.000000 1.994951
 530.000000 2.545439
 531.000000 2.693009
 532.000000 3.114988
 533.000000 3.744767
 534.000000 3.506858
 535.000000 3.497743
 536.000000 3.659813
 537.000000 4.109435
 538.000000 4.080062
 539.000000 3.905714
 540.000000 3.936451
 541.000000 3.470486
 542.000000 4.115419
 543.000000 3.972036
 544.000000 3.821492
 545.000000 3.303706
 546.000000 3.216220
 547.000000 2.819424
 548.000000 2.666608
 549.000000 2.925381
 550.000000 2.865013
 551.000000 2.845145
 552.000000 2.839687
 553.000000 2.856156
 554.000000 2.907480
 555.000000 2.963327
 556.000000 3.074527
 557.000000 3.058240
 558.000000 3.013416
 559.000000 2.994884
 560.000000 3.078016
 561.000000 2.989393
 562.000000 2.969734
 563.000000 2.944428
 564.000000 2.973321
 565.000000 2.984900
 566.000000 2.895248
 567.000000 2.956324
 568.000000 2.939447
 569.000000 2.747986
 570.000000 2.879797
 571.000000 2.782938
 572.000000 2.869898
 573.000000 2.841035
 574.000000 3.047921
 575.000000 2.923916
 576.000000 3.035453
 577.000000 3.192334
 578.000000 3.135846
 579.000000 4.098522
 580.000000 3.543236
 581.000000 3.777068
 582.000000 3.280962
 583.000000 3.744313
 584.000000 3.909289
 585.000000 3.481556
 586.000000 4.124541
 587.000000 3.958637
 588.000000 3.979690
 589.000000 4.035517
 590.000000 4.421916
 591.000000 3.880778
 592.000000 2.855150
 593.000000 2.659635
 594.000000 2.540444
 595.000000 3.524026
 596.000000 3.111345
 597.000000 3.248858
 598.000000 3.267759
 599.000000 3.192637
 600.000000 3.143917
 601.000000 3.291534
 602.000000 3.235891
 603.000000 3.254149
 604.000000 3.181118
 605.000000 3.149524
 606.000000 3.125766
 607.000000 3.149615
 608.000000 3.093595
 609.000000 3.008785
 610.000000 2.967611
 611.000000 2.953401
 612.000000 2.991630
 613.000000 3.100598
 614.000000 3.086337
 615.000000 3.210360
 616.000000 3.250037
 617.000000 3.205074
 618.000000 4.736907
 619.000000 3.079251
 620.000000 3.008732
 621.000000 3.022041
 622.000000 3.152399
 623.000000 3.140946
 624.000000 4.736253
 625.000000 3.076418
 626.000000 2.973831
 627.000000 4.735565
 628.000000 3.085130
 629.000000 4.644011
 630.000000 4.659759
 631.000000 4.626249
 632.000000 4.562511
 633.000000 4.660526
 634.000000 3.222331
 635.000000 3.309634
 636.000000 3.293736
 637.000000 4.574926
 638.000000 4.608869
 639.000000 3.239098
 640.000000 3.303226
 641.000000 4.603220
 642.000000 3.412242
 643.000000 4.571003
 644.000000 4.561610
 645.000000 4.592740
 646.000000 3.509390
 647.000000 3.507962
 648.000000 4.502398
 649.000000 4.544451
 650.000000 4.505874
 651.000000 4.521575
 652.000000 4.502564
 653.000000 3.491667
 654.000000 3.570965
 655.000000 3.560429
 656.000000 3.660557
 657.000000 3.627357
 658.000000 3.668769
 659.000000 3.726535
 660.000000 3.666355
 661.000000 3.639117
 662.000000 3.651698
 663.000000 3.652065
 664.000000 3.628437
 665.000000 3.740306
 666.000000 3.353543
 667.000000 3.496683
 668.000000 3.528780
 669.000000 3.579868
 670.000000 3.559056
 671.000000 3.488972
 672.000000 3.509756
 673.000000 3.582003
 674.000000 3.540759
 675.000000 3.627723
 676.000000 3.569451
 677.000000 3.585816
 678.000000 3.586469
 679.000000 3.709462
 680.000000 3.674996
 681.000000 3.637564
 682.000000 3.546548
 683.000000 3.513214
 684.000000 3.555294
 685.000000 3.580250
 686.000000 3.639045
 687.000000 3.466032
 688.000000 3.397578
 689.000000 3.456029
 690.000000 3.520193
 691.000000 3.572786
 692.000000 3.682109
 693.000000 3.742676
 694.000000 3.325480
 695.000000 3.730195
 696.000000 3.586852
 697.000000 3.742541
 698.000000 3.508985
 699.000000 3.437973
 700.000000 3.382589
 701.000000 3.281472
 702.000000 3.292205
 703.000000 3.390935
 704.000000 3.297281
 705.000000 2.864859
 706.000000 3.114530
 707.000000 3.433630
 708.000000 3.526077
 709.000000 3.952361
 710.000000 4.096639
 711.000000 3.969108
 712.000000 3.591988
 713.000000 4.138089
 714.000000 3.509347
 715.000000 3.719656
 716.000000 3.938802
 717.000000 3.825951
 718.000000 3.489669
 719.000000 3.158422
 720.000000 3.103025
 721.000000 1.962503
 722.000000 3.113492
 723.000000 3.669933
 724.000000 2.170847
 725.000000 1.631187
 726.000000 3.625505
 727.000000 3.217597
 728.000000 3.860407
 729.000000 3.613557
 730.000000 4.152390
 731.000000 4.018183
 732.000000 3.322099
 733.000000 3.779793
 734.000000 3.845501
 735.000000 3.840178
 736.000000 3.413120
 737.000000 3.245103
 738.000000 4.128617
 739.000000 3.295201
 740.000000 3.568505
 741.000000 3.098294
 742.000000 3.975857
 743.000000 3.493033
 744.000000 3.144721
 745.000000 2.522442
 746.000000 2.681193
 747.000000 2.686378
 748.000000 3.262957
 749.000000 3.387879
 750.000000 3.997590
 751.000000 3.857031
 752.000000 4.012095
 753.000000 3.725217
 754.000000 3.643205
 755.000000 3.366131
 756.000000 3.558392
 757.000000 3.204353
 758.000000 2.546967
 759.000000 2.729359
 760.000000 1.966393
 761.000000 2.180272
 762.000000 2.231476
 763.000000 2.216430
 764.000000 3.062399
 765.000000 3.211790
 766.000000 3.099596
 767.000000 3.667714
 768.000000 3.987334
 769.000000 3.650998
 770.000000 3.504237
 771.000000 3.727242
 772.000000 3.892411
 773.000000 3.634348
 774.000000 3.337175
 775.000000 1.970603
 776.000000 2.370201
 777.000000 2.763331
 778.000000 2.464540
 779.000000 2.397982
 780.000000 3.079868
 781.000000 2.631155
 782.000000 2.808797
 783.000000 2.584363
 784.000000 2.918821
 785.000000 3.245363
 786.000000 3.711701
 787.000000 3.054315
 788.000000 3.451342
 789.000000 3.484070
 790.000000 3.594341
 791.000000 3.750206
 792.000000 3.904230
 793.000000 4.055952
 794.000000 4.471075
 795.000000 4.041950
 796.000000 3.686857
 797.000000 4.138600
 798.000000 3.981502
 799.000000 3.241981
 800.000000 2.939841
 801.000000 3.037250
 802.000000 2.708264
 803.000000 3.318663
 804.000000 3.153828
 805.000000 3.136654
 806.000000 2.917193
 807.000000 2.209722
 808.000000 2.003466
 809.000000 2.738918
 810.000000 2.444574
 811.000000 2.909734
 812.000000 3.193513
 813.000000 3.129041
 814.000000 3.138479
 815.000000 2.794336
 816.000000 3.565596
 817.000000 4.067120
 818.000000 4.029278
 819.000000 4.121005
 820.000000 3.951310
 821.000000 3.771710
 822.000000 3.484977
 823.000000 3.629182
 824.000000 3.364135
 825.000000 2.958424
 826.000000 3.001149
 827.000000 2.869980
 828.000000 2.341885
 829.000000 2.923024
 830.000000 3.027449
 831.000000 3.090278
 832.000000 2.884469
 833.000000 3.048302
 834.000000 2.981273
 835.000000 3.094864
 836.000000 3.043226
 837.000000 2.759675
 838.000000 3.112110
 839.000000 2.839340
 840.000000 3.042569
 841.000000 3.605672
 842.000000 3.160135
 843.000000 3.457226
 844.000000 4.041647
 845.000000 3.720827
 846.000000 3.703315
 847.000000 3.758871
 848.000000 3.650708
 849.000000 4.200535
 850.000000 4.254938
 851.000000 3.879776
 852.000000 3.447033
 853.000000 3.087810
 854.000000 3.138457
 855.000000 4.572562
 856.000000 4.063242
 857.000000 3.878996
 858.000000 4.100684
 859.000000 3.910767
 860.000000 3.434131
 861.000000 3.311561
 862.000000 3.083342
 863.000000 3.519619
 864.000000 3.893682
 865.000000 3.539134
 866.000000 3.031362
 867.000000 3.875552
 868.000000 3.512622
 869.000000 3.189038
 870.000000 3.513335
 871.000000 3.848948
 872.000000 3.767733
 873.000000 3.615227
 874.000000 3.382823
 875.000000 3.616495
 876.000000 3.225237
 877.000000 3.601576
 878.000000 3.285838
 879.000000 3.359170
 880.000000 2.854088
 881.000000 4.073655
 882.000000 3.396025
 883.000000 4.234718
 884.000000 3.843106
 885.000000 4.275646
 886.000000 3.917919
 887.000000 3.700749
 888.000000 3.686396
 889.000000 3.851742
 890.000000 3.756182
 891.000000 3.671916
 892.000000 3.915306
 893.000000 4.028816
 894.000000 4.023420
 895.000000 3.907233
 896.000000 3.518676
 897.000000 3.531444
 898.000000 3.638838
 899.000000 3.797137
 900.000000 3.563896
 901.000000 3.628578
 902.000000 3.720263
 903.000000 4.075202
 904.000000 4.197382
 905.000000 4.110795
 906.000000 3.553507
 907.000000 2.661282
 908.000000 2.092442
 909.000000 2.123136
 910.000000 1.981531
 911.000000 2.142431
 912.000000 2.120348
 913.000000 2.074942
 914.000000 2.119948
 915.000000 2.053946
 916.000000 1.889563
 917.000000 1.907854
 918.000000 1.963947
 919.000000 2.000294
 920.000000 2.105959
 921.000000 2.143819
 922.000000 2.169276
 923.000000 2.335214
 924.000000 2.403550
 925.000000 2.125446
 926.000000 2.251104
 927.000000 2.120764
 928.000000 2.256503
 929.000000 2.354612
 930.000000 2.361007
 931.000000 2.315599
 932.000000 2.175397
 933.000000 2.219145
 934.000000 2.244543
 935.000000 2.151923
 936.000000 2.219225
 937.000000 2.283268
 938.000000 2.323616
 939.000000 2.402835
 940.000000 2.329387
 941.000000 2.265370
 942.000000 2.275207
 943.000000 2.207809
 944.000000 2.213488
 945.000000 2.174134
 946.000000 2.223666
 947.000000 2.225568
 948.000000 2.103396
 949.000000 2.243488
 950.000000 2.204723
 951.000000 2.218929
 952.000000 2.271818
 953.000000 2.246740
 954.000000 2.416194
 955.000000 2.382602
 956.000000 2.428966
 957.000000 2.339683
 958.000000 2.286866
 959.000000 2.300850
 960.000000 2.344256
 961.000000 2.327692
 962.000000 2.380771
 963.000000 2.333677
 964.000000 2.170032
 965.000000 2.421153
 966.000000 2.338218
 967.000000 2.231126
 968.000000 2.196466
 969.000000 2.297312
 970.000000 2.277056
 971.000000 2.475454
 972.000000 2.324137
 973.000000 2.309793
 974.000000 2.305769
 975.000000 2.295871
 976.000000 2.466315
 977.000000 2.308991
 978.000000 3.251105
 979.000000 3.382150
 980.000000 3.446305
 981.000000 2.801420
 982.000000 3.746525
 983.000000 3.493555
 984.000000 3.219588
 985.000000 3.974988
 986.000000 3.395925
 987.000000 4.133022
 988.000000 3.754289
 989.000000 3.395089
 990.000000 3.054740
 991.000000 3.258725
 992.000000 4.049942
 993.000000 4.136460
 994.000000 4.024092
 995.000000 3.569262
 996.000000 3.933161
 997.000000 3.789126
 998.000000 2.544176
 999.000000 2.766115
 1000.000000 2.524652
 1001.000000 2.053241
 1002.000000 1.820283
 1003.000000 1.642056
 1004.000000 2.036958
 1005.000000 2.173821
 1006.000000 1.920910
 1007.000000 2.177871
 1008.000000 2.127652
 1009.000000 1.955577
 1010.000000 1.685386
 1011.000000 1.120015
 1012.000000 1.167200
 1013.000000 1.543327
 1014.000000 1.213116
 1015.000000 1.250070
 1016.000000 1.314597
 1017.000000 1.040917
 1018.000000 1.086759
 1019.000000 1.077030
 1020.000000 0.945854
 1021.000000 1.085406
 1022.000000 1.108082
 1023.000000 1.052150
 1024.000000 0.811541
 1025.000000 0.736744
 1026.000000 0.818302
 1027.000000 0.441105
 1028.000000 0.940864
 1029.000000 0.743932
 1030.000000 0.755214
 1031.000000 0.895213
 1032.000000 0.792394
 1033.000000 0.548507
 1034.000000 0.540035
 1035.000000 0.520470
 1036.000000 0.602618
 1037.000000 0.516041
 1038.000000 0.618477
 1039.000000 1.443002
 1040.000000 1.847877
 1041.000000 2.775801
 1042.000000 3.124236
 1043.000000 3.788218
 1044.000000 3.588271
 1045.000000 3.553689
 1046.000000 3.785528
 1047.000000 4.009567
 1048.000000 4.232015
 1049.000000 4.106162
 1050.000000 4.257555
 1051.000000 4.084215
 1052.000000 3.795964
 1053.000000 3.311390
 1054.000000 3.369560
 1055.000000 3.998320
 1056.000000 3.488584
 1057.000000 3.630479
 1058.000000 3.298704
 1059.000000 3.140827
 1060.000000 3.913110
 1061.000000 4.244075
 1062.000000 4.243629
 1063.000000 4.227561
 1064.000000 4.313747
 1065.000000 4.178165
 1066.000000 4.301808
 1067.000000 3.996682
 1068.000000 4.210097
 1069.000000 4.317492
 1070.000000 4.197699
 1071.000000 4.214390
 1072.000000 3.665515
 1073.000000 3.611305
 1074.000000 3.079519
 1075.000000 3.306847
 1076.000000 2.558237
 1077.000000 2.818562
 1078.000000 3.326984
 1079.000000 3.656546
 1080.000000 3.444423
 1081.000000 2.169006
 1082.000000 2.303889
 1083.000000 3.182860
 1084.000000 3.594809
 1085.000000 2.890435
 1086.000000 3.737775
 1087.000000 3.673588
 1088.000000 2.867137
 1089.000000 4.550599
 1090.000000 4.393650
 1091.000000 3.914750
 1092.000000 3.781554
 1093.000000 4.066543
 1094.000000 3.621755
 1095.000000 3.267766
 1096.000000 3.426752
 1097.000000 3.634382
 1098.000000 3.483286
 1099.000000 3.426575
 1100.000000 3.296501
 1101.000000 2.943374
 1102.000000 1.978136
 1103.000000 1.812366
 1104.000000 2.126129
 1105.000000 3.227281
 1106.000000 2.740939
 1107.000000 2.348566
 1108.000000 1.240537
 1109.000000 0.927264
 1110.000000 1.216740
 1111.000000 1.125110
 1112.000000 0.979304
 1113.000000 0.840634
 1114.000000 1.045353
 1115.000000 1.043149
 1116.000000 0.722145
 1117.000000 0.674183
 1118.000000 0.851113
 1119.000000 1.042938
 1120.000000 1.032658
 1121.000000 1.043523
 1122.000000 1.098233
 1123.000000 1.082246
 1124.000000 1.030776
 1125.000000 0.998101
 1126.000000 0.855124
 1127.000000 0.980337
 1128.000000 1.295678
 1129.000000 1.379741
 1130.000000 1.426828
 1131.000000 1.532679
 1132.000000 1.404077
 1133.000000 1.329903
 1134.000000 1.351009
 1135.000000 1.294958
 1136.000000 1.309925
 1137.000000 1.407044
 1138.000000 1.443652
 1139.000000 1.462799
 1140.000000 1.469985
 1141.000000 1.499080
 1142.000000 1.500661
 1143.000000 1.474248
 1144.000000 1.537516
 1145.000000 1.529620
 1146.000000 1.503480
 1147.000000 1.432775
 1148.000000 1.544996
 1149.000000 1.447097
 1150.000000 1.503359
 1151.000000 1.513260
 1152.000000 1.605015
 1153.000000 1.395497
 1154.000000 1.385631
 1155.000000 1.349333
 1156.000000 1.593944
 1157.000000 1.498598
 1158.000000 1.474215
 1159.000000 1.425767
 1160.000000 1.499796
 1161.000000 1.377636
 1162.000000 1.462083
 1163.000000 1.490459
 1164.000000 1.354029
 1165.000000 1.471202
 1166.000000 1.466810
 1167.000000 1.393612
 1168.000000 1.453172
 1169.000000 1.426342
 1170.000000 1.474604
 1171.000000 1.500081
 1172.000000 1.483387
 1173.000000 1.406910
 1174.000000 1.506788
 1175.000000 1.369342
 1176.000000 1.463502
 1177.000000 1.446937
 1178.000000 1.420910
 1179.000000 1.439766
 1180.000000 1.303358
 1181.000000 1.360748
 1182.000000 1.488624
 1183.000000 1.466364
 1184.000000 1.591673
 1185.000000 1.449461
 1186.000000 1.447789
 1187.000000 1.530773
 1188.000000 1.487361
 1189.000000 1.427678
 1190.000000 1.450509
 1191.000000 1.492507
 1192.000000 1.453423
 1193.000000 1.463227
 1194.000000 1.525003
 1195.000000 1.452765
 1196.000000 1.490444
 1197.000000 1.505221
 1198.000000 1.436415
 1199.000000 1.406480
 1200.000000 1.409673
 1201.000000 1.496181
 1202.000000 1.463864
 1203.000000 1.380930
 1204.000000 1.447694
 1205.000000 1.399881
 1206.000000 1.381374
 1207.000000 1.334609
 1208.000000 1.452887
 1209.000000 1.457346
 1210.000000 1.475806
 1211.000000 1.300285
 1212.000000 1.306610
 1213.000000 1.369775
 1214.000000 1.420757
 1215.000000 1.453601
 1216.000000 1.325323
 1217.000000 1.472883
 1218.000000 1.540897
 1219.000000 1.465429
 1220.000000 1.375595
 1221.000000 1.479788
 1222.000000 1.433518
 1223.000000 1.440977
 1224.000000 1.429191
 1225.000000 1.411010
 1226.000000 1.251373
 1227.000000 1.284603
 1228.000000 1.373525
 1229.000000 1.324950
 1230.000000 1.487631
 1231.000000 1.465634
 1232.000000 1.507918
 1233.000000 1.407455
 1234.000000 1.496614
 1235.000000 1.497694
 1236.000000 1.455552
 1237.000000 1.539879
 1238.000000 1.399742
 1239.000000 1.423646
 1240.000000 1.530621
 1241.000000 1.533202
 1242.000000 1.463424
 1243.000000 1.428124
 1244.000000 1.405224
 1245.000000 1.384440
 1246.000000 1.419322
 1247.000000 1.334100
 1248.000000 1.435744
 1249.000000 1.432783
 1250.000000 1.356104
 1251.000000 1.434477
 1252.000000 1.346292
 1253.000000 1.459242
 1254.000000 1.419431
 1255.000000 1.448337
 1256.000000 1.488988
 1257.000000 1.289720
 1258.000000 1.302867
 1259.000000 1.494167
 1260.000000 1.444982
 1261.000000 1.476418
 1262.000000 1.426260
 1263.000000 1.422124
 1264.000000 1.498264
 1265.000000 1.544885
 1266.000000 1.457440
 1267.000000 1.490884
 1268.000000 1.423092
 1269.000000 1.424368
 1270.000000 1.436704
 1271.000000 1.405341
 1272.000000 1.295647
 1273.000000 1.389391
 1274.000000 1.396341
 1275.000000 1.380901
 1276.000000 1.443908
 1277.000000 1.351494
 1278.000000 1.460904
 1279.000000 1.376198
 1280.000000 1.328140
 1281.000000 1.343453
 1282.000000 1.411879
 1283.000000 1.336260
 1284.000000 1.394866
 1285.000000 1.365374
 1286.000000 1.409685
 1287.000000 1.445311
 1288.000000 1.470027
 1289.000000 1.430676
 1290.000000 1.395218
 1291.000000 1.458977
 1292.000000 1.385494
 1293.000000 1.459414
 1294.000000 1.344554
 1295.000000 1.466554
 1296.000000 1.399083
 1297.000000 1.445287
 1298.000000 1.463731
 1299.000000 1.375761
 1300.000000 1.358035
 1301.000000 1.541634
 1302.000000 1.341883
 1303.000000 1.559031
 1304.000000 1.461296
 1305.000000 1.460204
 1306.000000 1.471487
 1307.000000 1.500901
 1308.000000 1.479198
 1309.000000 1.462052
 1310.000000 1.487278
 1311.000000 1.466117
 1312.000000 1.407538
 1313.000000 1.513598
 1314.000000 1.472037
 1315.000000 1.531457
 1316.000000 1.493094
 1317.000000 1.431171
 1318.000000 1.406961
 1319.000000 1.430727
 1320.000000 1.351251
 1321.000000 1.415575
 1322.000000 1.402648
 1323.000000 1.393631
 1324.000000 1.371043
 1325.000000 1.445199
 1326.000000 1.399962
 1327.000000 1.391756
 1328.000000 1.396843
 1329.000000 1.428382
 1330.000000 1.402971
 1331.000000 1.391090
 1332.000000 1.411430
 1333.000000 1.450091
 1334.000000 1.500795
 1335.000000 1.501412
 1336.000000 1.457589
 1337.000000 1.440416
 1338.000000 1.504613
 1339.000000 1.475498
 1340.000000 1.451245
 1341.000000 1.394873
 1342.000000 1.420174
 1343.000000 1.387347
 1344.000000 1.404192
 1345.000000 1.433594
 1346.000000 1.472435
 1347.000000 1.475212
 1348.000000 1.495203
 1349.000000 1.443800
 1350.000000 1.442268
 1351.000000 1.545829
 1352.000000 1.488686
 1353.000000 1.432087
 1354.000000 1.417556
 1355.000000 1.400738
 1356.000000 1.490065
 1357.000000 1.429514
 1358.000000 1.480866
 1359.000000 1.259835
 1360.000000 1.361799
 1361.000000 1.336915
 1362.000000 1.430137
 1363.000000 1.372006
 1364.000000 1.379889
 1365.000000 1.323063
 1366.000000 1.442565
 1367.000000 1.403704
 1368.000000 1.420394
 1369.000000 1.315946
 1370.000000 1.429996
 1371.000000 1.400379
 1372.000000 1.469066
 1373.000000 1.377681
 1374.000000 1.440560
 1375.000000 1.469468
 1376.000000 1.412532
 1377.000000 1.490391
 1378.000000 1.452863
 1379.000000 1.389605
 1380.000000 1.393244
 1381.000000 1.394877
 1382.000000 1.368042
 1383.000000 1.416647
 1384.000000 1.361734
 1385.000000 1.303278
 1386.000000 1.262102
 1387.000000 1.412875
 1388.000000 1.379755
 1389.000000 1.227263
 1390.000000 1.379589
 1391.000000 1.273905
 1392.000000 1.430730
 1393.000000 1.286212
 1394.000000 1.205634
 1395.000000 1.389108
 1396.000000 1.272278
 1397.000000 1.339827
 1398.000000 1.592833
 1399.000000 1.428602
 1400.000000 1.659080
 1401.000000 1.415121
 1402.000000 1.394389
 1403.000000 1.339507
 1404.000000 1.417715
 1405.000000 1.352492
 1406.000000 1.467076
 1407.000000 1.478388
 1408.000000 1.461664
 1409.000000 1.429412
 1410.000000 1.456294
 1411.000000 1.395450
 1412.000000 1.458483
 1413.000000 1.441249
 1414.000000 1.513170
 1415.000000 1.443570
 1416.000000 1.500210
 1417.000000 1.456164
 1418.000000 1.404580
 1419.000000 1.450960
 1420.000000 1.449732
 1421.000000 1.398109
 1422.000000 1.485971
 1423.000000 1.410086
 1424.000000 1.395208
 1425.000000 1.349974
 1426.000000 1.265382
 1427.000000 1.450150
 1428.000000 1.553075
 1429.000000 1.465126
 1430.000000 1.460652
 1431.000000 1.613017
 1432.000000 1.483827
 1433.000000 1.791529
 1434.000000 1.747837
 1435.000000 1.722255
 1436.000000 1.680894
 1437.000000 1.555589
 1438.000000 1.597567
 1439.000000 1.672395
 1440.000000 1.682217
 1441.000000 1.644310
 1442.000000 1.663372
 1443.000000 1.609510
 1444.000000 1.623245
 1445.000000 1.607741
 1446.000000 1.603810
 1447.000000 1.632677
 1448.000000 1.612629
 1449.000000 1.659959
 1450.000000 1.569073
 1451.000000 1.546168
 1452.000000 1.415996
 1453.000000 1.628354
 1454.000000 1.672777
 1455.000000 1.577321
 1456.000000 1.654299
 1457.000000 1.704622
 1458.000000 1.541138
 1459.000000 1.649029
 1460.000000 1.492351
 1461.000000 1.499462
 1462.000000 1.566364
 1463.000000 1.561611
 1464.000000 1.590655
 1465.000000 1.546842
 1466.000000 1.455416
 1467.000000 1.600505
 1468.000000 1.719564
 1469.000000 1.728061
 1470.000000 1.738684
 1471.000000 1.650899
 1472.000000 1.688273
 1473.000000 1.685499
 1474.000000 1.719255
 1475.000000 1.710625
 1476.000000 1.614262
 1477.000000 1.711973
 1478.000000 1.662470
 1479.000000 1.712209
 1480.000000 1.623381
 1481.000000 1.704970
 1482.000000 1.644608
 1483.000000 1.677402
 1484.000000 1.615615
 1485.000000 1.695211
 1486.000000 1.643367
 1487.000000 1.646788
 1488.000000 1.653742
 1489.000000 1.555883
 1490.000000 1.581506
 1491.000000 1.648627
 1492.000000 1.613150
 1493.000000 1.673609
 1494.000000 1.698414
 1495.000000 1.666037
 1496.000000 1.588283
 1497.000000 1.718888
 1498.000000 1.720032
 1499.000000 1.720478
 1500.000000 1.561636
 1501.000000 1.641887
 1502.000000 1.696563
 1503.000000 1.638685
 1504.000000 1.617888
 1505.000000 1.671802
 1506.000000 1.551968
 1507.000000 1.725118
 1508.000000 1.732890
 1509.000000 1.771438
 1510.000000 1.702573
 1511.000000 1.748699
 1512.000000 1.701349
 1513.000000 1.665922
 1514.000000 1.702465
 1515.000000 1.709486
 1516.000000 1.666463
 1517.000000 1.572060
 1518.000000 1.644412
 1519.000000 1.743103
 1520.000000 1.714856
 1521.000000 1.711188
 1522.000000 1.735488
 1523.000000 1.716179
 1524.000000 1.582798
 1525.000000 1.715540
 1526.000000 1.731482
 1527.000000 1.671107
 1528.000000 1.737464
 1529.000000 1.674955
 1530.000000 1.709849
 1531.000000 1.700029
 1532.000000 1.695681
 1533.000000 1.678275
 1534.000000 1.641073
 1535.000000 1.741720
 1536.000000 1.709395
 1537.000000 1.630065
 1538.000000 1.628968
 1539.000000 1.671730
 1540.000000 1.739809
 1541.000000 1.732425
 1542.000000 1.668203
 1543.000000 1.629636
 1544.000000 1.608465
 1545.000000 1.736116
 1546.000000 1.712406
 1547.000000 1.670771
 1548.000000 1.724368
 1549.000000 1.686404
 1550.000000 1.720697
 1551.000000 1.738571
 1552.000000 1.695749
 1553.000000 1.786010
 1554.000000 1.791251
 1555.000000 1.677587
 1556.000000 1.557420
 1557.000000 1.638666
 1558.000000 1.709351
 1559.000000 1.611541
 1560.000000 1.596050
 1561.000000 1.579081
 1562.000000 1.743262
 1563.000000 1.544236
 1564.000000 1.681149
 1565.000000 1.572475
 1566.000000 1.659801
 1567.000000 1.671905
 1568.000000 1.616734
 1569.000000 1.573899
 1570.000000 1.680477
 1571.000000 1.721562
 1572.000000 1.712279
 1573.000000 1.675681
 1574.000000 1.783097
 1575.000000 1.735722
 1576.000000 1.706471
 1577.000000 1.727068
 1578.000000 1.640558
 1579.000000 1.682055
 1580.000000 1.745309
 1581.000000 1.797766
 1582.000000 1.812101
 1583.000000 1.734429
 1584.000000 1.774742
 1585.000000 1.765898
 1586.000000 1.658393
 1587.000000 1.608885
 1588.000000 1.722946
 1589.000000 1.666649
 1590.000000 1.761073
 1591.000000 1.719828
 1592.000000 1.681080
 1593.000000 1.652700
 1594.000000 1.717417
 1595.000000 1.690773
 1596.000000 1.560817
 1597.000000 1.650512
 1598.000000 1.677518
 1599.000000 1.555197
 1600.000000 1.673462
 1601.000000 1.641047
 1602.000000 1.618802
 1603.000000 1.653675
 1604.000000 1.633713
 1605.000000 1.594438
 1606.000000 1.654609
 1607.000000 1.643848
 1608.000000 1.774113
 1609.000000 1.662274
 1610.000000 1.634320
 1611.000000 1.544544
 1612.000000 1.557817
 1613.000000 1.790569
 1614.000000 1.702867
 1615.000000 1.573065
 1616.000000 1.686668
 1617.000000 1.650380
 1618.000000 1.605612
 1619.000000 1.630472
 1620.000000 1.639848
 1621.000000 1.576966
 1622.000000 1.593612
 1623.000000 1.545588
 1624.000000 1.514673
 1625.000000 1.626662
 1626.000000 1.515629
 1627.000000 1.563645
 1628.000000 1.606399
 1629.000000 1.620161
 1630.000000 1.649991
 1631.000000 1.517063
 1632.000000 1.652292
 1633.000000 1.659276
 1634.000000 1.619939
 1635.000000 1.607172
 1636.000000 1.631419
 1637.000000 1.627486
 1638.000000 1.542578
 1639.000000 1.157924
 1640.000000 1.266339
 1641.000000 1.294305
 1642.000000 1.226207
 1643.000000 1.264734
 1644.000000 1.391695
 1645.000000 1.243376
 1646.000000 1.291838
 1647.000000 1.120223
 1648.000000 1.183587
 1649.000000 1.175782
 1650.000000 1.266390
 1651.000000 1.301748
 1652.000000 1.169997
 1653.000000 1.186837
 1654.000000 1.284630
 1655.000000 1.199992
 1656.000000 1.120879
 1657.000000 1.238558
 1658.000000 0.779599
 1659.000000 0.582943
 1660.000000 0.560963
 1661.000000 0.923042
 1662.000000 0.845392
 1663.000000 0.997578
 1664.000000 0.225958
 1665.000000 0.767467
 1666.000000 0.697573
 1667.000000 0.696609
 1668.000000 1.115257
 1669.000000 1.071189
 1670.000000 1.017450
 1671.000000 1.374875
 1672.000000 1.340982
 1673.000000 1.423656
 1674.000000 1.791053
 1675.000000 1.913287
 1676.000000 1.622150
 1677.000000 1.863070
 1678.000000 2.733944
 1679.000000 3.256923
 1680.000000 3.434348
 1681.000000 3.996695
 1682.000000 4.034673
 1683.000000 4.041900
 1684.000000 3.817187
 1685.000000 3.041907
 1686.000000 3.114212
 1687.000000 3.043771
 1688.000000 3.135453
 1689.000000 3.295414
 1690.000000 4.458796
 1691.000000 3.584542
 1692.000000 3.391820
 1693.000000 4.407746
 1694.000000 3.990606
 1695.000000 3.815487
 1696.000000 3.461220
 1697.000000 3.182050
 1698.000000 3.311267
 1699.000000 2.276218
 1700.000000 1.944170
 1701.000000 2.323494
 1702.000000 3.265639
 1703.000000 3.694651
 1704.000000 4.912034
 1705.000000 4.725097
 1706.000000 3.595564
 1707.000000 3.046185
 1708.000000 2.280262
 1709.000000 3.723381
 1710.000000 3.173245
 1711.000000 3.281141
 1712.000000 3.498911
 1713.000000 3.108078
 1714.000000 2.809761
 1715.000000 3.907011
 1716.000000 4.259104
 1717.000000 3.668214
 1718.000000 3.195919
 1719.000000 4.174832
 1720.000000 4.597231
 1721.000000 4.485091
 1722.000000 4.263284
 1723.000000 3.810536
 1724.000000 3.479901
 1725.000000 2.526755
 1726.000000 1.928042
 1727.000000 1.655243
 1728.000000 1.564698
 1729.000000 1.476468
 1730.000000 1.468528
 1731.000000 0.830058
 1732.000000 0.959422
 1733.000000 0.964962
 1734.000000 1.059047
 1735.000000 0.741177
 1736.000000 1.665739
 1737.000000 2.061997
 1738.000000 2.000926
 1739.000000 2.603083
 1740.000000 2.509522
 1741.000000 2.358684
 1742.000000 2.914036
 1743.000000 2.433825
 1744.000000 3.229343
 1745.000000 2.880588
 1746.000000 2.643612
 1747.000000 2.849724
 1748.000000 3.556881
 1749.000000 2.731339
 1750.000000 2.293948
 1751.000000 3.148033
 1752.000000 3.506599
 1753.000000 3.531771
 1754.000000 3.446276
 1755.000000 3.840078
 1756.000000 3.309385
 1757.000000 2.268463
 1758.000000 2.173465
 1759.000000 1.989437
 1760.000000 2.003158
 1761.000000 2.041362
 1762.000000 2.041280
 1763.000000 1.995556
 1764.000000 2.040026
 1765.000000 1.657549
 1766.000000 2.817007
 1767.000000 2.470141
 1768.000000 2.484487
 1769.000000 1.984673
 1770.000000 3.533114
 1771.000000 4.253244
 1772.000000 4.365304
 1773.000000 4.320406
 1774.000000 3.974112
 1775.000000 3.686975
 1776.000000 3.683234
 1777.000000 2.808304
 1778.000000 4.279308
 1779.000000 3.064317
 1780.000000 2.490955
 1781.000000 3.370325
 1782.000000 2.876435
 1783.000000 3.492865
 1784.000000 3.135086
 1785.000000 3.596589
 1786.000000 3.250117
 1787.000000 2.948142
 1788.000000 3.587814
 1789.000000 4.352430
 1790.000000 4.223623
 1791.000000 4.433779
 1792.000000 4.221581
 1793.000000 4.513404
 1794.000000 4.370130
 1795.000000 4.371927
 1796.000000 4.333403
 1797.000000 4.092609
 1798.000000 3.613361
 1799.000000 2.984756
 1800.000000 3.111391
 1801.000000 3.117725
 1802.000000 3.489853
 1803.000000 3.261815
 1804.000000 3.034555
 1805.000000 2.556057
 1806.000000 2.459557
 1807.000000 1.831796
 1808.000000 1.147435
 1809.000000 1.434990
 1810.000000 1.405346
 1811.000000 1.208597
 1812.000000 1.190040
 1813.000000 0.841552
 1814.000000 0.787448
 1815.000000 0.630079
 1816.000000 0.401212
 1817.000000 0.505806
 1818.000000 0.264457
 1819.000000 0.638810
 1820.000000 0.590490
 1821.000000 0.959223
 1822.000000 0.895330
 1823.000000 0.879980
 1824.000000 0.886504
 1825.000000 0.604725
 1826.000000 0.969762
 1827.000000 0.815451
 1828.000000 0.760488
 1829.000000 0.578106
 1830.000000 1.997815
 1831.000000 2.754179
 1832.000000 4.047385
 1833.000000 3.881977
 1834.000000 3.464443
 1835.000000 3.174636
 1836.000000 2.699678
 1837.000000 3.039741
 1838.000000 3.385203
 1839.000000 3.685055
 1840.000000 3.529934
 1841.000000 3.327761
 1842.000000 3.469055
 1843.000000 3.439334
 1844.000000 3.421940
 1845.000000 3.370892
 1846.000000 3.395396
 1847.000000 3.426801
 1848.000000 3.477015
 1849.000000 3.500439
 1850.000000 3.511227
 1851.000000 3.382093
 1852.000000 3.398152
 1853.000000 3.652849
 1854.000000 3.230453
 1855.000000 3.679668
 1856.000000 3.666176
 1857.000000 3.590861
 1858.000000 3.011737
 1859.000000 3.184250
 1860.000000 3.429589
 1861.000000 4.161219
 1862.000000 3.943923
 1863.000000 3.584844
 1864.000000 2.786921
 1865.000000 3.809503
 1866.000000 3.240927
 1867.000000 3.239754
 1868.000000 2.941417
 1869.000000 2.341159
 1870.000000 3.427394
 1871.000000 4.058971
 1872.000000 3.297265
 1873.000000 3.300279
 1874.000000 4.010097
 1875.000000 4.116963
 1876.000000 3.880160
 1877.000000 3.925261
 1878.000000 3.977803
 1879.000000 3.926257
 1880.000000 3.967410
 1881.000000 3.990255
 1882.000000 4.099515
 1883.000000 4.028386
 1884.000000 3.985630
 1885.000000 3.871988
 1886.000000 3.855845
 1887.000000 3.885901
 1888.000000 3.863515
 1889.000000 3.841757
 1890.000000 3.918655
 1891.000000 4.034716
 1892.000000 4.104061
 1893.000000 4.020897
 1894.000000 3.940768
 1895.000000 4.021544
 1896.000000 3.965832
 1897.000000 4.136348
 1898.000000 3.867198
 1899.000000 3.917693
 1900.000000 2.858053
 1901.000000 2.883450
 1902.000000 3.101752
 1903.000000 3.212301
 1904.000000 2.874651
 1905.000000 3.395056
 1906.000000 3.350673
 1907.000000 4.226025
 1908.000000 4.006749
 1909.000000 3.977079
 1910.000000 4.475856
 1911.000000 3.476509
 1912.000000 3.979526
 1913.000000 4.510766
 1914.000000 4.363408
 1915.000000 3.376514
 1916.000000 3.044680
 1917.000000 3.610531
 1918.000000 3.373694
 1919.000000 3.222643
 1920.000000 2.797808
 1921.000000 2.882096
 1922.000000 2.445377
 1923.000000 2.125939
 1924.000000 2.325220
 1925.000000 2.297913
 1926.000000 2.105121
 1927.000000 1.644771
 1928.000000 1.518422
 1929.000000 2.110840
 1930.000000 2.018257
 1931.000000 2.039848
 1932.000000 1.725181
 1933.000000 2.014042
 1934.000000 1.811831
 1935.000000 2.008159
 1936.000000 2.327605
 1937.000000 2.985224
 1938.000000 1.651548
 1939.000000 1.543363
 1940.000000 1.537255
 1941.000000 1.382133
 1942.000000 1.252285
 1943.000000 0.991615
 1944.000000 0.870759
 1945.000000 0.867215
 1946.000000 1.070865
 1947.000000 0.899341
 1948.000000 1.209114
 1949.000000 1.233258
 1950.000000 0.964198
 1951.000000 0.841312
 1952.000000 0.597260
 1953.000000 0.731376
 1954.000000 0.883593
 1955.000000 0.797206
 1956.000000 0.913988
 1957.000000 0.999356
 1958.000000 0.999131
 1959.000000 0.863461
 1960.000000 1.052733
 1961.000000 1.061807
 1962.000000 1.255543
 1963.000000 0.958529
 1964.000000 1.759174
 1965.000000 2.542605
 1966.000000 2.978802
 1967.000000 3.110508
 1968.000000 3.396394
 1969.000000 3.787681
 1970.000000 3.644077
 1971.000000 3.642713
 1972.000000 3.958027
 1973.000000 3.391337
 1974.000000 3.922886
 1975.000000 3.434172
 1976.000000 3.716352
 1977.000000 3.324200
 1978.000000 3.543159
 1979.000000 3.957022
 1980.000000 3.546279
 1981.000000 4.292679
 1982.000000 4.338121
 1983.000000 4.685036
 1984.000000 4.296138
 1985.000000 4.295279
 1986.000000 4.012277
 1987.000000 3.176176
 1988.000000 3.143573
 1989.000000 2.783622
 1990.000000 3.138118
 1991.000000 2.839379
 1992.000000 4.088354
 1993.000000 3.793856
 1994.000000 3.150648
 1995.000000 3.341697
 1996.000000 3.215600
 1997.000000 3.635332
 1998.000000 3.541381
 1999.000000 3.508175
 2000.000000 3.368115
 2001.000000 3.733701
 2002.000000 3.173664
 2003.000000 3.512055
 2004.000000 3.608455
 2005.000000 3.676942
 2006.000000 3.573341
 2007.000000 3.371959
 2008.000000 3.283732
 2009.000000 3.684574
 2010.000000 3.378949
 2011.000000 3.597654
 2012.000000 3.510031
 2013.000000 2.820261
 2014.000000 3.401825
 2015.000000 3.506538
 2016.000000 3.368225
 2017.000000 3.507707
 2018.000000 3.652134
 2019.000000 4.195816
 2020.000000 4.074108
 2021.000000 4.061073
 2022.000000 3.967552
 2023.000000 4.071826
 2024.000000 4.031911
