#! FIELDS time r29.min
 0.000000 2.824981
 1.000000 2.932658
 2.000000 2.810387
 3.000000 2.968262
 4.000000 2.784611
 5.000000 2.043046
 6.000000 1.791475
 7.000000 1.075496
 8.000000 1.506769
 9.000000 2.755404
 10.000000 1.488778
 11.000000 1.909781
 12.000000 3.673891
 13.000000 3.776007
 14.000000 3.229059
 15.000000 3.386221
 16.000000 3.488437
 17.000000 3.512140
 18.000000 3.253600
 19.000000 3.299179
 20.000000 2.943700
 21.000000 3.019648
 22.000000 3.199418
 23.000000 3.020998
 24.000000 3.875483
 25.000000 1.946217
 26.000000 1.626825
 27.000000 1.574073
 28.000000 1.488021
 29.000000 1.800699
 30.000000 2.117928
 31.000000 1.943292
 32.000000 3.313418
 33.000000 3.122811
 34.000000 2.048368
 35.000000 2.816475
 36.000000 3.168170
 37.000000 2.780423
 38.000000 3.774143
 39.000000 3.703872
 40.000000 3.984119
 41.000000 4.081902
 42.000000 4.444985
 43.000000 2.729336
 44.000000 0.288762
 45.000000 0.983916
 46.000000 0.873169
 47.000000 1.723630
 48.000000 1.412400
 49.000000 1.418563
 50.000000 1.037510
 51.000000 1.158415
 52.000000 0.868075
 53.000000 1.310845
 54.000000 1.212828
 55.000000 0.942830
 56.000000 0.950215
 57.000000 1.081297
 58.000000 0.788167
 59.000000 0.873601
 60.000000 1.044047
 61.000000 0.978294
 62.000000 0.848089
 63.000000 2.060069
 64.000000 1.988472
 65.000000 2.287746
 66.000000 3.001195
 67.000000 3.777332
 68.000000 3.150226
 69.000000 3.430426
 70.000000 3.570491
 71.000000 3.678014
 72.000000 3.978338
 73.000000 4.276028
 74.000000 4.046178
 75.000000 3.216053
 76.000000 4.254992
 77.000000 3.989428
 78.000000 3.330859
 79.000000 2.960451
 80.000000 2.845588
 81.000000 2.880134
 82.000000 2.744236
 83.000000 2.946150
 84.000000 3.650723
 85.000000 3.484022
 86.000000 3.568953
 87.000000 3.289312
 88.000000 3.770861
 89.000000 4.011149
 90.000000 4.205120
 91.000000 4.281125
 92.000000 4.139127
 93.000000 3.616974
 94.000000 3.685757
 95.000000 4.495618
 96.000000 4.243368
 97.000000 2.717597
 98.000000 2.061956
 99.000000 0.461548
 100.000000 2.592196
 101.000000 1.893373
 102.000000 3.022127
 103.000000 2.274296
 104.000000 3.717728
 105.000000 3.141967
 106.000000 4.098983
 107.000000 2.640406
 108.000000 1.473656
 109.000000 1.393354
 110.000000 1.414078
 111.000000 1.505928
 112.000000 1.986017
 113.000000 2.479691
 114.000000 2.477151
 115.000000 2.124690
 116.000000 2.210540
 117.000000 2.562918
 118.000000 2.424179
 119.000000 1.766019
 120.000000 2.028645
 121.000000 2.169222
 122.000000 2.241668
 123.000000 2.017655
 124.000000 2.234649
 125.000000 1.774746
 126.000000 2.017450
 127.000000 1.378136
 128.000000 1.485832
 129.000000 0.295701
 130.000000 0.295865
 131.000000 0.250937
 132.000000 0.282786
 133.000000 0.953302
 134.000000 0.706902
 135.000000 0.720760
 136.000000 1.371897
 137.000000 0.813993
 138.000000 0.257889
 139.000000 0.263100
 140.000000 0.304562
 141.000000 1.019986
 142.000000 2.292362
 143.000000 2.774710
 144.000000 2.484204
 145.000000 1.875496
 146.000000 3.369668
 147.000000 3.732957
 148.000000 3.060796
 149.000000 3.108601
 150.000000 3.226094
 151.000000 3.018192
 152.000000 2.233948
 153.000000 2.923518
 154.000000 2.870932
 155.000000 3.078978
 156.000000 3.605495
 157.000000 3.125261
 158.000000 3.228575
 159.000000 3.105418
 160.000000 3.569078
 161.000000 3.551752
 162.000000 4.068365
 163.000000 3.211020
 164.000000 2.986236
 165.000000 3.720290
 166.000000 3.354210
 167.000000 3.080731
 168.000000 3.426283
 169.000000 3.565479
 170.000000 3.597444
 171.000000 3.410631
 172.000000 3.653165
 173.000000 3.695345
 174.000000 3.643624
 175.000000 3.735177
 176.000000 3.702923
 177.000000 3.601670
 178.000000 3.581915
 179.000000 3.689271
 180.000000 3.647730
 181.000000 3.660960
 182.000000 3.582062
 183.000000 3.562802
 184.000000 3.582803
 185.000000 3.579966
 186.000000 3.487459
 187.000000 3.558231
 188.000000 3.594230
 189.000000 3.570558
 190.000000 3.673481
 191.000000 3.675287
 192.000000 3.823510
 193.000000 3.606155
 194.000000 3.750594
 195.000000 3.685445
 196.000000 3.666378
 197.000000 3.754160
 198.000000 3.612208
 199.000000 3.634937
 200.000000 3.600922
 201.000000 3.648891
 202.000000 3.675389
 203.000000 3.715638
 204.000000 3.315697
 205.000000 3.039321
 206.000000 2.603292
 207.000000 2.815359
 208.000000 2.961961
 209.000000 3.230852
 210.000000 3.286404
 211.000000 3.192134
 212.000000 2.749529
 213.000000 2.931083
 214.000000 3.163930
 215.000000 3.213832
 216.000000 3.440272
 217.000000 3.195660
 218.000000 3.469059
 219.000000 3.682809
 220.000000 3.428152
 221.000000 3.578753
 222.000000 3.584084
 223.000000 3.675103
 224.000000 3.738375
 225.000000 3.878898
 226.000000 3.717666
 227.000000 3.595159
 228.000000 3.634370
 229.000000 3.641117
 230.000000 3.656932
 231.000000 3.677081
 232.000000 3.598941
 233.000000 3.922170
 234.000000 3.915600
 235.000000 3.826919
 236.000000 3.732222
 237.000000 3.803362
 238.000000 3.419592
 239.000000 3.754446
 240.000000 3.836999
 241.000000 3.862477
 242.000000 3.692200
 243.000000 3.723963
 244.000000 4.418499
 245.000000 4.151401
 246.000000 4.097152
 247.000000 4.076795
 248.000000 4.180792
 249.000000 4.152954
 250.000000 4.232058
 251.000000 4.278863
 252.000000 4.384824
 253.000000 3.995694
 254.000000 3.961978
 255.000000 3.610892
 256.000000 3.685866
 257.000000 3.589478
 258.000000 3.672260
 259.000000 3.746542
 260.000000 3.772863
 261.000000 3.741992
 262.000000 4.551630
 263.000000 4.255978
 264.000000 2.761782
 265.000000 2.523513
 266.000000 1.644725
 267.000000 3.056934
 268.000000 4.135182
 269.000000 4.440937
 270.000000 4.700281
 271.000000 4.683650
 272.000000 4.167636
 273.000000 4.591088
 274.000000 4.284273
 275.000000 3.807904
 276.000000 3.559575
 277.000000 2.963564
 278.000000 2.709491
 279.000000 2.682408
 280.000000 3.519351
 281.000000 4.354335
 282.000000 2.822959
 283.000000 3.418179
 284.000000 2.355854
 285.000000 3.995540
 286.000000 3.911675
 287.000000 4.371765
 288.000000 3.850891
 289.000000 2.737991
 290.000000 3.439724
 291.000000 3.378066
 292.000000 2.999511
 293.000000 3.301385
 294.000000 2.938036
 295.000000 2.586301
 296.000000 2.966091
 297.000000 3.516787
 298.000000 3.147377
 299.000000 2.637158
 300.000000 2.402974
 301.000000 2.476394
 302.000000 2.663287
 303.000000 3.216185
 304.000000 3.589383
 305.000000 3.656771
 306.000000 3.851941
 307.000000 3.561403
 308.000000 3.004714
 309.000000 3.147836
 310.000000 1.927159
 311.000000 1.500699
 312.000000 3.205940
 313.000000 3.465931
 314.000000 3.581809
 315.000000 3.399615
 316.000000 4.035026
 317.000000 3.394996
 318.000000 4.010633
 319.000000 3.545447
 320.000000 4.008944
 321.000000 3.312689
 322.000000 3.039807
 323.000000 3.472772
 324.000000 3.245010
 325.000000 3.515379
 326.000000 3.911150
 327.000000 3.952327
 328.000000 3.006279
 329.000000 3.692739
 330.000000 2.713829
 331.000000 3.293720
 332.000000 3.083542
 333.000000 1.624430
 334.000000 0.594197
 335.000000 2.746911
 336.000000 3.909160
 337.000000 3.973982
 338.000000 3.674848
 339.000000 3.833529
 340.000000 3.751169
 341.000000 3.635443
 342.000000 3.546682
 343.000000 3.642808
 344.000000 3.454541
 345.000000 3.373926
 346.000000 3.328926
 347.000000 3.733934
 348.000000 3.525413
 349.000000 3.710382
 350.000000 3.560955
 351.000000 3.243238
 352.000000 3.405549
 353.000000 3.528470
 354.000000 3.662896
 355.000000 3.483795
 356.000000 3.632199
 357.000000 3.364473
 358.000000 2.932873
 359.000000 3.156489
 360.000000 3.410244
 361.000000 3.522226
 362.000000 3.578610
 363.000000 3.819591
 364.000000 3.994956
 365.000000 4.025662
 366.000000 3.757042
 367.000000 3.773618
 368.000000 3.587470
 369.000000 3.716919
 370.000000 3.557161
 371.000000 3.573900
 372.000000 3.356701
 373.000000 3.649385
 374.000000 3.540517
 375.000000 3.496192
 376.000000 3.560705
 377.000000 3.655696
 378.000000 3.683626
 379.000000 3.616251
 380.000000 3.742125
 381.000000 3.741129
 382.000000 3.741602
 383.000000 3.681240
 384.000000 3.611813
 385.000000 3.773405
 386.000000 3.669552
 387.000000 3.323402
 388.000000 3.695004
 389.000000 3.699843
 390.000000 3.781199
 391.000000 3.891142
 392.000000 3.798357
 393.000000 3.891813
 394.000000 3.969733
 395.000000 3.765184
 396.000000 3.905610
 397.000000 3.764151
 398.000000 3.958110
 399.000000 3.756028
 400.000000 3.795841
 401.000000 3.815068
 402.000000 3.588558
 403.000000 3.822298
 404.000000 3.843540
 405.000000 3.753469
 406.000000 3.712125
 407.000000 3.683093
 408.000000 3.784859
 409.000000 3.617676
 410.000000 3.542790
 411.000000 3.752830
 412.000000 3.725754
 413.000000 3.624874
 414.000000 3.713820
 415.000000 3.760835
 416.000000 3.702951
 417.000000 3.816436
 418.000000 3.883170
 419.000000 3.922087
 420.000000 3.812214
 421.000000 4.247034
 422.000000 3.775868
 423.000000 3.822595
 424.000000 3.891797
 425.000000 3.828793
 426.000000 3.804223
 427.000000 3.836483
 428.000000 3.848387
 429.000000 3.609168
 430.000000 3.973660
 431.000000 3.873526
 432.000000 4.062680
 433.000000 4.043407
 434.000000 3.938727
 435.000000 3.856821
 436.000000 3.707394
 437.000000 3.715042
 438.000000 3.747452
 439.000000 3.911147
 440.000000 3.859762
 441.000000 3.452264
 442.000000 3.506295
 443.000000 3.887601
 444.000000 3.935602
 445.000000 4.022548
 446.000000 3.491015
 447.000000 4.551576
 448.000000 2.856154
 449.000000 4.611501
 450.000000 4.844688
 451.000000 5.131235
 452.000000 3.333643
 453.000000 3.382231
 454.000000 2.405952
 455.000000 3.697035
 456.000000 4.703326
 457.000000 3.723809
 458.000000 3.910714
 459.000000 4.361697
 460.000000 4.165734
 461.000000 3.408772
 462.000000 3.207043
 463.000000 3.612497
 464.000000 2.779612
 465.000000 2.977770
 466.000000 3.453926
 467.000000 2.865130
 468.000000 3.502976
 469.000000 3.844446
 470.000000 3.698724
 471.000000 3.993308
 472.000000 3.294974
 473.000000 2.570656
 474.000000 1.945134
 475.000000 1.655487
 476.000000 2.318690
 477.000000 1.545804
 478.000000 2.608038
 479.000000 2.776983
 480.000000 2.610025
 481.000000 3.154832
 482.000000 3.492788
 483.000000 4.040623
 484.000000 4.166673
 485.000000 3.891798
 486.000000 3.210651
 487.000000 3.531734
 488.000000 3.288675
 489.000000 1.763589
 490.000000 1.058705
 491.000000 0.746236
 492.000000 1.448897
 493.000000 2.447131
 494.000000 2.608306
 495.000000 2.696079
 496.000000 2.937853
 497.000000 3.463378
 498.000000 3.852094
 499.000000 3.832897
 500.000000 4.024683
 501.000000 4.089215
 502.000000 4.455858
 503.000000 4.162821
 504.000000 3.231259
 505.000000 3.324350
 506.000000 3.501608
 507.000000 3.748123
 508.000000 3.087341
 509.000000 3.454209
 510.000000 3.840955
 511.000000 3.762427
 512.000000 3.254177
 513.000000 3.151423
 514.000000 3.514017
 515.000000 3.587567
 516.000000 3.556425
 517.000000 2.820127
 518.000000 3.426257
 519.000000 2.645953
 520.000000 2.758751
 521.000000 3.515161
 522.000000 4.227186
 523.000000 2.655835
 524.000000 2.436484
 525.000000 2.148513
 526.000000 1.611478
 527.000000 1.913914
 528.000000 2.743847
 529.000000 2.842821
 530.000000 2.986130
 531.000000 2.748928
 532.000000 2.767061
 533.000000 3.454453
 534.000000 2.966313
 535.000000 3.035745
 536.000000 3.195847
 537.000000 3.826969
 538.000000 3.816314
 539.000000 3.693311
 540.000000 3.614441
 541.000000 2.969183
 542.000000 3.650637
 543.000000 3.425507
 544.000000 3.482067
 545.000000 2.479764
 546.000000 2.220760
 547.000000 2.099596
 548.000000 1.914996
 549.000000 2.187406
 550.000000 2.189227
 551.000000 2.398085
 552.000000 2.365143
 553.000000 2.218142
 554.000000 2.624108
 555.000000 2.566163
 556.000000 2.501245
 557.000000 2.012315
 558.000000 2.364746
 559.000000 2.291905
 560.000000 2.278944
 561.000000 2.350144
 562.000000 2.195955
 563.000000 1.987225
 564.000000 2.128766
 565.000000 2.289101
 566.000000 2.135526
 567.000000 2.335503
 568.000000 2.217086
 569.000000 1.903949
 570.000000 1.689819
 571.000000 1.526769
 572.000000 1.789606
 573.000000 1.595131
 574.000000 2.090075
 575.000000 2.012449
 576.000000 2.241125
 577.000000 2.281771
 578.000000 2.490751
 579.000000 3.689088
 580.000000 2.911903
 581.000000 3.485765
 582.000000 3.187769
 583.000000 3.173311
 584.000000 3.362067
 585.000000 2.474016
 586.000000 3.414968
 587.000000 3.266585
 588.000000 3.249135
 589.000000 3.527922
 590.000000 4.045896
 591.000000 3.152577
 592.000000 3.534416
 593.000000 3.676663
 594.000000 3.519037
 595.000000 4.019117
 596.000000 3.729407
 597.000000 4.004926
 598.000000 3.996159
 599.000000 3.973702
 600.000000 3.994586
 601.000000 4.155850
 602.000000 4.065520
 603.000000 4.072195
 604.000000 4.016336
 605.000000 4.001314
 606.000000 3.948057
 607.000000 4.062202
 608.000000 3.962021
 609.000000 3.893950
 610.000000 3.920979
 611.000000 3.945603
 612.000000 3.944182
 613.000000 4.089132
 614.000000 3.945284
 615.000000 4.166075
 616.000000 4.098443
 617.000000 4.108342
 618.000000 4.565383
 619.000000 4.135702
 620.000000 3.879448
 621.000000 3.988347
 622.000000 4.142342
 623.000000 4.046137
 624.000000 4.363852
 625.000000 4.098731
 626.000000 4.062579
 627.000000 4.262827
 628.000000 4.026700
 629.000000 4.187621
 630.000000 4.375319
 631.000000 4.303061
 632.000000 4.150908
 633.000000 4.293374
 634.000000 4.086117
 635.000000 4.141167
 636.000000 4.161231
 637.000000 4.167285
 638.000000 4.174606
 639.000000 4.087149
 640.000000 4.093569
 641.000000 4.319135
 642.000000 4.221151
 643.000000 4.239744
 644.000000 4.187766
 645.000000 4.202948
 646.000000 4.295703
 647.000000 4.299264
 648.000000 4.088926
 649.000000 4.094979
 650.000000 4.055825
 651.000000 4.124317
 652.000000 4.453865
 653.000000 3.907375
 654.000000 4.102851
 655.000000 4.154700
 656.000000 4.244735
 657.000000 4.301417
 658.000000 4.198851
 659.000000 4.399481
 660.000000 4.293727
 661.000000 4.272937
 662.000000 4.314254
 663.000000 4.254191
 664.000000 4.182338
 665.000000 4.287509
 666.000000 3.611011
 667.000000 3.683731
 668.000000 3.709571
 669.000000 3.829146
 670.000000 3.780932
 671.000000 3.675283
 672.000000 3.642050
 673.000000 4.108123
 674.000000 4.082847
 675.000000 4.121925
 676.000000 4.079220
 677.000000 4.053655
 678.000000 4.150754
 679.000000 4.309257
 680.000000 4.213971
 681.000000 4.109416
 682.000000 3.976218
 683.000000 4.067457
 684.000000 4.126615
 685.000000 4.154574
 686.000000 4.164626
 687.000000 4.036994
 688.000000 3.884967
 689.000000 4.091634
 690.000000 4.142805
 691.000000 3.856429
 692.000000 3.427928
 693.000000 3.725817
 694.000000 4.204067
 695.000000 3.762795
 696.000000 3.546022
 697.000000 3.819610
 698.000000 4.306578
 699.000000 4.210976
 700.000000 4.141140
 701.000000 4.011751
 702.000000 3.888144
 703.000000 3.808497
 704.000000 3.110109
 705.000000 2.151855
 706.000000 2.352366
 707.000000 4.078796
 708.000000 4.007661
 709.000000 4.389788
 710.000000 4.568560
 711.000000 4.302808
 712.000000 3.349564
 713.000000 3.849503
 714.000000 3.740664
 715.000000 3.990824
 716.000000 3.790781
 717.000000 3.885313
 718.000000 3.220433
 719.000000 2.668844
 720.000000 2.938430
 721.000000 2.191946
 722.000000 3.571767
 723.000000 3.723120
 724.000000 2.133098
 725.000000 0.709867
 726.000000 2.861031
 727.000000 2.829465
 728.000000 3.934145
 729.000000 3.548302
 730.000000 4.098587
 731.000000 3.982266
 732.000000 3.230891
 733.000000 3.608400
 734.000000 4.032555
 735.000000 3.899316
 736.000000 3.261576
 737.000000 2.823893
 738.000000 4.033196
 739.000000 2.814443
 740.000000 3.336239
 741.000000 2.401916
 742.000000 3.584154
 743.000000 2.891443
 744.000000 3.196106
 745.000000 2.927066
 746.000000 2.286459
 747.000000 2.294971
 748.000000 3.450300
 749.000000 3.550408
 750.000000 3.604239
 751.000000 3.470778
 752.000000 3.709740
 753.000000 3.427921
 754.000000 3.220366
 755.000000 2.793745
 756.000000 3.236603
 757.000000 2.920449
 758.000000 2.034746
 759.000000 1.889956
 760.000000 0.580735
 761.000000 1.583546
 762.000000 1.952536
 763.000000 1.791798
 764.000000 3.301270
 765.000000 3.604086
 766.000000 3.011179
 767.000000 3.623134
 768.000000 3.630739
 769.000000 3.198623
 770.000000 3.394849
 771.000000 3.729474
 772.000000 3.682271
 773.000000 3.301044
 774.000000 2.879615
 775.000000 2.179556
 776.000000 2.589750
 777.000000 2.786115
 778.000000 2.877107
 779.000000 2.785727
 780.000000 3.268059
 781.000000 2.960265
 782.000000 3.009365
 783.000000 2.874611
 784.000000 3.299704
 785.000000 3.703388
 786.000000 4.183481
 787.000000 3.255387
 788.000000 3.131875
 789.000000 3.610154
 790.000000 3.108830
 791.000000 3.436911
 792.000000 3.770828
 793.000000 4.314434
 794.000000 4.733346
 795.000000 4.340440
 796.000000 4.057733
 797.000000 4.417743
 798.000000 3.790931
 799.000000 2.751061
 800.000000 2.411257
 801.000000 2.524073
 802.000000 2.301432
 803.000000 3.602033
 804.000000 3.553680
 805.000000 3.326241
 806.000000 3.107076
 807.000000 2.618495
 808.000000 2.439618
 809.000000 3.219080
 810.000000 3.085387
 811.000000 3.418926
 812.000000 3.571395
 813.000000 3.624973
 814.000000 2.746522
 815.000000 2.301976
 816.000000 3.291445
 817.000000 4.057065
 818.000000 3.959321
 819.000000 4.159062
 820.000000 3.634933
 821.000000 3.397250
 822.000000 3.906726
 823.000000 3.352587
 824.000000 3.036051
 825.000000 2.278551
 826.000000 2.683190
 827.000000 2.688364
 828.000000 2.353880
 829.000000 3.173150
 830.000000 3.177720
 831.000000 3.222311
 832.000000 3.050160
 833.000000 3.214615
 834.000000 3.156234
 835.000000 3.354660
 836.000000 3.345081
 837.000000 3.135629
 838.000000 3.271589
 839.000000 2.869611
 840.000000 3.275693
 841.000000 3.640142
 842.000000 2.425129
 843.000000 2.946224
 844.000000 3.797552
 845.000000 3.575321
 846.000000 3.445518
 847.000000 3.321919
 848.000000 3.227567
 849.000000 3.959515
 850.000000 3.950568
 851.000000 3.437645
 852.000000 3.520843
 853.000000 3.745647
 854.000000 3.708907
 855.000000 4.572182
 856.000000 4.010889
 857.000000 3.706532
 858.000000 4.337074
 859.000000 4.004598
 860.000000 3.552668
 861.000000 3.682517
 862.000000 3.490327
 863.000000 3.811397
 864.000000 4.007115
 865.000000 3.719709
 866.000000 3.325585
 867.000000 4.023943
 868.000000 3.712246
 869.000000 3.097069
 870.000000 3.550403
 871.000000 3.970328
 872.000000 3.823719
 873.000000 3.822940
 874.000000 3.799164
 875.000000 3.953262
 876.000000 3.712245
 877.000000 4.016611
 878.000000 3.476997
 879.000000 3.863507
 880.000000 3.306430
 881.000000 4.395828
 882.000000 3.120212
 883.000000 4.222962
 884.000000 3.801843
 885.000000 4.199433
 886.000000 3.803382
 887.000000 3.518326
 888.000000 3.544101
 889.000000 3.842034
 890.000000 3.679236
 891.000000 3.531636
 892.000000 4.037607
 893.000000 4.138468
 894.000000 4.003448
 895.000000 3.710620
 896.000000 3.226006
 897.000000 3.597775
 898.000000 3.696222
 899.000000 3.828425
 900.000000 3.380739
 901.000000 3.448793
 902.000000 3.667835
 903.000000 4.434729
 904.000000 3.997675
 905.000000 3.899942
 906.000000 3.396912
 907.000000 2.819948
 908.000000 2.148437
 909.000000 2.121138
 910.000000 1.988246
 911.000000 2.150637
 912.000000 1.878433
 913.000000 2.094933
 914.000000 2.145296
 915.000000 2.194164
 916.000000 2.013173
 917.000000 1.957568
 918.000000 1.903890
 919.000000 1.891749
 920.000000 1.907672
 921.000000 2.120544
 922.000000 2.260329
 923.000000 2.347742
 924.000000 2.510194
 925.000000 2.187951
 926.000000 2.255472
 927.000000 2.317131
 928.000000 2.321596
 929.000000 2.476763
 930.000000 2.647189
 931.000000 2.440870
 932.000000 2.436757
 933.000000 2.334636
 934.000000 2.603853
 935.000000 2.367416
 936.000000 2.232431
 937.000000 2.268290
 938.000000 2.363998
 939.000000 2.457085
 940.000000 2.519646
 941.000000 2.487293
 942.000000 2.435763
 943.000000 2.412647
 944.000000 2.196399
 945.000000 2.195911
 946.000000 2.159760
 947.000000 2.230322
 948.000000 2.131513
 949.000000 1.977662
 950.000000 2.141104
 951.000000 2.139570
 952.000000 2.328317
 953.000000 2.130065
 954.000000 2.241035
 955.000000 2.070895
 956.000000 1.821372
 957.000000 1.922700
 958.000000 1.803950
 959.000000 2.113430
 960.000000 2.221853
 961.000000 2.111295
 962.000000 2.257550
 963.000000 2.269942
 964.000000 1.831878
 965.000000 2.201912
 966.000000 2.189280
 967.000000 2.172644
 968.000000 2.053814
 969.000000 1.995679
 970.000000 2.121255
 971.000000 2.251686
 972.000000 2.061004
 973.000000 2.010927
 974.000000 1.957303
 975.000000 1.845318
 976.000000 1.977419
 977.000000 1.865411
 978.000000 3.012402
 979.000000 2.862542
 980.000000 3.195985
 981.000000 2.903347
 982.000000 4.110341
 983.000000 2.962309
 984.000000 2.564950
 985.000000 4.352562
 986.000000 3.860929
 987.000000 4.296108
 988.000000 3.993886
 989.000000 3.724912
 990.000000 3.507020
 991.000000 3.474007
 992.000000 3.787235
 993.000000 3.754043
 994.000000 3.435402
 995.000000 2.978992
 996.000000 3.667164
 997.000000 3.600069
 998.000000 2.562911
 999.000000 2.660329
 1000.000000 2.466635
 1001.000000 1.619328
 1002.000000 1.686478
 1003.000000 0.970482
 1004.000000 0.904493
 1005.000000 1.039736
 1006.000000 0.849404
 1007.000000 1.038208
 1008.000000 0.826998
 1009.000000 0.269283
 1010.000000 0.263194
 1011.000000 0.231472
 1012.000000 0.236207
 1013.000000 0.256826
 1014.000000 0.466195
 1015.000000 0.885432
 1016.000000 0.769282
 1017.000000 0.783932
 1018.000000 0.818589
 1019.000000 0.276988
 1020.000000 0.334145
 1021.000000 0.263678
 1022.000000 0.355004
 1023.000000 0.429573
 1024.000000 0.353243
 1025.000000 0.610111
 1026.000000 0.744362
 1027.000000 0.681349
 1028.000000 1.110100
 1029.000000 1.062184
 1030.000000 0.883997
 1031.000000 1.085005
 1032.000000 1.228997
 1033.000000 1.316413
 1034.000000 1.519194
 1035.000000 1.466253
 1036.000000 1.432106
 1037.000000 1.453195
 1038.000000 1.200652
 1039.000000 2.089407
 1040.000000 0.971395
 1041.000000 2.397880
 1042.000000 2.832791
 1043.000000 3.516548
 1044.000000 3.145359
 1045.000000 3.412429
 1046.000000 4.024595
 1047.000000 4.076019
 1048.000000 3.827157
 1049.000000 4.081334
 1050.000000 4.127566
 1051.000000 4.247836
 1052.000000 3.820993
 1053.000000 3.388055
 1054.000000 3.764516
 1055.000000 3.899932
 1056.000000 3.169454
 1057.000000 3.267250
 1058.000000 3.367846
 1059.000000 3.184175
 1060.000000 3.539926
 1061.000000 3.984319
 1062.000000 4.114331
 1063.000000 3.954881
 1064.000000 4.082430
 1065.000000 3.775694
 1066.000000 3.945498
 1067.000000 3.525281
 1068.000000 3.821915
 1069.000000 3.916107
 1070.000000 3.764700
 1071.000000 3.852474
 1072.000000 3.029499
 1073.000000 3.044244
 1074.000000 2.297986
 1075.000000 2.679063
 1076.000000 1.876657
 1077.000000 2.321972
 1078.000000 2.920491
 1079.000000 3.018816
 1080.000000 3.651759
 1081.000000 2.045341
 1082.000000 2.049253
 1083.000000 2.365076
 1084.000000 2.782680
 1085.000000 1.735196
 1086.000000 3.210707
 1087.000000 3.182492
 1088.000000 2.957724
 1089.000000 4.138635
 1090.000000 3.971570
 1091.000000 3.433661
 1092.000000 3.546744
 1093.000000 3.924018
 1094.000000 3.730760
 1095.000000 3.665576
 1096.000000 3.413091
 1097.000000 3.862347
 1098.000000 2.909071
 1099.000000 2.548860
 1100.000000 2.592386
 1101.000000 2.551998
 1102.000000 2.416438
 1103.000000 1.979291
 1104.000000 2.035235
 1105.000000 2.584571
 1106.000000 2.781446
 1107.000000 2.544380
 1108.000000 2.413308
 1109.000000 2.445954
 1110.000000 2.583885
 1111.000000 2.509671
 1112.000000 2.428635
 1113.000000 2.395829
 1114.000000 2.389992
 1115.000000 2.282350
 1116.000000 2.029357
 1117.000000 1.920051
 1118.000000 2.058986
 1119.000000 2.170371
 1120.000000 2.261703
 1121.000000 2.261113
 1122.000000 2.274041
 1123.000000 2.218579
 1124.000000 2.210061
 1125.000000 2.183547
 1126.000000 2.276037
 1127.000000 2.204246
 1128.000000 2.480335
 1129.000000 2.594990
 1130.000000 2.575051
 1131.000000 2.659640
 1132.000000 2.603712
 1133.000000 2.463926
 1134.000000 2.491674
 1135.000000 2.403666
 1136.000000 2.346835
 1137.000000 2.414895
 1138.000000 2.228158
 1139.000000 2.467133
 1140.000000 2.483336
 1141.000000 2.496621
 1142.000000 2.555605
 1143.000000 2.341633
 1144.000000 2.467729
 1145.000000 2.462998
 1146.000000 2.426254
 1147.000000 2.430882
 1148.000000 2.551406
 1149.000000 2.520271
 1150.000000 2.537003
 1151.000000 2.539755
 1152.000000 2.482361
 1153.000000 2.487187
 1154.000000 2.427521
 1155.000000 2.485101
 1156.000000 2.580019
 1157.000000 2.631219
 1158.000000 2.628279
 1159.000000 2.703277
 1160.000000 2.707181
 1161.000000 2.661740
 1162.000000 2.608243
 1163.000000 2.611336
 1164.000000 2.492139
 1165.000000 2.497957
 1166.000000 2.456480
 1167.000000 2.455551
 1168.000000 2.532437
 1169.000000 2.542452
 1170.000000 2.476783
 1171.000000 2.554750
 1172.000000 2.501918
 1173.000000 2.626720
 1174.000000 2.639044
 1175.000000 2.703463
 1176.000000 2.774726
 1177.000000 2.789823
 1178.000000 2.667470
 1179.000000 2.708941
 1180.000000 2.591564
 1181.000000 2.587104
 1182.000000 2.557117
 1183.000000 2.557121
 1184.000000 2.496572
 1185.000000 2.421679
 1186.000000 2.372684
 1187.000000 2.392267
 1188.000000 2.282729
 1189.000000 2.259884
 1190.000000 2.426739
 1191.000000 2.398179
 1192.000000 2.433075
 1193.000000 2.484350
 1194.000000 2.305528
 1195.000000 2.250575
 1196.000000 2.416011
 1197.000000 2.577628
 1198.000000 2.350372
 1199.000000 2.251786
 1200.000000 2.236869
 1201.000000 2.250845
 1202.000000 2.211807
 1203.000000 2.111944
 1204.000000 2.158876
 1205.000000 2.178604
 1206.000000 2.235946
 1207.000000 2.152137
 1208.000000 2.179990
 1209.000000 2.259875
 1210.000000 2.301337
 1211.000000 2.285094
 1212.000000 2.218481
 1213.000000 2.312963
 1214.000000 2.190316
 1215.000000 2.325125
 1216.000000 2.315916
 1217.000000 2.276756
 1218.000000 2.382100
 1219.000000 2.254588
 1220.000000 2.269305
 1221.000000 2.185081
 1222.000000 2.356377
 1223.000000 2.343873
 1224.000000 2.371766
 1225.000000 2.590704
 1226.000000 2.670979
 1227.000000 2.655739
 1228.000000 2.908005
 1229.000000 2.804775
 1230.000000 2.868671
 1231.000000 2.869798
 1232.000000 2.816581
 1233.000000 2.856734
 1234.000000 2.940179
 1235.000000 3.002570
 1236.000000 3.007087
 1237.000000 3.119810
 1238.000000 2.892642
 1239.000000 2.790480
 1240.000000 2.701703
 1241.000000 2.697826
 1242.000000 2.667699
 1243.000000 2.568527
 1244.000000 2.519969
 1245.000000 2.657422
 1246.000000 2.598782
 1247.000000 2.731869
 1248.000000 2.559884
 1249.000000 2.621700
 1250.000000 2.519580
 1251.000000 2.806878
 1252.000000 2.713157
 1253.000000 2.726601
 1254.000000 2.718039
 1255.000000 2.811903
 1256.000000 2.679456
 1257.000000 2.752079
 1258.000000 2.877704
 1259.000000 2.904603
 1260.000000 2.869265
 1261.000000 2.888670
 1262.000000 2.978906
 1263.000000 2.916804
 1264.000000 2.927004
 1265.000000 2.833781
 1266.000000 2.718619
 1267.000000 2.663297
 1268.000000 2.705105
 1269.000000 2.655079
 1270.000000 2.524286
 1271.000000 2.626122
 1272.000000 2.705739
 1273.000000 2.611213
 1274.000000 2.863915
 1275.000000 3.015703
 1276.000000 2.824317
 1277.000000 2.865654
 1278.000000 2.899350
 1279.000000 2.823829
 1280.000000 2.465330
 1281.000000 2.554356
 1282.000000 2.521300
 1283.000000 2.775314
 1284.000000 2.655300
 1285.000000 2.679575
 1286.000000 2.871106
 1287.000000 2.813822
 1288.000000 2.508596
 1289.000000 2.681894
 1290.000000 2.588895
 1291.000000 2.576900
 1292.000000 2.620310
 1293.000000 2.589233
 1294.000000 2.734551
 1295.000000 2.552731
 1296.000000 2.677324
 1297.000000 2.653311
 1298.000000 2.531777
 1299.000000 2.483675
 1300.000000 2.520755
 1301.000000 2.262523
 1302.000000 2.278428
 1303.000000 2.329553
 1304.000000 2.349715
 1305.000000 2.399756
 1306.000000 2.331100
 1307.000000 2.165965
 1308.000000 2.202359
 1309.000000 2.303722
 1310.000000 2.312831
 1311.000000 2.460117
 1312.000000 2.276374
 1313.000000 2.311927
 1314.000000 2.360020
 1315.000000 2.309932
 1316.000000 2.224019
 1317.000000 2.202180
 1318.000000 2.353149
 1319.000000 2.260956
 1320.000000 2.218608
 1321.000000 2.239941
 1322.000000 2.140356
 1323.000000 2.122489
 1324.000000 2.163623
 1325.000000 2.103633
 1326.000000 2.034298
 1327.000000 2.045515
 1328.000000 2.314738
 1329.000000 2.436724
 1330.000000 2.423952
 1331.000000 2.251083
 1332.000000 2.386658
 1333.000000 2.630067
 1334.000000 2.507037
 1335.000000 2.451773
 1336.000000 2.283020
 1337.000000 2.391063
 1338.000000 2.120496
 1339.000000 2.146143
 1340.000000 2.132097
 1341.000000 2.205262
 1342.000000 2.098483
 1343.000000 2.362739
 1344.000000 2.255347
 1345.000000 2.202370
 1346.000000 2.110321
 1347.000000 2.542825
 1348.000000 2.275087
 1349.000000 2.496320
 1350.000000 2.496028
 1351.000000 2.514280
 1352.000000 2.753091
 1353.000000 2.653908
 1354.000000 2.672244
 1355.000000 2.656672
 1356.000000 2.566767
 1357.000000 2.749673
 1358.000000 2.484096
 1359.000000 2.631950
 1360.000000 2.601737
 1361.000000 2.604840
 1362.000000 2.739130
 1363.000000 2.615042
 1364.000000 2.395645
 1365.000000 2.573179
 1366.000000 2.685950
 1367.000000 2.561429
 1368.000000 2.640130
 1369.000000 2.696402
 1370.000000 2.589216
 1371.000000 2.443802
 1372.000000 2.617793
 1373.000000 2.377605
 1374.000000 2.441579
 1375.000000 2.478632
 1376.000000 1.968696
 1377.000000 2.161530
 1378.000000 2.450073
 1379.000000 2.562210
 1380.000000 2.519882
 1381.000000 2.638244
 1382.000000 2.622677
 1383.000000 2.650790
 1384.000000 2.778337
 1385.000000 2.656715
 1386.000000 2.458098
 1387.000000 2.801193
 1388.000000 2.724364
 1389.000000 2.538452
 1390.000000 2.414497
 1391.000000 2.489369
 1392.000000 2.591023
 1393.000000 2.583854
 1394.000000 2.628850
 1395.000000 2.497185
 1396.000000 2.561958
 1397.000000 2.592337
 1398.000000 2.825367
 1399.000000 2.899019
 1400.000000 2.730969
 1401.000000 2.658304
 1402.000000 2.594408
 1403.000000 2.549828
 1404.000000 2.687539
 1405.000000 2.622372
 1406.000000 2.832830
 1407.000000 2.793924
 1408.000000 2.657365
 1409.000000 2.671664
 1410.000000 2.587396
 1411.000000 2.559237
 1412.000000 2.610538
 1413.000000 2.501438
 1414.000000 2.472142
 1415.000000 2.478209
 1416.000000 2.503219
 1417.000000 2.481390
 1418.000000 2.580840
 1419.000000 2.537751
 1420.000000 2.571730
 1421.000000 2.508225
 1422.000000 2.779578
 1423.000000 2.560051
 1424.000000 2.849542
 1425.000000 2.467919
 1426.000000 2.578575
 1427.000000 2.780125
 1428.000000 2.844323
 1429.000000 2.742697
 1430.000000 2.735653
 1431.000000 2.800853
 1432.000000 2.664487
 1433.000000 3.078100
 1434.000000 2.725587
 1435.000000 2.842146
 1436.000000 2.818381
 1437.000000 2.782755
 1438.000000 2.784432
 1439.000000 2.881413
 1440.000000 2.908938
 1441.000000 2.754509
 1442.000000 2.816437
 1443.000000 2.818346
 1444.000000 2.892559
 1445.000000 2.867725
 1446.000000 2.906991
 1447.000000 2.844332
 1448.000000 2.910337
 1449.000000 2.993709
 1450.000000 2.911942
 1451.000000 2.971213
 1452.000000 2.898907
 1453.000000 2.855127
 1454.000000 2.960591
 1455.000000 2.983917
 1456.000000 2.784258
 1457.000000 2.786022
 1458.000000 2.735503
 1459.000000 2.899114
 1460.000000 2.751989
 1461.000000 2.780505
 1462.000000 2.849178
 1463.000000 2.822235
 1464.000000 2.749022
 1465.000000 2.733255
 1466.000000 2.632430
 1467.000000 2.751250
 1468.000000 2.704833
 1469.000000 2.518394
 1470.000000 2.317189
 1471.000000 2.242364
 1472.000000 2.119352
 1473.000000 2.131681
 1474.000000 2.104970
 1475.000000 2.154404
 1476.000000 2.076755
 1477.000000 2.118885
 1478.000000 2.029983
 1479.000000 2.085978
 1480.000000 2.079970
 1481.000000 2.013362
 1482.000000 2.134650
 1483.000000 2.088330
 1484.000000 2.065004
 1485.000000 2.077155
 1486.000000 2.043992
 1487.000000 2.083321
 1488.000000 2.003672
 1489.000000 2.102377
 1490.000000 2.037474
 1491.000000 2.070020
 1492.000000 2.092739
 1493.000000 2.088783
 1494.000000 2.022897
 1495.000000 2.092875
 1496.000000 2.072544
 1497.000000 1.992794
 1498.000000 2.026177
 1499.000000 2.021706
 1500.000000 2.102157
 1501.000000 2.098872
 1502.000000 2.090649
 1503.000000 2.118257
 1504.000000 2.171291
 1505.000000 2.000442
 1506.000000 1.946111
 1507.000000 1.941347
 1508.000000 2.095668
 1509.000000 2.131570
 1510.000000 2.073052
 1511.000000 1.969635
 1512.000000 1.944181
 1513.000000 1.852941
 1514.000000 1.895884
 1515.000000 1.894857
 1516.000000 1.809750
 1517.000000 2.017445
 1518.000000 1.930839
 1519.000000 2.104675
 1520.000000 2.206068
 1521.000000 2.047282
 1522.000000 2.552776
 1523.000000 2.602452
 1524.000000 2.672035
 1525.000000 2.597014
 1526.000000 2.670322
 1527.000000 2.656933
 1528.000000 2.707556
 1529.000000 2.546901
 1530.000000 2.731336
 1531.000000 2.684439
 1532.000000 2.688401
 1533.000000 2.733997
 1534.000000 2.790329
 1535.000000 2.734574
 1536.000000 2.672874
 1537.000000 2.481541
 1538.000000 2.631499
 1539.000000 2.526469
 1540.000000 2.282772
 1541.000000 2.544530
 1542.000000 2.629608
 1543.000000 2.894191
 1544.000000 2.787928
 1545.000000 2.948564
 1546.000000 2.939793
 1547.000000 2.927624
 1548.000000 2.841883
 1549.000000 2.931300
 1550.000000 2.845355
 1551.000000 3.004673
 1552.000000 2.898143
 1553.000000 3.018688
 1554.000000 2.969034
 1555.000000 2.967879
 1556.000000 2.821756
 1557.000000 2.758572
 1558.000000 2.864994
 1559.000000 2.849938
 1560.000000 2.932615
 1561.000000 2.917072
 1562.000000 3.016825
 1563.000000 2.708627
 1564.000000 2.797168
 1565.000000 2.655522
 1566.000000 2.815750
 1567.000000 2.635741
 1568.000000 2.679200
 1569.000000 2.805718
 1570.000000 2.902733
 1571.000000 2.682167
 1572.000000 2.815315
 1573.000000 2.828084
 1574.000000 2.976228
 1575.000000 2.754306
 1576.000000 2.701232
 1577.000000 2.527567
 1578.000000 2.419066
 1579.000000 2.697787
 1580.000000 2.882210
 1581.000000 2.778683
 1582.000000 2.917366
 1583.000000 2.788087
 1584.000000 2.838235
 1585.000000 2.620365
 1586.000000 2.678204
 1587.000000 2.654857
 1588.000000 2.505581
 1589.000000 2.319854
 1590.000000 2.340891
 1591.000000 2.460369
 1592.000000 2.738663
 1593.000000 2.682298
 1594.000000 2.571200
 1595.000000 2.668220
 1596.000000 2.560606
 1597.000000 2.764153
 1598.000000 2.739907
 1599.000000 2.809401
 1600.000000 2.884499
 1601.000000 2.970011
 1602.000000 2.482644
 1603.000000 2.449171
 1604.000000 2.569865
 1605.000000 2.689318
 1606.000000 2.755663
 1607.000000 2.877998
 1608.000000 2.987549
 1609.000000 3.053589
 1610.000000 2.971460
 1611.000000 2.995014
 1612.000000 2.853261
 1613.000000 2.640983
 1614.000000 2.604106
 1615.000000 2.532381
 1616.000000 2.569761
 1617.000000 2.839699
 1618.000000 2.724222
 1619.000000 2.557257
 1620.000000 2.488494
 1621.000000 2.641143
 1622.000000 2.630915
 1623.000000 2.727708
 1624.000000 2.682767
 1625.000000 2.504720
 1626.000000 2.620013
 1627.000000 2.728022
 1628.000000 2.730282
 1629.000000 2.726122
 1630.000000 2.734577
 1631.000000 2.515018
 1632.000000 2.627010
 1633.000000 2.670909
 1634.000000 2.458371
 1635.000000 2.295076
 1636.000000 2.269796
 1637.000000 2.148235
 1638.000000 2.268516
 1639.000000 2.280028
 1640.000000 2.162463
 1641.000000 1.929345
 1642.000000 2.161342
 1643.000000 2.137233
 1644.000000 2.157494
 1645.000000 2.201233
 1646.000000 2.219865
 1647.000000 2.418143
 1648.000000 2.351433
 1649.000000 2.352408
 1650.000000 2.643320
 1651.000000 2.443544
 1652.000000 2.537110
 1653.000000 2.466841
 1654.000000 2.748408
 1655.000000 2.568583
 1656.000000 2.294327
 1657.000000 2.489135
 1658.000000 1.944384
 1659.000000 2.170349
 1660.000000 2.373396
 1661.000000 2.313469
 1662.000000 2.008704
 1663.000000 1.656298
 1664.000000 1.646951
 1665.000000 1.333925
 1666.000000 0.778471
 1667.000000 0.617937
 1668.000000 0.563295
 1669.000000 1.050382
 1670.000000 0.609576
 1671.000000 0.515665
 1672.000000 0.579318
 1673.000000 0.562437
 1674.000000 0.246692
 1675.000000 0.355483
 1676.000000 0.280148
 1677.000000 0.225099
 1678.000000 1.479273
 1679.000000 2.180127
 1680.000000 2.495698
 1681.000000 3.233618
 1682.000000 3.630107
 1683.000000 3.574348
 1684.000000 3.157189
 1685.000000 2.284154
 1686.000000 2.260128
 1687.000000 2.503884
 1688.000000 2.442415
 1689.000000 2.501507
 1690.000000 4.058888
 1691.000000 3.387820
 1692.000000 3.006555
 1693.000000 4.027927
 1694.000000 3.673276
 1695.000000 3.262993
 1696.000000 3.012823
 1697.000000 2.684616
 1698.000000 2.345796
 1699.000000 0.288391
 1700.000000 0.806692
 1701.000000 1.203926
 1702.000000 2.788064
 1703.000000 3.326370
 1704.000000 4.681892
 1705.000000 4.560572
 1706.000000 2.769901
 1707.000000 2.027254
 1708.000000 1.669813
 1709.000000 3.853026
 1710.000000 3.318467
 1711.000000 3.339534
 1712.000000 3.354705
 1713.000000 2.656447
 1714.000000 2.746100
 1715.000000 3.710446
 1716.000000 4.046543
 1717.000000 3.790903
 1718.000000 3.509513
 1719.000000 4.047950
 1720.000000 4.280400
 1721.000000 4.434794
 1722.000000 3.977349
 1723.000000 3.234988
 1724.000000 2.807318
 1725.000000 1.242980
 1726.000000 1.341490
 1727.000000 0.679179
 1728.000000 0.707982
 1729.000000 0.788057
 1730.000000 0.262691
 1731.000000 0.408408
 1732.000000 0.368447
 1733.000000 0.302735
 1734.000000 0.319246
 1735.000000 0.255422
 1736.000000 1.081304
 1737.000000 1.325923
 1738.000000 1.638417
 1739.000000 2.077063
 1740.000000 1.680419
 1741.000000 1.151437
 1742.000000 2.900572
 1743.000000 1.981054
 1744.000000 2.799646
 1745.000000 2.238357
 1746.000000 1.871231
 1747.000000 1.987151
 1748.000000 3.074764
 1749.000000 2.261845
 1750.000000 1.442933
 1751.000000 2.591872
 1752.000000 3.240122
 1753.000000 3.145981
 1754.000000 2.909998
 1755.000000 3.507184
 1756.000000 2.642885
 1757.000000 1.537563
 1758.000000 1.445450
 1759.000000 1.155952
 1760.000000 1.007272
 1761.000000 1.233723
 1762.000000 1.470957
 1763.000000 1.162250
 1764.000000 1.623740
 1765.000000 1.819021
 1766.000000 2.273380
 1767.000000 2.055066
 1768.000000 1.814045
 1769.000000 1.372404
 1770.000000 3.330729
 1771.000000 4.328517
 1772.000000 4.542859
 1773.000000 4.129084
 1774.000000 3.656003
 1775.000000 3.163806
 1776.000000 3.217317
 1777.000000 2.519512
 1778.000000 4.112252
 1779.000000 2.515387
 1780.000000 2.197943
 1781.000000 3.302838
 1782.000000 3.180881
 1783.000000 3.684486
 1784.000000 3.628030
 1785.000000 3.483574
 1786.000000 3.196574
 1787.000000 2.806451
 1788.000000 3.308357
 1789.000000 4.243348
 1790.000000 3.866150
 1791.000000 4.058976
 1792.000000 3.752729
 1793.000000 4.166238
 1794.000000 3.964028
 1795.000000 4.011969
 1796.000000 4.023998
 1797.000000 3.933762
 1798.000000 3.585365
 1799.000000 3.154040
 1800.000000 3.234494
 1801.000000 2.991558
 1802.000000 3.691042
 1803.000000 3.416944
 1804.000000 2.441721
 1805.000000 2.602719
 1806.000000 2.715240
 1807.000000 2.564048
 1808.000000 2.495646
 1809.000000 2.645000
 1810.000000 2.684070
 1811.000000 2.502251
 1812.000000 2.532021
 1813.000000 2.455214
 1814.000000 2.491325
 1815.000000 2.300593
 1816.000000 2.211203
 1817.000000 2.208309
 1818.000000 2.050856
 1819.000000 2.200751
 1820.000000 2.160771
 1821.000000 2.322328
 1822.000000 2.251326
 1823.000000 2.318622
 1824.000000 2.383975
 1825.000000 2.308506
 1826.000000 2.267493
 1827.000000 2.149955
 1828.000000 2.242116
 1829.000000 2.104245
 1830.000000 1.727852
 1831.000000 2.299828
 1832.000000 3.721194
 1833.000000 3.435723
 1834.000000 2.997615
 1835.000000 2.771234
 1836.000000 1.990961
 1837.000000 2.844702
 1838.000000 2.917867
 1839.000000 3.713521
 1840.000000 3.800821
 1841.000000 3.689927
 1842.000000 3.793053
 1843.000000 3.766572
 1844.000000 3.816396
 1845.000000 3.784239
 1846.000000 3.833946
 1847.000000 3.214087
 1848.000000 3.787716
 1849.000000 3.753856
 1850.000000 3.682486
 1851.000000 3.710012
 1852.000000 3.654160
 1853.000000 3.429802
 1854.000000 3.648483
 1855.000000 3.456139
 1856.000000 3.257026
 1857.000000 3.149597
 1858.000000 2.322132
 1859.000000 2.845287
 1860.000000 3.017096
 1861.000000 3.649784
 1862.000000 3.485046
 1863.000000 3.379271
 1864.000000 2.417529
 1865.000000 3.734719
 1866.000000 2.436657
 1867.000000 2.395046
 1868.000000 1.889556
 1869.000000 2.046259
 1870.000000 2.930680
 1871.000000 3.687992
 1872.000000 3.302524
 1873.000000 3.804960
 1874.000000 4.018267
 1875.000000 4.004820
 1876.000000 4.049155
 1877.000000 3.897479
 1878.000000 3.933959
 1879.000000 3.944834
 1880.000000 3.885640
 1881.000000 3.853597
 1882.000000 3.996958
 1883.000000 4.015440
 1884.000000 3.851663
 1885.000000 3.997326
 1886.000000 3.930581
 1887.000000 3.951104
 1888.000000 3.913051
 1889.000000 3.684877
 1890.000000 3.866046
 1891.000000 4.280637
 1892.000000 3.879626
 1893.000000 3.835743
 1894.000000 3.878274
 1895.000000 4.070822
 1896.000000 3.912746
 1897.000000 4.033854
 1898.000000 4.315175
 1899.000000 3.718613
 1900.000000 2.755106
 1901.000000 2.838223
 1902.000000 2.882026
 1903.000000 2.986269
 1904.000000 2.002345
 1905.000000 2.913393
 1906.000000 3.026517
 1907.000000 3.987250
 1908.000000 3.725168
 1909.000000 3.566144
 1910.000000 4.190407
 1911.000000 2.650105
 1912.000000 3.512824
 1913.000000 4.269345
 1914.000000 4.181786
 1915.000000 2.874813
 1916.000000 3.044773
 1917.000000 3.101640
 1918.000000 3.598121
 1919.000000 2.816847
 1920.000000 1.531935
 1921.000000 1.619484
 1922.000000 1.168955
 1923.000000 1.070993
 1924.000000 1.441904
 1925.000000 0.961151
 1926.000000 0.727289
 1927.000000 1.314419
 1928.000000 0.704176
 1929.000000 0.272077
 1930.000000 0.273930
 1931.000000 0.946874
 1932.000000 0.254646
 1933.000000 1.271803
 1934.000000 0.646970
 1935.000000 0.686147
 1936.000000 0.965279
 1937.000000 1.890258
 1938.000000 0.677947
 1939.000000 1.099410
 1940.000000 1.252318
 1941.000000 1.176340
 1942.000000 1.208082
 1943.000000 1.791567
 1944.000000 1.701063
 1945.000000 1.423265
 1946.000000 1.561437
 1947.000000 1.478084
 1948.000000 1.545107
 1949.000000 1.284303
 1950.000000 1.797388
 1951.000000 1.663043
 1952.000000 1.586963
 1953.000000 1.557837
 1954.000000 1.450006
 1955.000000 1.111086
 1956.000000 1.033467
 1957.000000 1.138406
 1958.000000 1.042272
 1959.000000 1.356514
 1960.000000 0.893333
 1961.000000 0.635952
 1962.000000 0.348777
 1963.000000 1.122598
 1964.000000 0.753129
 1965.000000 2.410477
 1966.000000 2.656678
 1967.000000 2.224561
 1968.000000 2.608922
 1969.000000 3.326358
 1970.000000 3.007413
 1971.000000 2.788283
 1972.000000 3.397117
 1973.000000 2.280830
 1974.000000 3.093190
 1975.000000 2.477829
 1976.000000 2.926588
 1977.000000 2.489669
 1978.000000 2.839979
 1979.000000 3.450892
 1980.000000 2.829193
 1981.000000 3.901443
 1982.000000 4.033073
 1983.000000 4.498580
 1984.000000 4.109046
 1985.000000 3.929866
 1986.000000 3.734742
 1987.000000 2.991853
 1988.000000 2.976970
 1989.000000 2.603334
 1990.000000 2.764052
 1991.000000 2.537454
 1992.000000 3.779573
 1993.000000 3.610144
 1994.000000 3.181342
 1995.000000 2.841762
 1996.000000 2.552985
 1997.000000 3.384800
 1998.000000 3.050509
 1999.000000 2.886419
 2000.000000 2.852280
 2001.000000 3.132736
 2002.000000 2.574625
 2003.000000 2.715165
 2004.000000 3.003929
 2005.000000 3.264111
 2006.000000 2.905128
 2007.000000 2.818656
 2008.000000 3.022382
 2009.000000 3.602605
 2010.000000 3.493676
 2011.000000 3.210521
 2012.000000 3.374624
 2013.000000 2.626793
 2014.000000 3.463035
 2015.000000 2.751375
 2016.000000 3.019276
 2017.000000 3.451868
 2018.000000 4.083730
 2019.000000 3.888764
 2020.000000 3.585321
 2021.000000 3.593038
 2022.000000 3.632557
 2023.000000 3.753295
 2024.000000 4.066731
