#! FIELDS time r1.min
 0.000000 2.167693
 1.000000 1.997482
 2.000000 2.558717
 3.000000 3.190691
 4.000000 2.136416
 5.000000 1.928965
 6.000000 1.876611
 7.000000 2.122766
 8.000000 2.384959
 9.000000 3.371738
 10.000000 2.239997
 11.000000 2.634514
 12.000000 3.425192
 13.000000 3.444812
 14.000000 3.042535
 15.000000 3.282905
 16.000000 3.458020
 17.000000 3.638773
 18.000000 3.521598
 19.000000 3.557680
 20.000000 3.338941
 21.000000 3.800996
 22.000000 3.800984
 23.000000 3.188241
 24.000000 2.918339
 25.000000 1.032998
 26.000000 2.862460
 27.000000 3.777069
 28.000000 3.615278
 29.000000 3.415355
 30.000000 1.914612
 31.000000 2.721249
 32.000000 3.580420
 33.000000 4.012917
 34.000000 2.893621
 35.000000 2.951237
 36.000000 4.073663
 37.000000 4.174573
 38.000000 4.666226
 39.000000 4.002448
 40.000000 3.819654
 41.000000 3.481607
 42.000000 3.292067
 43.000000 4.154535
 44.000000 3.554919
 45.000000 2.977404
 46.000000 3.360879
 47.000000 3.274426
 48.000000 3.148890
 49.000000 3.556725
 50.000000 3.111966
 51.000000 3.077071
 52.000000 2.796835
 53.000000 2.998977
 54.000000 2.729455
 55.000000 2.477252
 56.000000 2.682934
 57.000000 2.591641
 58.000000 2.882781
 59.000000 2.964295
 60.000000 2.799024
 61.000000 2.610458
 62.000000 2.282386
 63.000000 2.586427
 64.000000 2.632949
 65.000000 2.609762
 66.000000 3.296243
 67.000000 3.962722
 68.000000 3.608485
 69.000000 3.921186
 70.000000 3.899138
 71.000000 3.730655
 72.000000 4.085682
 73.000000 4.419033
 74.000000 4.185891
 75.000000 3.266734
 76.000000 3.944722
 77.000000 3.692045
 78.000000 3.396873
 79.000000 3.427087
 80.000000 3.154386
 81.000000 3.399131
 82.000000 3.022464
 83.000000 3.391314
 84.000000 3.145819
 85.000000 3.107512
 86.000000 2.815472
 87.000000 3.341835
 88.000000 3.217385
 89.000000 3.405448
 90.000000 3.574387
 91.000000 3.560940
 92.000000 3.537294
 93.000000 4.101983
 94.000000 4.139763
 95.000000 3.585274
 96.000000 3.237646
 97.000000 3.747766
 98.000000 3.465391
 99.000000 2.892300
 100.000000 3.360499
 101.000000 3.264130
 102.000000 3.795469
 103.000000 3.724525
 104.000000 3.027589
 105.000000 2.024723
 106.000000 3.403797
 107.000000 3.180562
 108.000000 2.767112
 109.000000 2.314899
 110.000000 2.441819
 111.000000 2.841363
 112.000000 2.583509
 113.000000 3.276588
 114.000000 3.447058
 115.000000 3.174023
 116.000000 3.285836
 117.000000 2.972327
 118.000000 2.743857
 119.000000 2.393984
 120.000000 2.650045
 121.000000 2.655976
 122.000000 2.452569
 123.000000 2.339979
 124.000000 2.445087
 125.000000 2.214259
 126.000000 1.768533
 127.000000 1.841186
 128.000000 1.304868
 129.000000 1.125164
 130.000000 1.041031
 131.000000 0.991282
 132.000000 1.779554
 133.000000 2.553375
 134.000000 2.343506
 135.000000 2.439692
 136.000000 2.631713
 137.000000 2.559404
 138.000000 1.948704
 139.000000 2.256819
 140.000000 2.424359
 141.000000 2.379622
 142.000000 3.404235
 143.000000 3.248180
 144.000000 2.719820
 145.000000 2.773721
 146.000000 3.902304
 147.000000 3.899028
 148.000000 3.643157
 149.000000 3.751818
 150.000000 3.609515
 151.000000 3.610003
 152.000000 2.807018
 153.000000 2.870268
 154.000000 3.086353
 155.000000 3.523347
 156.000000 4.164171
 157.000000 3.628224
 158.000000 3.911812
 159.000000 3.661198
 160.000000 3.724971
 161.000000 4.369415
 162.000000 3.868549
 163.000000 4.099666
 164.000000 3.997117
 165.000000 3.111981
 166.000000 2.654699
 167.000000 2.225204
 168.000000 4.253752
 169.000000 3.139778
 170.000000 3.107998
 171.000000 2.834942
 172.000000 2.964664
 173.000000 3.129768
 174.000000 3.416515
 175.000000 3.203989
 176.000000 3.389212
 177.000000 3.190849
 178.000000 3.413528
 179.000000 3.338670
 180.000000 3.457734
 181.000000 3.267774
 182.000000 3.537598
 183.000000 3.128306
 184.000000 3.037416
 185.000000 3.230580
 186.000000 3.385279
 187.000000 3.318576
 188.000000 3.437500
 189.000000 3.406824
 190.000000 3.441219
 191.000000 3.380042
 192.000000 3.697480
 193.000000 3.499670
 194.000000 3.572738
 195.000000 3.597681
 196.000000 3.433876
 197.000000 3.604306
 198.000000 3.448817
 199.000000 3.516628
 200.000000 3.557763
 201.000000 3.529765
 202.000000 3.466438
 203.000000 3.571541
 204.000000 3.484133
 205.000000 3.427363
 206.000000 3.021240
 207.000000 3.145254
 208.000000 3.310621
 209.000000 3.568052
 210.000000 3.725493
 211.000000 3.623145
 212.000000 3.280683
 213.000000 3.486419
 214.000000 3.483100
 215.000000 3.698095
 216.000000 3.811373
 217.000000 3.557446
 218.000000 3.853532
 219.000000 3.993115
 220.000000 3.910372
 221.000000 3.955025
 222.000000 3.833388
 223.000000 3.822656
 224.000000 3.932278
 225.000000 4.021243
 226.000000 3.813004
 227.000000 3.731419
 228.000000 3.781081
 229.000000 3.759560
 230.000000 3.705821
 231.000000 3.750222
 232.000000 3.639667
 233.000000 3.935959
 234.000000 3.912627
 235.000000 3.922403
 236.000000 3.889505
 237.000000 3.873311
 238.000000 3.735827
 239.000000 3.887485
 240.000000 4.352893
 241.000000 4.423388
 242.000000 4.608440
 243.000000 4.526090
 244.000000 3.086002
 245.000000 2.471425
 246.000000 0.818702
 247.000000 1.729628
 248.000000 2.558963
 249.000000 3.214229
 250.000000 3.222299
 251.000000 2.388861
 252.000000 3.228771
 253.000000 3.379211
 254.000000 3.034241
 255.000000 2.937802
 256.000000 2.744426
 257.000000 3.485173
 258.000000 2.857591
 259.000000 2.832631
 260.000000 1.840985
 261.000000 1.495969
 262.000000 2.989831
 263.000000 2.278405
 264.000000 4.416234
 265.000000 3.133102
 266.000000 3.465015
 267.000000 3.737196
 268.000000 2.982753
 269.000000 3.063419
 270.000000 2.633466
 271.000000 3.122964
 272.000000 2.028057
 273.000000 3.285337
 274.000000 3.413051
 275.000000 2.379464
 276.000000 2.981465
 277.000000 3.411163
 278.000000 2.777623
 279.000000 3.767773
 280.000000 2.243598
 281.000000 2.226449
 282.000000 3.177889
 283.000000 3.601067
 284.000000 2.637002
 285.000000 3.601368
 286.000000 3.063314
 287.000000 3.212455
 288.000000 3.789106
 289.000000 2.704642
 290.000000 3.050997
 291.000000 3.591974
 292.000000 3.863039
 293.000000 3.728611
 294.000000 3.652287
 295.000000 3.546889
 296.000000 3.060592
 297.000000 3.072894
 298.000000 2.702625
 299.000000 1.633892
 300.000000 1.319139
 301.000000 1.314994
 302.000000 1.888176
 303.000000 3.021955
 304.000000 3.929526
 305.000000 3.425581
 306.000000 3.268049
 307.000000 3.530610
 308.000000 2.527584
 309.000000 3.048197
 310.000000 2.753888
 311.000000 2.251341
 312.000000 2.447216
 313.000000 3.405794
 314.000000 3.237826
 315.000000 3.132107
 316.000000 3.911498
 317.000000 4.038572
 318.000000 3.205531
 319.000000 2.070365
 320.000000 2.991607
 321.000000 1.860770
 322.000000 1.710029
 323.000000 3.005986
 324.000000 3.170820
 325.000000 4.062624
 326.000000 3.973362
 327.000000 3.970873
 328.000000 3.229983
 329.000000 3.382060
 330.000000 2.584032
 331.000000 3.429626
 332.000000 2.755026
 333.000000 1.951087
 334.000000 2.660907
 335.000000 3.500386
 336.000000 3.654054
 337.000000 3.753120
 338.000000 3.627368
 339.000000 4.092967
 340.000000 3.326742
 341.000000 3.856169
 342.000000 3.959749
 343.000000 3.702525
 344.000000 3.547666
 345.000000 3.215264
 346.000000 3.174904
 347.000000 3.669116
 348.000000 3.277897
 349.000000 3.259259
 350.000000 2.795241
 351.000000 2.451984
 352.000000 2.840239
 353.000000 2.747401
 354.000000 3.390320
 355.000000 3.226121
 356.000000 3.298306
 357.000000 2.762449
 358.000000 2.508193
 359.000000 3.380700
 360.000000 3.344649
 361.000000 3.200815
 362.000000 3.246406
 363.000000 3.684956
 364.000000 3.850336
 365.000000 4.008813
 366.000000 4.151260
 367.000000 4.305154
 368.000000 4.159118
 369.000000 4.340388
 370.000000 4.213566
 371.000000 4.189837
 372.000000 4.129512
 373.000000 4.273158
 374.000000 3.968422
 375.000000 3.905297
 376.000000 3.946331
 377.000000 4.083184
 378.000000 4.038960
 379.000000 4.140363
 380.000000 4.056553
 381.000000 3.914940
 382.000000 3.883613
 383.000000 4.114444
 384.000000 4.181873
 385.000000 4.168779
 386.000000 3.830548
 387.000000 3.977384
 388.000000 3.981430
 389.000000 4.386704
 390.000000 4.191048
 391.000000 4.143330
 392.000000 3.758970
 393.000000 3.893312
 394.000000 3.928238
 395.000000 3.807857
 396.000000 3.888411
 397.000000 3.743394
 398.000000 3.766584
 399.000000 3.469637
 400.000000 3.419681
 401.000000 3.513957
 402.000000 3.518602
 403.000000 3.705266
 404.000000 3.672795
 405.000000 3.652455
 406.000000 3.464042
 407.000000 3.670156
 408.000000 3.735174
 409.000000 3.717712
 410.000000 3.629524
 411.000000 3.809838
 412.000000 3.678118
 413.000000 3.620869
 414.000000 3.628225
 415.000000 3.662294
 416.000000 3.291206
 417.000000 3.747969
 418.000000 3.726326
 419.000000 4.103330
 420.000000 4.464458
 421.000000 2.566386
 422.000000 4.587678
 423.000000 4.679423
 424.000000 4.665198
 425.000000 4.816090
 426.000000 5.039500
 427.000000 5.050423
 428.000000 5.063010
 429.000000 3.218122
 430.000000 4.627463
 431.000000 4.223375
 432.000000 4.355354
 433.000000 4.234593
 434.000000 4.500114
 435.000000 4.815637
 436.000000 4.989993
 437.000000 5.166653
 438.000000 5.114066
 439.000000 4.936351
 440.000000 5.021327
 441.000000 4.904038
 442.000000 4.636454
 443.000000 3.084713
 444.000000 2.780225
 445.000000 2.699118
 446.000000 3.708658
 447.000000 3.035664
 448.000000 3.572383
 449.000000 3.191598
 450.000000 3.459665
 451.000000 3.774474
 452.000000 4.258604
 453.000000 4.613171
 454.000000 4.353353
 455.000000 4.724775
 456.000000 3.789522
 457.000000 2.104842
 458.000000 2.675745
 459.000000 3.679557
 460.000000 3.748163
 461.000000 2.990538
 462.000000 2.244134
 463.000000 2.327441
 464.000000 0.353629
 465.000000 3.411038
 466.000000 4.279693
 467.000000 3.887894
 468.000000 4.273275
 469.000000 4.448895
 470.000000 4.213616
 471.000000 4.166359
 472.000000 4.011250
 473.000000 4.046455
 474.000000 3.459178
 475.000000 3.799929
 476.000000 3.424050
 477.000000 3.029767
 478.000000 2.480723
 479.000000 1.834609
 480.000000 1.581860
 481.000000 0.394478
 482.000000 0.266015
 483.000000 1.158117
 484.000000 2.776857
 485.000000 3.326898
 486.000000 3.880198
 487.000000 4.164523
 488.000000 3.381835
 489.000000 3.511148
 490.000000 3.704827
 491.000000 2.674143
 492.000000 2.733572
 493.000000 3.567308
 494.000000 2.956678
 495.000000 4.035558
 496.000000 3.882398
 497.000000 2.893098
 498.000000 3.426365
 499.000000 3.333484
 500.000000 3.550160
 501.000000 4.313943
 502.000000 3.456724
 503.000000 2.751304
 504.000000 3.996873
 505.000000 1.901064
 506.000000 2.694175
 507.000000 3.024608
 508.000000 2.797205
 509.000000 2.766398
 510.000000 3.040029
 511.000000 2.874324
 512.000000 1.973974
 513.000000 3.283773
 514.000000 3.523820
 515.000000 3.491156
 516.000000 4.074821
 517.000000 2.954656
 518.000000 3.792457
 519.000000 3.351164
 520.000000 3.234568
 521.000000 3.549071
 522.000000 4.318891
 523.000000 3.325386
 524.000000 3.236962
 525.000000 2.248897
 526.000000 1.780574
 527.000000 2.490385
 528.000000 2.713905
 529.000000 2.726454
 530.000000 2.877891
 531.000000 3.773378
 532.000000 3.914354
 533.000000 2.874511
 534.000000 0.889929
 535.000000 0.583777
 536.000000 1.271780
 537.000000 2.853295
 538.000000 3.041942
 539.000000 2.910152
 540.000000 3.175774
 541.000000 2.617537
 542.000000 3.180589
 543.000000 2.501842
 544.000000 2.422045
 545.000000 2.391590
 546.000000 2.926440
 547.000000 2.836707
 548.000000 3.173841
 549.000000 3.380948
 550.000000 2.292760
 551.000000 2.165013
 552.000000 2.211965
 553.000000 2.487504
 554.000000 3.455362
 555.000000 3.791848
 556.000000 2.762538
 557.000000 2.278578
 558.000000 2.806083
 559.000000 2.480525
 560.000000 2.418338
 561.000000 2.882512
 562.000000 3.129488
 563.000000 2.567064
 564.000000 2.489623
 565.000000 2.558875
 566.000000 2.560842
 567.000000 3.020250
 568.000000 3.222781
 569.000000 3.027676
 570.000000 2.784231
 571.000000 2.162991
 572.000000 2.193454
 573.000000 2.312379
 574.000000 2.023289
 575.000000 1.639070
 576.000000 1.567297
 577.000000 1.463027
 578.000000 1.814578
 579.000000 3.531615
 580.000000 2.877667
 581.000000 3.367335
 582.000000 3.363696
 583.000000 3.626821
 584.000000 3.781348
 585.000000 3.058612
 586.000000 3.433890
 587.000000 3.141214
 588.000000 1.701743
 589.000000 2.165022
 590.000000 2.701523
 591.000000 3.786860
 592.000000 4.560390
 593.000000 4.124572
 594.000000 3.947966
 595.000000 4.191262
 596.000000 4.170649
 597.000000 4.528053
 598.000000 4.348717
 599.000000 4.345023
 600.000000 4.427402
 601.000000 4.692104
 602.000000 4.841367
 603.000000 4.632276
 604.000000 4.553124
 605.000000 4.139376
 606.000000 4.285554
 607.000000 4.414425
 608.000000 4.180782
 609.000000 4.172036
 610.000000 4.440223
 611.000000 4.461699
 612.000000 4.357331
 613.000000 4.443359
 614.000000 4.534333
 615.000000 4.639913
 616.000000 4.528172
 617.000000 4.616089
 618.000000 3.404200
 619.000000 4.838130
 620.000000 4.742242
 621.000000 4.894278
 622.000000 4.984017
 623.000000 4.781691
 624.000000 2.847113
 625.000000 4.742228
 626.000000 4.696823
 627.000000 2.786979
 628.000000 4.763689
 629.000000 2.777367
 630.000000 2.902672
 631.000000 2.910762
 632.000000 3.045210
 633.000000 3.407302
 634.000000 4.606187
 635.000000 4.742351
 636.000000 4.752210
 637.000000 3.034247
 638.000000 2.913395
 639.000000 4.607025
 640.000000 4.605354
 641.000000 3.212854
 642.000000 4.636116
 643.000000 3.163970
 644.000000 3.274741
 645.000000 3.668419
 646.000000 4.813557
 647.000000 4.659639
 648.000000 3.620357
 649.000000 3.779178
 650.000000 3.735818
 651.000000 3.677551
 652.000000 3.669692
 653.000000 4.468802
 654.000000 4.581957
 655.000000 4.398862
 656.000000 4.577445
 657.000000 4.500231
 658.000000 4.457305
 659.000000 4.437747
 660.000000 3.950853
 661.000000 3.693374
 662.000000 3.788768
 663.000000 3.701292
 664.000000 3.570525
 665.000000 3.784731
 666.000000 3.841435
 667.000000 3.890202
 668.000000 3.870301
 669.000000 3.920785
 670.000000 3.947900
 671.000000 3.850749
 672.000000 3.896936
 673.000000 3.826907
 674.000000 3.896479
 675.000000 3.914855
 676.000000 3.818966
 677.000000 3.804115
 678.000000 3.936779
 679.000000 4.149704
 680.000000 3.831008
 681.000000 3.678003
 682.000000 3.718144
 683.000000 3.578215
 684.000000 3.686441
 685.000000 3.712117
 686.000000 3.794056
 687.000000 3.683778
 688.000000 3.552523
 689.000000 3.721805
 690.000000 3.907286
 691.000000 3.857481
 692.000000 3.698604
 693.000000 3.898765
 694.000000 3.725862
 695.000000 4.032275
 696.000000 4.010929
 697.000000 4.102620
 698.000000 3.472587
 699.000000 3.493210
 700.000000 3.434423
 701.000000 3.272058
 702.000000 3.116179
 703.000000 2.782329
 704.000000 3.247782
 705.000000 1.937110
 706.000000 2.368165
 707.000000 3.581356
 708.000000 3.282448
 709.000000 3.737317
 710.000000 4.195410
 711.000000 3.433533
 712.000000 2.859712
 713.000000 3.495313
 714.000000 2.811032
 715.000000 3.552330
 716.000000 3.037834
 717.000000 3.690466
 718.000000 2.451079
 719.000000 2.251034
 720.000000 2.195889
 721.000000 1.948686
 722.000000 3.223577
 723.000000 3.602435
 724.000000 2.435366
 725.000000 2.023874
 726.000000 3.070932
 727.000000 3.059584
 728.000000 3.508409
 729.000000 3.195546
 730.000000 3.723386
 731.000000 3.202256
 732.000000 2.469625
 733.000000 2.908070
 734.000000 4.460147
 735.000000 4.388189
 736.000000 3.835829
 737.000000 2.949252
 738.000000 3.883211
 739.000000 2.897663
 740.000000 3.582364
 741.000000 2.745315
 742.000000 4.106172
 743.000000 2.348541
 744.000000 4.022173
 745.000000 3.776766
 746.000000 3.278398
 747.000000 3.187628
 748.000000 3.730943
 749.000000 3.840892
 750.000000 3.564117
 751.000000 3.260750
 752.000000 3.514968
 753.000000 3.840535
 754.000000 3.584893
 755.000000 3.298244
 756.000000 3.063105
 757.000000 3.032834
 758.000000 2.017839
 759.000000 2.428076
 760.000000 1.940484
 761.000000 1.653518
 762.000000 1.083245
 763.000000 1.027997
 764.000000 2.307965
 765.000000 2.528215
 766.000000 2.401923
 767.000000 3.107980
 768.000000 3.792251
 769.000000 3.514210
 770.000000 3.939493
 771.000000 4.210062
 772.000000 4.276680
 773.000000 4.026597
 774.000000 3.728443
 775.000000 1.563723
 776.000000 1.997609
 777.000000 2.413431
 778.000000 1.869229
 779.000000 1.805106
 780.000000 2.714079
 781.000000 2.137650
 782.000000 2.315148
 783.000000 1.753543
 784.000000 2.557282
 785.000000 2.984480
 786.000000 3.560415
 787.000000 2.591541
 788.000000 3.675481
 789.000000 3.153043
 790.000000 3.654940
 791.000000 3.799682
 792.000000 3.993547
 793.000000 3.898501
 794.000000 4.443701
 795.000000 3.877825
 796.000000 3.587907
 797.000000 4.021295
 798.000000 3.562008
 799.000000 2.610797
 800.000000 2.155998
 801.000000 3.060211
 802.000000 2.612136
 803.000000 3.344693
 804.000000 3.260214
 805.000000 3.180506
 806.000000 3.042610
 807.000000 2.600095
 808.000000 2.483335
 809.000000 3.011440
 810.000000 2.741675
 811.000000 3.048340
 812.000000 3.208810
 813.000000 3.061721
 814.000000 2.957127
 815.000000 2.358759
 816.000000 3.299936
 817.000000 4.013594
 818.000000 3.948599
 819.000000 3.949714
 820.000000 4.079371
 821.000000 3.981443
 822.000000 3.545929
 823.000000 3.151901
 824.000000 2.834505
 825.000000 3.075215
 826.000000 2.376952
 827.000000 1.984282
 828.000000 1.021000
 829.000000 2.224512
 830.000000 2.361902
 831.000000 2.201838
 832.000000 2.101536
 833.000000 2.090831
 834.000000 2.224721
 835.000000 2.841525
 836.000000 3.314141
 837.000000 2.904691
 838.000000 3.254679
 839.000000 2.749045
 840.000000 3.034536
 841.000000 3.272145
 842.000000 2.565615
 843.000000 2.734048
 844.000000 3.391078
 845.000000 3.038378
 846.000000 2.692992
 847.000000 2.916283
 848.000000 2.849974
 849.000000 3.461660
 850.000000 3.618566
 851.000000 3.309540
 852.000000 3.268466
 853.000000 3.518883
 854.000000 3.249646
 855.000000 4.131437
 856.000000 4.045180
 857.000000 3.819270
 858.000000 3.959956
 859.000000 3.997016
 860.000000 3.778527
 861.000000 3.779726
 862.000000 3.656175
 863.000000 3.653000
 864.000000 4.055611
 865.000000 3.192765
 866.000000 2.903865
 867.000000 3.644880
 868.000000 3.401504
 869.000000 2.776476
 870.000000 3.127555
 871.000000 3.924404
 872.000000 3.857785
 873.000000 3.235472
 874.000000 3.286088
 875.000000 3.537954
 876.000000 3.291190
 877.000000 3.864028
 878.000000 3.389717
 879.000000 3.410569
 880.000000 2.588825
 881.000000 3.972773
 882.000000 2.793237
 883.000000 4.105075
 884.000000 3.661680
 885.000000 4.224023
 886.000000 3.970713
 887.000000 3.292688
 888.000000 3.731264
 889.000000 4.026259
 890.000000 3.788884
 891.000000 3.391395
 892.000000 3.723683
 893.000000 3.996259
 894.000000 3.956109
 895.000000 3.661757
 896.000000 3.196915
 897.000000 3.299589
 898.000000 3.444220
 899.000000 3.681990
 900.000000 3.196995
 901.000000 3.363221
 902.000000 3.577927
 903.000000 3.956617
 904.000000 3.879105
 905.000000 3.756419
 906.000000 3.034415
 907.000000 2.379294
 908.000000 1.741400
 909.000000 1.635663
 910.000000 1.648802
 911.000000 1.629744
 912.000000 1.582478
 913.000000 1.677636
 914.000000 1.651194
 915.000000 1.688252
 916.000000 1.637783
 917.000000 1.651784
 918.000000 1.597834
 919.000000 1.646339
 920.000000 1.722914
 921.000000 1.922168
 922.000000 2.027512
 923.000000 2.196687
 924.000000 2.369926
 925.000000 1.884091
 926.000000 2.087847
 927.000000 1.826310
 928.000000 1.987048
 929.000000 2.197505
 930.000000 2.318673
 931.000000 2.235305
 932.000000 2.087614
 933.000000 1.973647
 934.000000 2.194410
 935.000000 1.927033
 936.000000 1.793194
 937.000000 1.837889
 938.000000 2.015022
 939.000000 2.079818
 940.000000 2.174947
 941.000000 2.060258
 942.000000 1.770538
 943.000000 1.978674
 944.000000 1.542024
 945.000000 1.641904
 946.000000 1.539650
 947.000000 1.667095
 948.000000 1.515172
 949.000000 1.583757
 950.000000 1.626118
 951.000000 1.616047
 952.000000 1.880542
 953.000000 1.824178
 954.000000 2.090323
 955.000000 2.090810
 956.000000 2.022260
 957.000000 2.043872
 958.000000 1.909908
 959.000000 2.006050
 960.000000 2.036244
 961.000000 1.982774
 962.000000 2.169871
 963.000000 2.059031
 964.000000 1.582070
 965.000000 2.056054
 966.000000 2.046203
 967.000000 2.004554
 968.000000 1.892184
 969.000000 2.057883
 970.000000 2.006855
 971.000000 1.927139
 972.000000 1.860096
 973.000000 1.944541
 974.000000 1.872771
 975.000000 1.835470
 976.000000 1.989913
 977.000000 1.871288
 978.000000 2.854367
 979.000000 2.820471
 980.000000 3.014935
 981.000000 2.432601
 982.000000 3.749163
 983.000000 2.983800
 984.000000 2.808295
 985.000000 3.970780
 986.000000 3.350257
 987.000000 3.961968
 988.000000 3.683967
 989.000000 3.296546
 990.000000 2.811168
 991.000000 2.889103
 992.000000 3.827889
 993.000000 3.861021
 994.000000 3.643788
 995.000000 3.088774
 996.000000 3.489470
 997.000000 3.412459
 998.000000 1.933336
 999.000000 2.348658
 1000.000000 2.197432
 1001.000000 0.928935
 1002.000000 0.710902
 1003.000000 0.501098
 1004.000000 0.847802
 1005.000000 0.746947
 1006.000000 0.638471
 1007.000000 0.922529
 1008.000000 0.510106
 1009.000000 1.060163
 1010.000000 0.798245
 1011.000000 0.476833
 1012.000000 1.581928
 1013.000000 1.463669
 1014.000000 1.523580
 1015.000000 1.888399
 1016.000000 1.944128
 1017.000000 2.014666
 1018.000000 1.423527
 1019.000000 1.806804
 1020.000000 1.431922
 1021.000000 1.555307
 1022.000000 1.313231
 1023.000000 1.203138
 1024.000000 1.058799
 1025.000000 0.906001
 1026.000000 1.055158
 1027.000000 1.398700
 1028.000000 1.319883
 1029.000000 1.062762
 1030.000000 0.977606
 1031.000000 1.225361
 1032.000000 0.810013
 1033.000000 1.073448
 1034.000000 1.114903
 1035.000000 0.890001
 1036.000000 1.022869
 1037.000000 1.424360
 1038.000000 1.498603
 1039.000000 1.528156
 1040.000000 1.757112
 1041.000000 2.828026
 1042.000000 3.015686
 1043.000000 3.651187
 1044.000000 3.318000
 1045.000000 3.572896
 1046.000000 3.878488
 1047.000000 3.713571
 1048.000000 3.941069
 1049.000000 4.135144
 1050.000000 4.232134
 1051.000000 3.975907
 1052.000000 3.809382
 1053.000000 3.418411
 1054.000000 3.584823
 1055.000000 3.561775
 1056.000000 2.915416
 1057.000000 3.168901
 1058.000000 3.642120
 1059.000000 3.575593
 1060.000000 3.338664
 1061.000000 3.757290
 1062.000000 3.770558
 1063.000000 3.812912
 1064.000000 4.434312
 1065.000000 4.129352
 1066.000000 3.819877
 1067.000000 3.333375
 1068.000000 3.675402
 1069.000000 3.845958
 1070.000000 3.871177
 1071.000000 3.856098
 1072.000000 3.257905
 1073.000000 3.594143
 1074.000000 2.755352
 1075.000000 2.541280
 1076.000000 1.547782
 1077.000000 2.119792
 1078.000000 3.468465
 1079.000000 3.647350
 1080.000000 2.828807
 1081.000000 1.291142
 1082.000000 1.335967
 1083.000000 2.784302
 1084.000000 3.257060
 1085.000000 2.371015
 1086.000000 3.586720
 1087.000000 3.517054
 1088.000000 3.188592
 1089.000000 4.510168
 1090.000000 4.269708
 1091.000000 3.890031
 1092.000000 3.250984
 1093.000000 3.628157
 1094.000000 3.315072
 1095.000000 2.980988
 1096.000000 3.114318
 1097.000000 3.790751
 1098.000000 3.648837
 1099.000000 3.445412
 1100.000000 3.538601
 1101.000000 3.285737
 1102.000000 2.451148
 1103.000000 2.158913
 1104.000000 1.988396
 1105.000000 2.698636
 1106.000000 2.229156
 1107.000000 1.749709
 1108.000000 2.186625
 1109.000000 2.013816
 1110.000000 2.168120
 1111.000000 2.423096
 1112.000000 1.792251
 1113.000000 1.940151
 1114.000000 1.583262
 1115.000000 2.376988
 1116.000000 2.313498
 1117.000000 1.701027
 1118.000000 2.216556
 1119.000000 2.330684
 1120.000000 2.067259
 1121.000000 2.079605
 1122.000000 1.693368
 1123.000000 2.287404
 1124.000000 1.475378
 1125.000000 2.639003
 1126.000000 2.880240
 1127.000000 2.388874
 1128.000000 2.882135
 1129.000000 2.809078
 1130.000000 2.893351
 1131.000000 2.798820
 1132.000000 2.932236
 1133.000000 2.924537
 1134.000000 2.523649
 1135.000000 2.653945
 1136.000000 2.678739
 1137.000000 2.637208
 1138.000000 2.269352
 1139.000000 2.310620
 1140.000000 2.431220
 1141.000000 2.290205
 1142.000000 2.145246
 1143.000000 2.464969
 1144.000000 1.779081
 1145.000000 2.119090
 1146.000000 2.233789
 1147.000000 2.121211
 1148.000000 1.905592
 1149.000000 1.997839
 1150.000000 1.963457
 1151.000000 2.261756
 1152.000000 2.178805
 1153.000000 2.562005
 1154.000000 2.372727
 1155.000000 2.810107
 1156.000000 2.576056
 1157.000000 2.385360
 1158.000000 2.439764
 1159.000000 1.979635
 1160.000000 2.475716
 1161.000000 2.592980
 1162.000000 2.481199
 1163.000000 2.505458
 1164.000000 2.094187
 1165.000000 2.373991
 1166.000000 2.444442
 1167.000000 1.806917
 1168.000000 2.561996
 1169.000000 2.886443
 1170.000000 3.033278
 1171.000000 2.737004
 1172.000000 2.587346
 1173.000000 2.653902
 1174.000000 2.589692
 1175.000000 2.389536
 1176.000000 2.435664
 1177.000000 2.434824
 1178.000000 2.130094
 1179.000000 2.087745
 1180.000000 2.157368
 1181.000000 1.992290
 1182.000000 1.948069
 1183.000000 2.035811
 1184.000000 2.246204
 1185.000000 1.885217
 1186.000000 1.958414
 1187.000000 1.909097
 1188.000000 1.915141
 1189.000000 1.974297
 1190.000000 1.939869
 1191.000000 1.988894
 1192.000000 1.787589
 1193.000000 1.852817
 1194.000000 1.776363
 1195.000000 1.783178
 1196.000000 1.901816
 1197.000000 1.879839
 1198.000000 1.853141
 1199.000000 1.784111
 1200.000000 1.885631
 1201.000000 1.802906
 1202.000000 1.829398
 1203.000000 1.873504
 1204.000000 1.821472
 1205.000000 1.819908
 1206.000000 1.905131
 1207.000000 1.881348
 1208.000000 1.926972
 1209.000000 1.869991
 1210.000000 1.912189
 1211.000000 1.802547
 1212.000000 1.685197
 1213.000000 1.803834
 1214.000000 1.877575
 1215.000000 1.883894
 1216.000000 1.813884
 1217.000000 1.974190
 1218.000000 1.905131
 1219.000000 1.823085
 1220.000000 1.870860
 1221.000000 1.873127
 1222.000000 1.817951
 1223.000000 1.791301
 1224.000000 1.673266
 1225.000000 1.499107
 1226.000000 1.635680
 1227.000000 1.593251
 1228.000000 1.654008
 1229.000000 1.617407
 1230.000000 1.552664
 1231.000000 1.629633
 1232.000000 1.624781
 1233.000000 1.798817
 1234.000000 1.966856
 1235.000000 1.844745
 1236.000000 1.936296
 1237.000000 1.909219
 1238.000000 1.669570
 1239.000000 1.721384
 1240.000000 1.967436
 1241.000000 2.102120
 1242.000000 1.860192
 1243.000000 2.181353
 1244.000000 1.843941
 1245.000000 2.055211
 1246.000000 1.906954
 1247.000000 1.961178
 1248.000000 1.978376
 1249.000000 1.972655
 1250.000000 1.865261
 1251.000000 1.862285
 1252.000000 1.855709
 1253.000000 1.849442
 1254.000000 1.816914
 1255.000000 1.737353
 1256.000000 1.781318
 1257.000000 1.638894
 1258.000000 1.718287
 1259.000000 1.760614
 1260.000000 1.699657
 1261.000000 1.806552
 1262.000000 1.697360
 1263.000000 1.650492
 1264.000000 1.688252
 1265.000000 1.916164
 1266.000000 1.946056
 1267.000000 1.903682
 1268.000000 1.958158
 1269.000000 1.922599
 1270.000000 1.730529
 1271.000000 1.960967
 1272.000000 1.998947
 1273.000000 2.002776
 1274.000000 1.883972
 1275.000000 2.021015
 1276.000000 2.104194
 1277.000000 2.422362
 1278.000000 2.333569
 1279.000000 2.577509
 1280.000000 2.522288
 1281.000000 2.657115
 1282.000000 2.750394
 1283.000000 2.640619
 1284.000000 2.530627
 1285.000000 2.492456
 1286.000000 2.594253
 1287.000000 2.429367
 1288.000000 2.407819
 1289.000000 2.639288
 1290.000000 2.426652
 1291.000000 2.343273
 1292.000000 2.396785
 1293.000000 2.513153
 1294.000000 2.478817
 1295.000000 2.697051
 1296.000000 2.141285
 1297.000000 2.050916
 1298.000000 2.154625
 1299.000000 1.544747
 1300.000000 1.566301
 1301.000000 1.884996
 1302.000000 1.741573
 1303.000000 1.751794
 1304.000000 1.662618
 1305.000000 1.730338
 1306.000000 1.733275
 1307.000000 1.669947
 1308.000000 1.671498
 1309.000000 1.735596
 1310.000000 1.843571
 1311.000000 2.018871
 1312.000000 1.926840
 1313.000000 1.818170
 1314.000000 2.027159
 1315.000000 2.405087
 1316.000000 2.413156
 1317.000000 2.537981
 1318.000000 2.395749
 1319.000000 2.515333
 1320.000000 2.555369
 1321.000000 2.671361
 1322.000000 2.361118
 1323.000000 2.406377
 1324.000000 2.373576
 1325.000000 2.223596
 1326.000000 2.214045
 1327.000000 2.316332
 1328.000000 2.287584
 1329.000000 2.458465
 1330.000000 2.732699
 1331.000000 2.391735
 1332.000000 2.350732
 1333.000000 2.448079
 1334.000000 2.504576
 1335.000000 2.187765
 1336.000000 2.230990
 1337.000000 2.349272
 1338.000000 2.182226
 1339.000000 2.163819
 1340.000000 2.147723
 1341.000000 2.365808
 1342.000000 2.552517
 1343.000000 2.460023
 1344.000000 2.909684
 1345.000000 3.049945
 1346.000000 3.177639
 1347.000000 2.947062
 1348.000000 2.683557
 1349.000000 2.740795
 1350.000000 2.772863
 1351.000000 2.217892
 1352.000000 2.526786
 1353.000000 3.208349
 1354.000000 3.475071
 1355.000000 2.995746
 1356.000000 3.377436
 1357.000000 3.373570
 1358.000000 3.043470
 1359.000000 3.384307
 1360.000000 3.805400
 1361.000000 4.003603
 1362.000000 3.985883
 1363.000000 4.118922
 1364.000000 4.253518
 1365.000000 4.760705
 1366.000000 4.703152
 1367.000000 4.850109
 1368.000000 4.840214
 1369.000000 4.779197
 1370.000000 4.251089
 1371.000000 4.035744
 1372.000000 4.181107
 1373.000000 4.231608
 1374.000000 4.331283
 1375.000000 4.680507
 1376.000000 4.241274
 1377.000000 4.026326
 1378.000000 4.471104
 1379.000000 4.176327
 1380.000000 3.645471
 1381.000000 4.106144
 1382.000000 3.952152
 1383.000000 4.333606
 1384.000000 4.316818
 1385.000000 4.150193
 1386.000000 3.688756
 1387.000000 3.900265
 1388.000000 4.069687
 1389.000000 3.989253
 1390.000000 4.016076
 1391.000000 4.151204
 1392.000000 4.827177
 1393.000000 4.949807
 1394.000000 4.774308
 1395.000000 4.778449
 1396.000000 4.719111
 1397.000000 4.690431
 1398.000000 4.625090
 1399.000000 4.548163
 1400.000000 4.388839
 1401.000000 4.056838
 1402.000000 4.590499
 1403.000000 4.526972
 1404.000000 4.524472
 1405.000000 3.918240
 1406.000000 4.300426
 1407.000000 4.250076
 1408.000000 3.923125
 1409.000000 3.581392
 1410.000000 3.564367
 1411.000000 3.078497
 1412.000000 3.543988
 1413.000000 3.448581
 1414.000000 3.482049
 1415.000000 3.356073
 1416.000000 2.767799
 1417.000000 2.716945
 1418.000000 2.750384
 1419.000000 3.028370
 1420.000000 3.551973
 1421.000000 3.330498
 1422.000000 3.128681
 1423.000000 3.066905
 1424.000000 2.472667
 1425.000000 2.827372
 1426.000000 2.904400
 1427.000000 2.820177
 1428.000000 3.276237
 1429.000000 3.150381
 1430.000000 3.107755
 1431.000000 3.399111
 1432.000000 3.006383
 1433.000000 3.147384
 1434.000000 3.549099
 1435.000000 3.410570
 1436.000000 3.267851
 1437.000000 3.124108
 1438.000000 3.224854
 1439.000000 3.279782
 1440.000000 3.443371
 1441.000000 2.808592
 1442.000000 3.170621
 1443.000000 3.179020
 1444.000000 3.498055
 1445.000000 3.451656
 1446.000000 3.318060
 1447.000000 3.459919
 1448.000000 3.544313
 1449.000000 3.464681
 1450.000000 3.331507
 1451.000000 3.851830
 1452.000000 4.122288
 1453.000000 4.397879
 1454.000000 4.123764
 1455.000000 4.307084
 1456.000000 4.167924
 1457.000000 3.983148
 1458.000000 4.061462
 1459.000000 3.881883
 1460.000000 3.899552
 1461.000000 3.681195
 1462.000000 3.961467
 1463.000000 3.737226
 1464.000000 4.124278
 1465.000000 3.929583
 1466.000000 4.314813
 1467.000000 4.368753
 1468.000000 4.456647
 1469.000000 4.251148
 1470.000000 4.336318
 1471.000000 4.078224
 1472.000000 4.335058
 1473.000000 4.305164
 1474.000000 4.258710
 1475.000000 4.011226
 1476.000000 4.124750
 1477.000000 4.048342
 1478.000000 3.700913
 1479.000000 4.037556
 1480.000000 4.262588
 1481.000000 4.128520
 1482.000000 3.975166
 1483.000000 4.249408
 1484.000000 4.115275
 1485.000000 4.161663
 1486.000000 3.893443
 1487.000000 3.560645
 1488.000000 2.829826
 1489.000000 3.273189
 1490.000000 3.463940
 1491.000000 4.004306
 1492.000000 3.750851
 1493.000000 3.624734
 1494.000000 4.124968
 1495.000000 4.252632
 1496.000000 4.373746
 1497.000000 4.302806
 1498.000000 4.284213
 1499.000000 4.389274
 1500.000000 4.521287
 1501.000000 4.303507
 1502.000000 4.423768
 1503.000000 4.584722
 1504.000000 4.562631
 1505.000000 4.504755
 1506.000000 4.496004
 1507.000000 4.230898
 1508.000000 3.660997
 1509.000000 3.885384
 1510.000000 3.949319
 1511.000000 3.593074
 1512.000000 3.683254
 1513.000000 3.829409
 1514.000000 4.072690
 1515.000000 4.077638
 1516.000000 4.215611
 1517.000000 4.366431
 1518.000000 4.307385
 1519.000000 4.225139
 1520.000000 3.962478
 1521.000000 4.019948
 1522.000000 3.721253
 1523.000000 3.367778
 1524.000000 3.035713
 1525.000000 3.163885
 1526.000000 2.998880
 1527.000000 2.937313
 1528.000000 2.980512
 1529.000000 2.693840
 1530.000000 3.390062
 1531.000000 3.496749
 1532.000000 3.705983
 1533.000000 3.759529
 1534.000000 4.254109
 1535.000000 4.387288
 1536.000000 4.321195
 1537.000000 4.306431
 1538.000000 4.094536
 1539.000000 4.092577
 1540.000000 4.202801
 1541.000000 4.349911
 1542.000000 4.137724
 1543.000000 3.981996
 1544.000000 4.432279
 1545.000000 3.921553
 1546.000000 4.350876
 1547.000000 4.388899
 1548.000000 4.429951
 1549.000000 4.739577
 1550.000000 4.857949
 1551.000000 5.035228
 1552.000000 5.016416
 1553.000000 5.021642
 1554.000000 5.006609
 1555.000000 4.877419
 1556.000000 4.849122
 1557.000000 4.895883
 1558.000000 4.586341
 1559.000000 4.236121
 1560.000000 3.808653
 1561.000000 3.711005
 1562.000000 2.977700
 1563.000000 2.951725
 1564.000000 3.124851
 1565.000000 3.271128
 1566.000000 3.440875
 1567.000000 3.252287
 1568.000000 3.237908
 1569.000000 3.081861
 1570.000000 3.568313
 1571.000000 3.445844
 1572.000000 3.306253
 1573.000000 3.708710
 1574.000000 3.696255
 1575.000000 3.189867
 1576.000000 3.697917
 1577.000000 3.366919
 1578.000000 3.154371
 1579.000000 3.262159
 1580.000000 2.869884
 1581.000000 3.043201
 1582.000000 2.974915
 1583.000000 2.920766
 1584.000000 2.554488
 1585.000000 2.436688
 1586.000000 2.521175
 1587.000000 2.636152
 1588.000000 2.694636
 1589.000000 2.917112
 1590.000000 3.168989
 1591.000000 3.510503
 1592.000000 3.663119
 1593.000000 3.522590
 1594.000000 3.292047
 1595.000000 3.570892
 1596.000000 3.737289
 1597.000000 3.606673
 1598.000000 4.142043
 1599.000000 4.089199
 1600.000000 3.889373
 1601.000000 3.894834
 1602.000000 3.540599
 1603.000000 3.967978
 1604.000000 3.807973
 1605.000000 3.635611
 1606.000000 3.868516
 1607.000000 4.147469
 1608.000000 4.062873
 1609.000000 4.263236
 1610.000000 3.935110
 1611.000000 4.073291
 1612.000000 3.720265
 1613.000000 3.826129
 1614.000000 3.712442
 1615.000000 3.456530
 1616.000000 3.358255
 1617.000000 3.163974
 1618.000000 2.905745
 1619.000000 2.523939
 1620.000000 2.672465
 1621.000000 2.744186
 1622.000000 2.555424
 1623.000000 2.677042
 1624.000000 3.103907
 1625.000000 3.532418
 1626.000000 3.529879
 1627.000000 3.068010
 1628.000000 3.122457
 1629.000000 3.461916
 1630.000000 3.253367
 1631.000000 3.418116
 1632.000000 3.210679
 1633.000000 3.110559
 1634.000000 3.281836
 1635.000000 3.237542
 1636.000000 3.120140
 1637.000000 3.326293
 1638.000000 2.881250
 1639.000000 2.337156
 1640.000000 2.751810
 1641.000000 2.674664
 1642.000000 2.628358
 1643.000000 2.580088
 1644.000000 2.524408
 1645.000000 2.700254
 1646.000000 2.867863
 1647.000000 3.164871
 1648.000000 3.260844
 1649.000000 3.340797
 1650.000000 3.278747
 1651.000000 3.365415
 1652.000000 3.044935
 1653.000000 3.179356
 1654.000000 3.402486
 1655.000000 3.334592
 1656.000000 3.235765
 1657.000000 3.077636
 1658.000000 2.488074
 1659.000000 2.824563
 1660.000000 3.186614
 1661.000000 3.314447
 1662.000000 3.593915
 1663.000000 3.455344
 1664.000000 2.979183
 1665.000000 2.624187
 1666.000000 2.288129
 1667.000000 2.675326
 1668.000000 2.886337
 1669.000000 2.705226
 1670.000000 2.653019
 1671.000000 2.654645
 1672.000000 2.620811
 1673.000000 2.489226
 1674.000000 3.008773
 1675.000000 3.114959
 1676.000000 2.336284
 1677.000000 2.357677
 1678.000000 2.439347
 1679.000000 3.183729
 1680.000000 3.009058
 1681.000000 3.384194
 1682.000000 3.168355
 1683.000000 3.058389
 1684.000000 2.316247
 1685.000000 2.092567
 1686.000000 1.014143
 1687.000000 0.580615
 1688.000000 1.645672
 1689.000000 1.994708
 1690.000000 3.733775
 1691.000000 4.113144
 1692.000000 3.460176
 1693.000000 4.459955
 1694.000000 3.859388
 1695.000000 3.842838
 1696.000000 2.985808
 1697.000000 3.753621
 1698.000000 3.858113
 1699.000000 3.240114
 1700.000000 2.854137
 1701.000000 2.586227
 1702.000000 3.974986
 1703.000000 4.356437
 1704.000000 3.879517
 1705.000000 3.921799
 1706.000000 3.925871
 1707.000000 3.938777
 1708.000000 3.572534
 1709.000000 2.328251
 1710.000000 3.150643
 1711.000000 3.069882
 1712.000000 3.317922
 1713.000000 3.674365
 1714.000000 3.072090
 1715.000000 3.571538
 1716.000000 3.790365
 1717.000000 3.406380
 1718.000000 4.364570
 1719.000000 4.342846
 1720.000000 4.489779
 1721.000000 3.407053
 1722.000000 3.615924
 1723.000000 3.012518
 1724.000000 1.691415
 1725.000000 0.706042
 1726.000000 0.960654
 1727.000000 0.253935
 1728.000000 0.253939
 1729.000000 0.245766
 1730.000000 0.294842
 1731.000000 0.581062
 1732.000000 0.649316
 1733.000000 0.550815
 1734.000000 0.488133
 1735.000000 0.464363
 1736.000000 0.538258
 1737.000000 1.568331
 1738.000000 1.812903
 1739.000000 1.403639
 1740.000000 1.571174
 1741.000000 1.333750
 1742.000000 2.620747
 1743.000000 0.486231
 1744.000000 1.700579
 1745.000000 0.741096
 1746.000000 0.540636
 1747.000000 1.764954
 1748.000000 1.881317
 1749.000000 1.792723
 1750.000000 0.829972
 1751.000000 0.808585
 1752.000000 1.922369
 1753.000000 3.276413
 1754.000000 1.813003
 1755.000000 3.563539
 1756.000000 2.576952
 1757.000000 3.063943
 1758.000000 3.809510
 1759.000000 3.759164
 1760.000000 3.545929
 1761.000000 3.322523
 1762.000000 3.430527
 1763.000000 2.539050
 1764.000000 2.035640
 1765.000000 2.033164
 1766.000000 1.478135
 1767.000000 1.012116
 1768.000000 0.849821
 1769.000000 2.167353
 1770.000000 3.219917
 1771.000000 3.875167
 1772.000000 3.839239
 1773.000000 4.240106
 1774.000000 3.109353
 1775.000000 3.132593
 1776.000000 3.925765
 1777.000000 3.536105
 1778.000000 1.909028
 1779.000000 3.556266
 1780.000000 4.185479
 1781.000000 3.346813
 1782.000000 4.489860
 1783.000000 3.073894
 1784.000000 4.662012
 1785.000000 3.219155
 1786.000000 2.882941
 1787.000000 3.480532
 1788.000000 2.785456
 1789.000000 3.624109
 1790.000000 2.337333
 1791.000000 2.486281
 1792.000000 1.419847
 1793.000000 3.178248
 1794.000000 2.320228
 1795.000000 1.406206
 1796.000000 1.980234
 1797.000000 2.332663
 1798.000000 1.197223
 1799.000000 3.441731
 1800.000000 3.423493
 1801.000000 3.027529
 1802.000000 3.657860
 1803.000000 4.022863
 1804.000000 3.848835
 1805.000000 3.392415
 1806.000000 2.700862
 1807.000000 3.312680
 1808.000000 3.575029
 1809.000000 3.461129
 1810.000000 3.701231
 1811.000000 3.809006
 1812.000000 3.955537
 1813.000000 3.695179
 1814.000000 3.897431
 1815.000000 3.955333
 1816.000000 3.880262
 1817.000000 4.097261
 1818.000000 3.604238
 1819.000000 3.570722
 1820.000000 3.516078
 1821.000000 3.293981
 1822.000000 3.487221
 1823.000000 3.554930
 1824.000000 3.368457
 1825.000000 3.422966
 1826.000000 3.097120
 1827.000000 3.007560
 1828.000000 3.680847
 1829.000000 3.652146
 1830.000000 3.371750
 1831.000000 3.377507
 1832.000000 3.062679
 1833.000000 2.681141
 1834.000000 2.707077
 1835.000000 2.757684
 1836.000000 3.205317
 1837.000000 3.571765
 1838.000000 2.989321
 1839.000000 2.579404
 1840.000000 3.477162
 1841.000000 3.684057
 1842.000000 3.611426
 1843.000000 3.508179
 1844.000000 3.817616
 1845.000000 3.719791
 1846.000000 3.815772
 1847.000000 3.655217
 1848.000000 3.751536
 1849.000000 4.326224
 1850.000000 4.165055
 1851.000000 3.968239
 1852.000000 4.080304
 1853.000000 3.105158
 1854.000000 4.035514
 1855.000000 3.171173
 1856.000000 2.737060
 1857.000000 2.294940
 1858.000000 2.434030
 1859.000000 3.145664
 1860.000000 3.251256
 1861.000000 2.869748
 1862.000000 3.365962
 1863.000000 2.924395
 1864.000000 1.323048
 1865.000000 2.978859
 1866.000000 2.714889
 1867.000000 2.399176
 1868.000000 3.181282
 1869.000000 3.153394
 1870.000000 2.367752
 1871.000000 3.019815
 1872.000000 3.853307
 1873.000000 4.296687
 1874.000000 3.519084
 1875.000000 3.677033
 1876.000000 3.570383
 1877.000000 3.544826
 1878.000000 3.611274
 1879.000000 3.549678
 1880.000000 3.420474
 1881.000000 3.483099
 1882.000000 3.623299
 1883.000000 4.194717
 1884.000000 4.081433
 1885.000000 3.960929
 1886.000000 4.033540
 1887.000000 4.163056
 1888.000000 4.065993
 1889.000000 3.829527
 1890.000000 4.125779
 1891.000000 3.699684
 1892.000000 4.371856
 1893.000000 4.291291
 1894.000000 4.575999
 1895.000000 4.693450
 1896.000000 4.856505
 1897.000000 4.802510
 1898.000000 4.171221
 1899.000000 4.477583
 1900.000000 3.840756
 1901.000000 3.829918
 1902.000000 3.867319
 1903.000000 3.917750
 1904.000000 2.248275
 1905.000000 2.896808
 1906.000000 3.053098
 1907.000000 2.643878
 1908.000000 2.648308
 1909.000000 1.774490
 1910.000000 2.507222
 1911.000000 3.815621
 1912.000000 4.092731
 1913.000000 2.988960
 1914.000000 2.852678
 1915.000000 3.545187
 1916.000000 3.780462
 1917.000000 2.743098
 1918.000000 3.598179
 1919.000000 3.603786
 1920.000000 2.248923
 1921.000000 2.768578
 1922.000000 3.031238
 1923.000000 3.096994
 1924.000000 3.290720
 1925.000000 3.078840
 1926.000000 2.911602
 1927.000000 3.140979
 1928.000000 2.831684
 1929.000000 1.756636
 1930.000000 2.063031
 1931.000000 2.484996
 1932.000000 2.690386
 1933.000000 2.621780
 1934.000000 2.285576
 1935.000000 2.330576
 1936.000000 2.151834
 1937.000000 2.484945
 1938.000000 2.356926
 1939.000000 2.634112
 1940.000000 2.570480
 1941.000000 2.946927
 1942.000000 2.886367
 1943.000000 2.628964
 1944.000000 3.074898
 1945.000000 2.847130
 1946.000000 3.126827
 1947.000000 2.583972
 1948.000000 3.008210
 1949.000000 3.075122
 1950.000000 3.316637
 1951.000000 2.939321
 1952.000000 3.217362
 1953.000000 3.187868
 1954.000000 3.089461
 1955.000000 2.636495
 1956.000000 2.870958
 1957.000000 2.860458
 1958.000000 2.843071
 1959.000000 2.671823
 1960.000000 3.067482
 1961.000000 2.329208
 1962.000000 3.291988
 1963.000000 3.209696
 1964.000000 3.312586
 1965.000000 2.967030
 1966.000000 3.579543
 1967.000000 3.242270
 1968.000000 3.596731
 1969.000000 3.769837
 1970.000000 3.092694
 1971.000000 2.759825
 1972.000000 1.939747
 1973.000000 3.132279
 1974.000000 2.194180
 1975.000000 1.977004
 1976.000000 2.672286
 1977.000000 2.569475
 1978.000000 1.717976
 1979.000000 1.200641
 1980.000000 1.846320
 1981.000000 3.058069
 1982.000000 3.021451
 1983.000000 3.987766
 1984.000000 3.771310
 1985.000000 3.832178
 1986.000000 3.524749
 1987.000000 2.871344
 1988.000000 2.776068
 1989.000000 2.279267
 1990.000000 2.239596
 1991.000000 2.074559
 1992.000000 3.601224
 1993.000000 3.351262
 1994.000000 3.219710
 1995.000000 2.633499
 1996.000000 2.496214
 1997.000000 2.981352
 1998.000000 1.945479
 1999.000000 1.386738
 2000.000000 1.801098
 2001.000000 2.815565
 2002.000000 2.512748
 2003.000000 2.876410
 2004.000000 3.183620
 2005.000000 3.409549
 2006.000000 3.393003
 2007.000000 3.197587
 2008.000000 2.825201
 2009.000000 3.727761
 2010.000000 3.312584
 2011.000000 3.268117
 2012.000000 2.772776
 2013.000000 1.850662
 2014.000000 2.556581
 2015.000000 3.028887
 2016.000000 2.559046
 2017.000000 2.434005
 2018.000000 3.299681
 2019.000000 3.940659
 2020.000000 3.602651
 2021.000000 3.976738
 2022.000000 3.862696
 2023.000000 3.994578
 2024.000000 4.028676
