#! FIELDS time r18.min
 0.000000 2.225051
 1.000000 2.596951
 2.000000 2.114125
 3.000000 2.065484
 4.000000 1.638601
 5.000000 0.734914
 6.000000 0.192265
 7.000000 0.332070
 8.000000 0.168696
 9.000000 1.897889
 10.000000 2.035290
 11.000000 1.977497
 12.000000 3.506802
 13.000000 3.915777
 14.000000 3.359709
 15.000000 3.717383
 16.000000 3.794552
 17.000000 3.848655
 18.000000 3.599178
 19.000000 3.393061
 20.000000 3.458846
 21.000000 3.542416
 22.000000 3.300682
 23.000000 3.486352
 24.000000 3.851194
 25.000000 2.278044
 26.000000 1.948110
 27.000000 2.308753
 28.000000 2.438887
 29.000000 2.172518
 30.000000 2.043228
 31.000000 2.512291
 32.000000 3.403046
 33.000000 3.518274
 34.000000 1.667932
 35.000000 2.530338
 36.000000 3.464501
 37.000000 3.243062
 38.000000 4.193363
 39.000000 3.375714
 40.000000 3.706325
 41.000000 3.667772
 42.000000 4.103809
 43.000000 3.411627
 44.000000 2.017317
 45.000000 1.513362
 46.000000 1.929171
 47.000000 2.055169
 48.000000 2.109765
 49.000000 2.486251
 50.000000 1.997300
 51.000000 2.087037
 52.000000 1.948795
 53.000000 2.377664
 54.000000 1.718585
 55.000000 1.588627
 56.000000 1.688193
 57.000000 1.513552
 58.000000 1.941770
 59.000000 1.914698
 60.000000 1.927262
 61.000000 1.689224
 62.000000 1.849923
 63.000000 1.791328
 64.000000 2.000349
 65.000000 1.491774
 66.000000 2.307904
 67.000000 3.384244
 68.000000 3.123003
 69.000000 3.471698
 70.000000 3.374906
 71.000000 2.915589
 72.000000 3.511864
 73.000000 4.069732
 74.000000 3.702833
 75.000000 2.650191
 76.000000 4.105124
 77.000000 3.675405
 78.000000 2.613488
 79.000000 3.541750
 80.000000 3.468103
 81.000000 3.618877
 82.000000 3.322511
 83.000000 3.418753
 84.000000 3.158578
 85.000000 2.611849
 86.000000 2.845411
 87.000000 3.701648
 88.000000 4.015987
 89.000000 3.471191
 90.000000 4.358719
 91.000000 4.403406
 92.000000 4.308322
 93.000000 4.074197
 94.000000 4.170295
 95.000000 4.507620
 96.000000 4.208081
 97.000000 3.148671
 98.000000 2.120167
 99.000000 1.891099
 100.000000 3.141676
 101.000000 2.375855
 102.000000 3.600065
 103.000000 2.905871
 104.000000 3.826375
 105.000000 3.322026
 106.000000 4.193793
 107.000000 2.694470
 108.000000 0.953160
 109.000000 1.135404
 110.000000 1.331454
 111.000000 1.856400
 112.000000 2.410058
 113.000000 2.867003
 114.000000 3.079412
 115.000000 2.918798
 116.000000 2.908271
 117.000000 3.034508
 118.000000 2.970164
 119.000000 2.574207
 120.000000 2.789627
 121.000000 2.689910
 122.000000 2.872725
 123.000000 2.824795
 124.000000 2.979069
 125.000000 2.729466
 126.000000 2.991249
 127.000000 2.231878
 128.000000 2.430941
 129.000000 1.722481
 130.000000 1.676556
 131.000000 1.644548
 132.000000 1.662584
 133.000000 1.310465
 134.000000 1.645105
 135.000000 1.619698
 136.000000 2.065451
 137.000000 1.956888
 138.000000 1.552850
 139.000000 1.639581
 140.000000 1.663683
 141.000000 1.643365
 142.000000 2.709346
 143.000000 2.413433
 144.000000 2.298159
 145.000000 1.784226
 146.000000 3.295481
 147.000000 3.237940
 148.000000 2.436011
 149.000000 2.616101
 150.000000 3.300096
 151.000000 3.437665
 152.000000 2.893913
 153.000000 3.475881
 154.000000 3.578563
 155.000000 3.744144
 156.000000 3.248878
 157.000000 2.501665
 158.000000 2.773707
 159.000000 2.419750
 160.000000 2.786352
 161.000000 3.800138
 162.000000 3.579266
 163.000000 3.415505
 164.000000 3.107417
 165.000000 3.199696
 166.000000 2.901347
 167.000000 2.382675
 168.000000 3.631552
 169.000000 3.051311
 170.000000 3.011555
 171.000000 2.701966
 172.000000 3.089888
 173.000000 3.114784
 174.000000 2.901834
 175.000000 3.076920
 176.000000 3.198329
 177.000000 3.049679
 178.000000 2.907581
 179.000000 3.079861
 180.000000 3.064693
 181.000000 3.127580
 182.000000 3.002719
 183.000000 2.893222
 184.000000 2.910160
 185.000000 3.211034
 186.000000 3.029686
 187.000000 3.241319
 188.000000 3.282522
 189.000000 3.165334
 190.000000 3.254277
 191.000000 3.380327
 192.000000 3.491411
 193.000000 3.200987
 194.000000 3.356630
 195.000000 3.225812
 196.000000 3.312856
 197.000000 3.328428
 198.000000 3.260108
 199.000000 3.142909
 200.000000 3.057771
 201.000000 3.075416
 202.000000 3.147800
 203.000000 3.259959
 204.000000 3.671461
 205.000000 3.158586
 206.000000 2.704751
 207.000000 2.631717
 208.000000 2.837455
 209.000000 2.962968
 210.000000 3.260701
 211.000000 3.139789
 212.000000 2.482664
 213.000000 2.478539
 214.000000 3.045666
 215.000000 3.031776
 216.000000 3.035920
 217.000000 2.587479
 218.000000 2.791976
 219.000000 3.221737
 220.000000 2.940472
 221.000000 3.134335
 222.000000 3.060189
 223.000000 3.293684
 224.000000 3.445211
 225.000000 3.698035
 226.000000 3.478246
 227.000000 3.368801
 228.000000 3.356734
 229.000000 3.328520
 230.000000 3.235346
 231.000000 3.240571
 232.000000 3.120628
 233.000000 3.473388
 234.000000 3.500428
 235.000000 3.470632
 236.000000 3.497424
 237.000000 3.386070
 238.000000 3.200022
 239.000000 3.358096
 240.000000 3.722148
 241.000000 3.640292
 242.000000 3.550348
 243.000000 3.618537
 244.000000 4.013707
 245.000000 3.627224
 246.000000 3.186336
 247.000000 3.310280
 248.000000 3.359803
 249.000000 3.498170
 250.000000 3.619908
 251.000000 3.982477
 252.000000 4.074779
 253.000000 4.253326
 254.000000 4.025137
 255.000000 3.539041
 256.000000 3.619185
 257.000000 2.897276
 258.000000 2.846316
 259.000000 3.152101
 260.000000 2.606178
 261.000000 2.528185
 262.000000 3.768706
 263.000000 3.669989
 264.000000 3.174069
 265.000000 1.139255
 266.000000 1.988715
 267.000000 2.824814
 268.000000 3.382291
 269.000000 3.767786
 270.000000 4.115552
 271.000000 3.997476
 272.000000 3.230096
 273.000000 4.291085
 274.000000 3.974618
 275.000000 3.276514
 276.000000 3.143646
 277.000000 3.247504
 278.000000 2.109036
 279.000000 3.245069
 280.000000 3.120863
 281.000000 3.966746
 282.000000 2.612026
 283.000000 2.994972
 284.000000 1.196073
 285.000000 3.594765
 286.000000 3.385492
 287.000000 4.289481
 288.000000 3.423219
 289.000000 1.981666
 290.000000 2.989838
 291.000000 3.595962
 292.000000 3.347805
 293.000000 3.694006
 294.000000 3.505463
 295.000000 3.144018
 296.000000 2.866628
 297.000000 3.323784
 298.000000 2.964314
 299.000000 2.172759
 300.000000 2.206896
 301.000000 2.561868
 302.000000 3.051892
 303.000000 3.635894
 304.000000 4.102605
 305.000000 3.320845
 306.000000 3.574333
 307.000000 3.580701
 308.000000 2.520430
 309.000000 2.576440
 310.000000 2.055158
 311.000000 0.768214
 312.000000 2.397752
 313.000000 3.206127
 314.000000 2.927182
 315.000000 2.642923
 316.000000 3.541699
 317.000000 3.735069
 318.000000 3.511911
 319.000000 2.898909
 320.000000 3.533835
 321.000000 3.089824
 322.000000 2.376144
 323.000000 2.887355
 324.000000 3.226035
 325.000000 3.653883
 326.000000 3.752386
 327.000000 3.477103
 328.000000 2.542701
 329.000000 3.407868
 330.000000 2.360303
 331.000000 2.918703
 332.000000 3.006864
 333.000000 2.442539
 334.000000 1.150966
 335.000000 2.734775
 336.000000 3.622266
 337.000000 3.615930
 338.000000 3.260092
 339.000000 3.601053
 340.000000 4.148171
 341.000000 3.829825
 342.000000 3.656779
 343.000000 3.797260
 344.000000 3.523664
 345.000000 3.444759
 346.000000 3.064786
 347.000000 3.478779
 348.000000 3.811448
 349.000000 3.610217
 350.000000 3.343247
 351.000000 3.215037
 352.000000 3.113261
 353.000000 3.384798
 354.000000 3.588691
 355.000000 2.959820
 356.000000 3.101934
 357.000000 3.236883
 358.000000 2.465484
 359.000000 2.742911
 360.000000 3.304876
 361.000000 3.441693
 362.000000 3.540144
 363.000000 3.911934
 364.000000 4.075812
 365.000000 3.913951
 366.000000 3.707764
 367.000000 3.878580
 368.000000 3.617323
 369.000000 3.912757
 370.000000 4.015850
 371.000000 3.749889
 372.000000 3.415316
 373.000000 3.669518
 374.000000 3.532300
 375.000000 3.557254
 376.000000 3.340809
 377.000000 3.640661
 378.000000 3.604119
 379.000000 3.713671
 380.000000 3.206003
 381.000000 3.118085
 382.000000 3.385839
 383.000000 3.378333
 384.000000 3.479180
 385.000000 3.608811
 386.000000 3.957730
 387.000000 3.846235
 388.000000 3.883776
 389.000000 3.888657
 390.000000 3.939029
 391.000000 4.092978
 392.000000 3.964475
 393.000000 4.058504
 394.000000 4.172307
 395.000000 3.911007
 396.000000 4.028962
 397.000000 3.823125
 398.000000 4.121653
 399.000000 4.065326
 400.000000 4.053500
 401.000000 4.096889
 402.000000 3.820715
 403.000000 4.043282
 404.000000 4.036616
 405.000000 3.966286
 406.000000 3.962594
 407.000000 3.952159
 408.000000 3.949309
 409.000000 3.762199
 410.000000 3.723238
 411.000000 3.958047
 412.000000 3.886661
 413.000000 3.884523
 414.000000 3.947761
 415.000000 3.998615
 416.000000 3.939643
 417.000000 4.081897
 418.000000 4.136243
 419.000000 4.154760
 420.000000 4.099094
 421.000000 4.167867
 422.000000 4.129514
 423.000000 4.268808
 424.000000 4.373036
 425.000000 4.163572
 426.000000 4.318159
 427.000000 4.383698
 428.000000 4.473979
 429.000000 3.035706
 430.000000 4.387743
 431.000000 4.345766
 432.000000 4.528712
 433.000000 4.515900
 434.000000 4.496857
 435.000000 4.379874
 436.000000 4.356531
 437.000000 4.553504
 438.000000 4.445093
 439.000000 4.510905
 440.000000 4.516109
 441.000000 4.226999
 442.000000 4.253970
 443.000000 3.046988
 444.000000 3.494629
 445.000000 3.440260
 446.000000 4.004860
 447.000000 3.936547
 448.000000 2.632539
 449.000000 3.968157
 450.000000 4.353441
 451.000000 4.689236
 452.000000 3.282005
 453.000000 3.731790
 454.000000 2.921065
 455.000000 3.724935
 456.000000 4.312888
 457.000000 3.456431
 458.000000 3.294092
 459.000000 3.833269
 460.000000 3.610913
 461.000000 2.709495
 462.000000 2.936741
 463.000000 3.981101
 464.000000 3.290054
 465.000000 2.990013
 466.000000 3.557854
 467.000000 2.661972
 468.000000 3.274412
 469.000000 3.773745
 470.000000 4.133973
 471.000000 4.340456
 472.000000 3.879654
 473.000000 3.308710
 474.000000 2.662662
 475.000000 2.697498
 476.000000 2.909900
 477.000000 2.306283
 478.000000 0.783760
 479.000000 1.392047
 480.000000 1.440113
 481.000000 1.810505
 482.000000 2.397274
 483.000000 3.430938
 484.000000 3.484754
 485.000000 3.101786
 486.000000 3.301787
 487.000000 3.324272
 488.000000 2.447752
 489.000000 2.167514
 490.000000 2.554629
 491.000000 0.896787
 492.000000 2.128895
 493.000000 2.726462
 494.000000 2.716105
 495.000000 2.978617
 496.000000 2.965595
 497.000000 3.275533
 498.000000 3.507331
 499.000000 3.772850
 500.000000 3.738613
 501.000000 3.940493
 502.000000 3.802873
 503.000000 3.745535
 504.000000 3.499555
 505.000000 2.774361
 506.000000 3.044226
 507.000000 3.065256
 508.000000 1.911850
 509.000000 2.332488
 510.000000 3.118298
 511.000000 3.522859
 512.000000 2.582208
 513.000000 3.011100
 514.000000 3.072422
 515.000000 2.839163
 516.000000 4.318562
 517.000000 3.778470
 518.000000 2.930278
 519.000000 1.639729
 520.000000 2.584232
 521.000000 3.582476
 522.000000 3.524783
 523.000000 1.249003
 524.000000 2.084652
 525.000000 1.895471
 526.000000 1.351132
 527.000000 1.204880
 528.000000 2.483449
 529.000000 2.762098
 530.000000 2.693622
 531.000000 3.453130
 532.000000 3.392424
 533.000000 3.190003
 534.000000 2.329793
 535.000000 2.343343
 536.000000 2.615989
 537.000000 3.126919
 538.000000 2.937205
 539.000000 2.935606
 540.000000 2.608101
 541.000000 3.044565
 542.000000 3.634564
 543.000000 3.048822
 544.000000 3.217065
 545.000000 2.628977
 546.000000 3.002771
 547.000000 3.226090
 548.000000 3.394729
 549.000000 3.446853
 550.000000 3.427459
 551.000000 3.390560
 552.000000 3.518383
 553.000000 3.447385
 554.000000 3.567865
 555.000000 3.602882
 556.000000 3.602522
 557.000000 3.174250
 558.000000 3.158455
 559.000000 3.372787
 560.000000 3.265334
 561.000000 3.304498
 562.000000 3.110389
 563.000000 3.120545
 564.000000 3.082648
 565.000000 2.857151
 566.000000 2.875228
 567.000000 2.969901
 568.000000 3.017903
 569.000000 2.545793
 570.000000 1.938788
 571.000000 1.917454
 572.000000 2.630004
 573.000000 2.416233
 574.000000 2.669354
 575.000000 2.648261
 576.000000 2.545506
 577.000000 1.939103
 578.000000 2.544752
 579.000000 3.609653
 580.000000 2.731449
 581.000000 3.441923
 582.000000 3.409397
 583.000000 2.984275
 584.000000 3.020048
 585.000000 1.614877
 586.000000 2.737234
 587.000000 2.785386
 588.000000 3.059851
 589.000000 3.246752
 590.000000 3.744582
 591.000000 2.765397
 592.000000 3.944870
 593.000000 4.204688
 594.000000 4.114631
 595.000000 4.285325
 596.000000 4.305093
 597.000000 4.557912
 598.000000 4.254862
 599.000000 4.273834
 600.000000 4.275534
 601.000000 4.671309
 602.000000 4.653244
 603.000000 4.540526
 604.000000 4.570177
 605.000000 4.402391
 606.000000 4.462195
 607.000000 4.499546
 608.000000 4.522456
 609.000000 4.465558
 610.000000 4.450588
 611.000000 4.516609
 612.000000 4.386335
 613.000000 4.598226
 614.000000 4.558018
 615.000000 4.664227
 616.000000 4.626627
 617.000000 4.617053
 618.000000 4.197327
 619.000000 4.678905
 620.000000 4.544731
 621.000000 4.569402
 622.000000 4.743375
 623.000000 4.716669
 624.000000 3.773910
 625.000000 4.786692
 626.000000 4.695571
 627.000000 3.421953
 628.000000 4.678763
 629.000000 3.273472
 630.000000 3.407690
 631.000000 3.432330
 632.000000 3.248984
 633.000000 3.316918
 634.000000 4.808935
 635.000000 4.781758
 636.000000 4.775613
 637.000000 3.368895
 638.000000 3.301260
 639.000000 4.775828
 640.000000 4.735836
 641.000000 3.392144
 642.000000 4.922096
 643.000000 3.424753
 644.000000 3.120702
 645.000000 3.304820
 646.000000 4.943415
 647.000000 4.906355
 648.000000 3.321781
 649.000000 3.249543
 650.000000 3.207548
 651.000000 3.464455
 652.000000 3.585959
 653.000000 4.573422
 654.000000 4.733071
 655.000000 4.831397
 656.000000 4.778146
 657.000000 4.780296
 658.000000 4.498386
 659.000000 4.255365
 660.000000 3.842843
 661.000000 3.696886
 662.000000 3.811104
 663.000000 3.803766
 664.000000 3.766503
 665.000000 3.897807
 666.000000 3.595194
 667.000000 3.636296
 668.000000 3.727693
 669.000000 3.775510
 670.000000 3.579246
 671.000000 3.516232
 672.000000 3.730450
 673.000000 3.700332
 674.000000 3.663230
 675.000000 3.857954
 676.000000 3.844882
 677.000000 3.755742
 678.000000 3.940245
 679.000000 4.108774
 680.000000 4.029591
 681.000000 3.848542
 682.000000 3.754955
 683.000000 3.857886
 684.000000 3.729528
 685.000000 3.596514
 686.000000 3.747724
 687.000000 3.587273
 688.000000 3.789297
 689.000000 3.920967
 690.000000 4.016904
 691.000000 3.876054
 692.000000 3.752654
 693.000000 3.831931
 694.000000 3.485950
 695.000000 3.845028
 696.000000 3.591293
 697.000000 3.766654
 698.000000 3.864499
 699.000000 3.876433
 700.000000 3.697986
 701.000000 3.480571
 702.000000 3.161544
 703.000000 2.880818
 704.000000 3.487447
 705.000000 2.587095
 706.000000 2.990960
 707.000000 3.316959
 708.000000 3.325398
 709.000000 3.794462
 710.000000 3.961299
 711.000000 3.622909
 712.000000 3.366482
 713.000000 4.012748
 714.000000 3.478377
 715.000000 3.679077
 716.000000 3.634476
 717.000000 3.619350
 718.000000 3.071047
 719.000000 2.668237
 720.000000 2.559019
 721.000000 1.023049
 722.000000 2.917017
 723.000000 3.260014
 724.000000 1.424242
 725.000000 1.563251
 726.000000 3.524284
 727.000000 3.337643
 728.000000 3.571904
 729.000000 2.832390
 730.000000 3.245212
 731.000000 2.858223
 732.000000 1.811780
 733.000000 2.649549
 734.000000 4.693410
 735.000000 4.734842
 736.000000 4.127369
 737.000000 3.586956
 738.000000 3.669506
 739.000000 3.375550
 740.000000 3.557971
 741.000000 2.993219
 742.000000 3.872250
 743.000000 3.475699
 744.000000 3.475760
 745.000000 3.083812
 746.000000 3.297610
 747.000000 3.070788
 748.000000 3.581580
 749.000000 3.237324
 750.000000 3.968722
 751.000000 3.397244
 752.000000 3.522026
 753.000000 3.817334
 754.000000 3.647872
 755.000000 3.139460
 756.000000 3.812637
 757.000000 2.355479
 758.000000 1.880146
 759.000000 2.465320
 760.000000 1.717137
 761.000000 1.729590
 762.000000 1.368612
 763.000000 1.646028
 764.000000 2.647620
 765.000000 3.039819
 766.000000 3.075264
 767.000000 3.597005
 768.000000 3.999877
 769.000000 3.592998
 770.000000 3.645679
 771.000000 3.858514
 772.000000 4.070373
 773.000000 3.736170
 774.000000 3.386992
 775.000000 2.776061
 776.000000 2.966444
 777.000000 3.263989
 778.000000 2.806053
 779.000000 2.802417
 780.000000 3.477809
 781.000000 3.026231
 782.000000 3.148020
 783.000000 2.749508
 784.000000 2.899084
 785.000000 3.256918
 786.000000 3.710704
 787.000000 3.054804
 788.000000 3.184271
 789.000000 3.610963
 790.000000 3.446954
 791.000000 3.343741
 792.000000 3.467690
 793.000000 4.024293
 794.000000 4.396068
 795.000000 3.946118
 796.000000 3.562108
 797.000000 4.085182
 798.000000 4.044028
 799.000000 3.362722
 800.000000 3.102643
 801.000000 2.722123
 802.000000 1.921918
 803.000000 2.721911
 804.000000 2.759618
 805.000000 2.500003
 806.000000 2.188075
 807.000000 1.472466
 808.000000 1.690020
 809.000000 2.298833
 810.000000 2.335168
 811.000000 2.712865
 812.000000 2.830231
 813.000000 2.882618
 814.000000 3.415191
 815.000000 3.048807
 816.000000 3.593591
 817.000000 4.114510
 818.000000 3.881843
 819.000000 4.170868
 820.000000 3.722112
 821.000000 3.581172
 822.000000 3.235158
 823.000000 3.457378
 824.000000 3.190226
 825.000000 2.961700
 826.000000 3.128972
 827.000000 3.194821
 828.000000 2.787051
 829.000000 3.396552
 830.000000 3.430121
 831.000000 3.486128
 832.000000 3.173330
 833.000000 3.375015
 834.000000 3.289004
 835.000000 3.523515
 836.000000 3.533898
 837.000000 3.242535
 838.000000 3.604353
 839.000000 3.321621
 840.000000 3.473760
 841.000000 3.905987
 842.000000 2.868248
 843.000000 3.151728
 844.000000 3.806373
 845.000000 3.611859
 846.000000 3.572328
 847.000000 3.720662
 848.000000 3.376638
 849.000000 4.039468
 850.000000 4.212709
 851.000000 3.783564
 852.000000 3.784418
 853.000000 3.092565
 854.000000 3.154088
 855.000000 4.685724
 856.000000 3.814969
 857.000000 3.470523
 858.000000 4.020461
 859.000000 3.472584
 860.000000 2.962307
 861.000000 2.906767
 862.000000 2.641959
 863.000000 2.921179
 864.000000 3.349261
 865.000000 3.550402
 866.000000 3.384131
 867.000000 3.887867
 868.000000 3.131287
 869.000000 2.845758
 870.000000 3.563305
 871.000000 3.297315
 872.000000 3.179354
 873.000000 3.764182
 874.000000 3.454560
 875.000000 3.652360
 876.000000 3.410280
 877.000000 3.156052
 878.000000 2.508799
 879.000000 3.772876
 880.000000 3.006376
 881.000000 4.265731
 882.000000 3.372405
 883.000000 3.690337
 884.000000 3.147076
 885.000000 3.781776
 886.000000 3.310712
 887.000000 3.856823
 888.000000 2.849885
 889.000000 3.204597
 890.000000 3.127747
 891.000000 3.168507
 892.000000 3.502989
 893.000000 3.471336
 894.000000 3.517254
 895.000000 3.351639
 896.000000 3.011824
 897.000000 3.175584
 898.000000 3.178737
 899.000000 3.121921
 900.000000 2.845506
 901.000000 2.944640
 902.000000 3.193454
 903.000000 3.781462
 904.000000 3.737243
 905.000000 3.600129
 906.000000 2.811587
 907.000000 1.747439
 908.000000 1.103896
 909.000000 1.051064
 910.000000 1.161740
 911.000000 1.129464
 912.000000 1.106547
 913.000000 1.200772
 914.000000 1.060566
 915.000000 1.086398
 916.000000 1.084687
 917.000000 1.284804
 918.000000 1.231596
 919.000000 1.303429
 920.000000 1.494763
 921.000000 1.665762
 922.000000 1.705258
 923.000000 2.062113
 924.000000 2.237363
 925.000000 1.692989
 926.000000 2.028453
 927.000000 1.888645
 928.000000 1.779846
 929.000000 1.791221
 930.000000 2.053774
 931.000000 1.995949
 932.000000 1.789713
 933.000000 1.764466
 934.000000 2.101405
 935.000000 1.573279
 936.000000 1.667023
 937.000000 1.525886
 938.000000 1.913156
 939.000000 1.948845
 940.000000 1.985259
 941.000000 1.627099
 942.000000 1.639900
 943.000000 1.516551
 944.000000 1.372893
 945.000000 1.237118
 946.000000 1.488349
 947.000000 1.180142
 948.000000 1.178566
 949.000000 1.529975
 950.000000 1.386471
 951.000000 1.384982
 952.000000 1.459998
 953.000000 1.841233
 954.000000 2.018935
 955.000000 2.272949
 956.000000 2.207900
 957.000000 2.235288
 958.000000 2.180980
 959.000000 2.017288
 960.000000 1.968491
 961.000000 1.983894
 962.000000 2.135655
 963.000000 1.905468
 964.000000 1.597266
 965.000000 2.021188
 966.000000 1.959601
 967.000000 2.037908
 968.000000 2.011069
 969.000000 2.125487
 970.000000 1.993853
 971.000000 1.826609
 972.000000 1.884339
 973.000000 2.109845
 974.000000 1.959751
 975.000000 1.922068
 976.000000 2.117304
 977.000000 2.010912
 978.000000 2.721891
 979.000000 2.824130
 980.000000 2.783677
 981.000000 1.871502
 982.000000 3.437046
 983.000000 3.163450
 984.000000 2.772412
 985.000000 3.863296
 986.000000 3.208907
 987.000000 3.726155
 988.000000 3.598083
 989.000000 3.156544
 990.000000 2.494073
 991.000000 2.358211
 992.000000 3.735663
 993.000000 3.759052
 994.000000 3.637787
 995.000000 2.894771
 996.000000 3.191893
 997.000000 2.979531
 998.000000 1.025574
 999.000000 1.918554
 1000.000000 2.114157
 1001.000000 1.021620
 1002.000000 0.507832
 1003.000000 1.201433
 1004.000000 1.666800
 1005.000000 1.672135
 1006.000000 1.587817
 1007.000000 1.553182
 1008.000000 1.558838
 1009.000000 2.034504
 1010.000000 1.766523
 1011.000000 1.545738
 1012.000000 2.328845
 1013.000000 2.440692
 1014.000000 2.413354
 1015.000000 2.554159
 1016.000000 2.446528
 1017.000000 2.261146
 1018.000000 2.334398
 1019.000000 2.152749
 1020.000000 2.009691
 1021.000000 2.049036
 1022.000000 2.006126
 1023.000000 1.859123
 1024.000000 1.946949
 1025.000000 1.824952
 1026.000000 1.794365
 1027.000000 2.053887
 1028.000000 2.000110
 1029.000000 1.883861
 1030.000000 1.855657
 1031.000000 2.156295
 1032.000000 1.928361
 1033.000000 2.037927
 1034.000000 2.012058
 1035.000000 2.086911
 1036.000000 2.113414
 1037.000000 2.076866
 1038.000000 2.141698
 1039.000000 2.113769
 1040.000000 1.852649
 1041.000000 2.835943
 1042.000000 2.883554
 1043.000000 3.533419
 1044.000000 3.120682
 1045.000000 3.686088
 1046.000000 3.689341
 1047.000000 3.768748
 1048.000000 4.002477
 1049.000000 4.019353
 1050.000000 4.159073
 1051.000000 3.963901
 1052.000000 3.798556
 1053.000000 3.387827
 1054.000000 3.710391
 1055.000000 3.564288
 1056.000000 2.918690
 1057.000000 3.163449
 1058.000000 3.768268
 1059.000000 3.650423
 1060.000000 3.472606
 1061.000000 3.622644
 1062.000000 3.610604
 1063.000000 3.700459
 1064.000000 4.407483
 1065.000000 4.185177
 1066.000000 3.886528
 1067.000000 3.293043
 1068.000000 3.687905
 1069.000000 3.849417
 1070.000000 3.758848
 1071.000000 3.747571
 1072.000000 3.128407
 1073.000000 3.380850
 1074.000000 2.183988
 1075.000000 2.238426
 1076.000000 1.352584
 1077.000000 2.017698
 1078.000000 3.363718
 1079.000000 3.676881
 1080.000000 2.982336
 1081.000000 0.700356
 1082.000000 0.885122
 1083.000000 2.337986
 1084.000000 2.943355
 1085.000000 1.918276
 1086.000000 3.561167
 1087.000000 3.496780
 1088.000000 3.309596
 1089.000000 4.391862
 1090.000000 4.281447
 1091.000000 3.825494
 1092.000000 3.015063
 1093.000000 3.446169
 1094.000000 3.061065
 1095.000000 3.081327
 1096.000000 3.013848
 1097.000000 4.074057
 1098.000000 3.696236
 1099.000000 3.424457
 1100.000000 3.448921
 1101.000000 3.351541
 1102.000000 2.800396
 1103.000000 2.470119
 1104.000000 2.593979
 1105.000000 3.194752
 1106.000000 3.158476
 1107.000000 2.875139
 1108.000000 2.567025
 1109.000000 2.242783
 1110.000000 2.487502
 1111.000000 2.345753
 1112.000000 2.223622
 1113.000000 2.201414
 1114.000000 2.281834
 1115.000000 2.433257
 1116.000000 2.264343
 1117.000000 2.093900
 1118.000000 2.231489
 1119.000000 2.448656
 1120.000000 2.356277
 1121.000000 2.214646
 1122.000000 2.338897
 1123.000000 2.342253
 1124.000000 2.331632
 1125.000000 2.407270
 1126.000000 2.581888
 1127.000000 2.376552
 1128.000000 2.375018
 1129.000000 2.413082
 1130.000000 2.581868
 1131.000000 2.558679
 1132.000000 2.551137
 1133.000000 2.638298
 1134.000000 2.464762
 1135.000000 2.463730
 1136.000000 2.542932
 1137.000000 2.480368
 1138.000000 2.519171
 1139.000000 2.512435
 1140.000000 2.656552
 1141.000000 2.500826
 1142.000000 2.411277
 1143.000000 2.703641
 1144.000000 2.805467
 1145.000000 2.704620
 1146.000000 2.650418
 1147.000000 2.638091
 1148.000000 2.650044
 1149.000000 2.496199
 1150.000000 2.594101
 1151.000000 2.645064
 1152.000000 2.802475
 1153.000000 2.674543
 1154.000000 2.601676
 1155.000000 2.668507
 1156.000000 2.790842
 1157.000000 2.661262
 1158.000000 2.586796
 1159.000000 2.463318
 1160.000000 2.360055
 1161.000000 2.369983
 1162.000000 2.687262
 1163.000000 2.519350
 1164.000000 2.626355
 1165.000000 2.798297
 1166.000000 2.890301
 1167.000000 2.639497
 1168.000000 2.538974
 1169.000000 2.611364
 1170.000000 2.753127
 1171.000000 2.906331
 1172.000000 2.830863
 1173.000000 2.706349
 1174.000000 2.862740
 1175.000000 2.517907
 1176.000000 2.420608
 1177.000000 2.436701
 1178.000000 2.453720
 1179.000000 2.355764
 1180.000000 2.323685
 1181.000000 2.487638
 1182.000000 2.583193
 1183.000000 2.696775
 1184.000000 2.596052
 1185.000000 2.722412
 1186.000000 2.523698
 1187.000000 2.629394
 1188.000000 2.525028
 1189.000000 2.401172
 1190.000000 2.648084
 1191.000000 2.637085
 1192.000000 2.628799
 1193.000000 2.611777
 1194.000000 2.805855
 1195.000000 2.780129
 1196.000000 2.794955
 1197.000000 2.661208
 1198.000000 2.676398
 1199.000000 2.770466
 1200.000000 2.819940
 1201.000000 2.938260
 1202.000000 2.769783
 1203.000000 2.865007
 1204.000000 2.773765
 1205.000000 2.890444
 1206.000000 2.936687
 1207.000000 2.856256
 1208.000000 2.961878
 1209.000000 3.025630
 1210.000000 2.952728
 1211.000000 2.928482
 1212.000000 2.974843
 1213.000000 2.960642
 1214.000000 2.992428
 1215.000000 3.252565
 1216.000000 3.139490
 1217.000000 2.941605
 1218.000000 2.814874
 1219.000000 2.730151
 1220.000000 2.908945
 1221.000000 2.826499
 1222.000000 2.856941
 1223.000000 2.728906
 1224.000000 3.120408
 1225.000000 3.025020
 1226.000000 3.064409
 1227.000000 2.992187
 1228.000000 3.333034
 1229.000000 3.036946
 1230.000000 3.237986
 1231.000000 2.838555
 1232.000000 2.768148
 1233.000000 2.969979
 1234.000000 3.112584
 1235.000000 3.303692
 1236.000000 3.186984
 1237.000000 3.549135
 1238.000000 3.330323
 1239.000000 3.082343
 1240.000000 2.823611
 1241.000000 2.654189
 1242.000000 2.465255
 1243.000000 2.555897
 1244.000000 2.605295
 1245.000000 2.890038
 1246.000000 2.421789
 1247.000000 2.462364
 1248.000000 2.348964
 1249.000000 2.366715
 1250.000000 2.380540
 1251.000000 2.648381
 1252.000000 2.260183
 1253.000000 2.524417
 1254.000000 2.031614
 1255.000000 2.411485
 1256.000000 2.670834
 1257.000000 2.779991
 1258.000000 2.962085
 1259.000000 3.221551
 1260.000000 3.232735
 1261.000000 3.256323
 1262.000000 3.386683
 1263.000000 3.244181
 1264.000000 3.274307
 1265.000000 3.211579
 1266.000000 2.993843
 1267.000000 2.929096
 1268.000000 3.090926
 1269.000000 2.759599
 1270.000000 2.755346
 1271.000000 2.938548
 1272.000000 2.818208
 1273.000000 2.772558
 1274.000000 3.269917
 1275.000000 3.288929
 1276.000000 3.026519
 1277.000000 3.022530
 1278.000000 3.274237
 1279.000000 2.863679
 1280.000000 2.185418
 1281.000000 2.734467
 1282.000000 2.442796
 1283.000000 2.666923
 1284.000000 2.584543
 1285.000000 2.759248
 1286.000000 2.939180
 1287.000000 2.964172
 1288.000000 2.922012
 1289.000000 2.806692
 1290.000000 2.504789
 1291.000000 2.526580
 1292.000000 2.710213
 1293.000000 2.504373
 1294.000000 2.864919
 1295.000000 2.495267
 1296.000000 2.515575
 1297.000000 2.575781
 1298.000000 2.456854
 1299.000000 2.475649
 1300.000000 2.912596
 1301.000000 2.561154
 1302.000000 2.447085
 1303.000000 2.365944
 1304.000000 2.485427
 1305.000000 2.639340
 1306.000000 2.617661
 1307.000000 2.680494
 1308.000000 2.679631
 1309.000000 2.573354
 1310.000000 2.812829
 1311.000000 2.840019
 1312.000000 2.709694
 1313.000000 2.628790
 1314.000000 2.650949
 1315.000000 2.589897
 1316.000000 2.499145
 1317.000000 2.675251
 1318.000000 2.662832
 1319.000000 2.768510
 1320.000000 2.692892
 1321.000000 2.735979
 1322.000000 2.786086
 1323.000000 2.760964
 1324.000000 2.739570
 1325.000000 2.652207
 1326.000000 2.527814
 1327.000000 2.631313
 1328.000000 2.612760
 1329.000000 2.719024
 1330.000000 2.617430
 1331.000000 2.539960
 1332.000000 2.570881
 1333.000000 2.606567
 1334.000000 2.813767
 1335.000000 2.429940
 1336.000000 2.631256
 1337.000000 2.762555
 1338.000000 3.069136
 1339.000000 2.855344
 1340.000000 2.682707
 1341.000000 2.650002
 1342.000000 2.568068
 1343.000000 2.653195
 1344.000000 2.791394
 1345.000000 3.002701
 1346.000000 3.168495
 1347.000000 3.191857
 1348.000000 3.260552
 1349.000000 3.193199
 1350.000000 3.318808
 1351.000000 3.305541
 1352.000000 3.556258
 1353.000000 3.356615
 1354.000000 3.482849
 1355.000000 3.512494
 1356.000000 3.670769
 1357.000000 3.850249
 1358.000000 3.656588
 1359.000000 3.596832
 1360.000000 3.813284
 1361.000000 3.723558
 1362.000000 3.654409
 1363.000000 3.804070
 1364.000000 3.713922
 1365.000000 3.841038
 1366.000000 3.826172
 1367.000000 3.812222
 1368.000000 3.835393
 1369.000000 3.880534
 1370.000000 3.756619
 1371.000000 3.693946
 1372.000000 3.680994
 1373.000000 3.611176
 1374.000000 3.355336
 1375.000000 3.675022
 1376.000000 3.448065
 1377.000000 3.282975
 1378.000000 3.622072
 1379.000000 3.383103
 1380.000000 3.466398
 1381.000000 3.357448
 1382.000000 3.480538
 1383.000000 3.810198
 1384.000000 3.673959
 1385.000000 3.611847
 1386.000000 3.506249
 1387.000000 3.730814
 1388.000000 3.801776
 1389.000000 3.763171
 1390.000000 3.708154
 1391.000000 3.721015
 1392.000000 3.882277
 1393.000000 3.910101
 1394.000000 3.794827
 1395.000000 3.811653
 1396.000000 3.698033
 1397.000000 3.622919
 1398.000000 3.486980
 1399.000000 3.347541
 1400.000000 3.622730
 1401.000000 3.465515
 1402.000000 3.529480
 1403.000000 3.416253
 1404.000000 3.363884
 1405.000000 3.211948
 1406.000000 3.437076
 1407.000000 3.043554
 1408.000000 2.831759
 1409.000000 3.043142
 1410.000000 2.819505
 1411.000000 2.772290
 1412.000000 2.941747
 1413.000000 2.618972
 1414.000000 2.676003
 1415.000000 2.506429
 1416.000000 2.465789
 1417.000000 2.424119
 1418.000000 2.794952
 1419.000000 2.994197
 1420.000000 2.318271
 1421.000000 2.450206
 1422.000000 2.655187
 1423.000000 2.860526
 1424.000000 2.823301
 1425.000000 3.004130
 1426.000000 2.611539
 1427.000000 2.594983
 1428.000000 2.478854
 1429.000000 2.871428
 1430.000000 2.447475
 1431.000000 2.689288
 1432.000000 2.934929
 1433.000000 3.097506
 1434.000000 2.947916
 1435.000000 2.711171
 1436.000000 2.694801
 1437.000000 2.527290
 1438.000000 2.794611
 1439.000000 2.706305
 1440.000000 2.464314
 1441.000000 2.363847
 1442.000000 2.456394
 1443.000000 2.223890
 1444.000000 2.366986
 1445.000000 2.368747
 1446.000000 2.928328
 1447.000000 2.871830
 1448.000000 2.650181
 1449.000000 3.066627
 1450.000000 3.165240
 1451.000000 3.095534
 1452.000000 3.038687
 1453.000000 3.083857
 1454.000000 3.352029
 1455.000000 3.330787
 1456.000000 3.588048
 1457.000000 3.531111
 1458.000000 3.306248
 1459.000000 3.395918
 1460.000000 3.496217
 1461.000000 3.395980
 1462.000000 3.388305
 1463.000000 3.383362
 1464.000000 3.184310
 1465.000000 3.317865
 1466.000000 3.241180
 1467.000000 3.354742
 1468.000000 3.263257
 1469.000000 3.212537
 1470.000000 3.164118
 1471.000000 3.304074
 1472.000000 3.253526
 1473.000000 3.206164
 1474.000000 3.137025
 1475.000000 2.927885
 1476.000000 2.774082
 1477.000000 2.853106
 1478.000000 2.899566
 1479.000000 2.889500
 1480.000000 2.924898
 1481.000000 2.830654
 1482.000000 2.723582
 1483.000000 2.846460
 1484.000000 2.806564
 1485.000000 2.749778
 1486.000000 2.814931
 1487.000000 2.962335
 1488.000000 2.983363
 1489.000000 3.037783
 1490.000000 3.078526
 1491.000000 3.076889
 1492.000000 3.067519
 1493.000000 2.956316
 1494.000000 3.050299
 1495.000000 3.261820
 1496.000000 3.098332
 1497.000000 3.199676
 1498.000000 3.090296
 1499.000000 3.111943
 1500.000000 3.243310
 1501.000000 3.148782
 1502.000000 3.268841
 1503.000000 3.326081
 1504.000000 3.301332
 1505.000000 3.385043
 1506.000000 3.312659
 1507.000000 3.170566
 1508.000000 2.904110
 1509.000000 3.249951
 1510.000000 3.118336
 1511.000000 2.910061
 1512.000000 2.850378
 1513.000000 2.935032
 1514.000000 3.016644
 1515.000000 3.027795
 1516.000000 3.184346
 1517.000000 3.171614
 1518.000000 3.251053
 1519.000000 3.023546
 1520.000000 3.014481
 1521.000000 3.206317
 1522.000000 3.169451
 1523.000000 3.009441
 1524.000000 2.886288
 1525.000000 2.999077
 1526.000000 2.718349
 1527.000000 2.863019
 1528.000000 3.119609
 1529.000000 3.155312
 1530.000000 3.230294
 1531.000000 3.160389
 1532.000000 3.268952
 1533.000000 3.384274
 1534.000000 3.481260
 1535.000000 3.278385
 1536.000000 3.143394
 1537.000000 3.291764
 1538.000000 3.440834
 1539.000000 3.316689
 1540.000000 3.513867
 1541.000000 3.442256
 1542.000000 3.515041
 1543.000000 3.463243
 1544.000000 3.764028
 1545.000000 3.880167
 1546.000000 3.907887
 1547.000000 3.722035
 1548.000000 3.879180
 1549.000000 3.931589
 1550.000000 4.012225
 1551.000000 4.144731
 1552.000000 4.065857
 1553.000000 4.093035
 1554.000000 4.139535
 1555.000000 4.084275
 1556.000000 3.915823
 1557.000000 3.943252
 1558.000000 3.711895
 1559.000000 3.638582
 1560.000000 3.224422
 1561.000000 3.119537
 1562.000000 3.253876
 1563.000000 3.022820
 1564.000000 3.130815
 1565.000000 3.267608
 1566.000000 3.362110
 1567.000000 3.434368
 1568.000000 3.459524
 1569.000000 3.558071
 1570.000000 3.710784
 1571.000000 3.688518
 1572.000000 3.724930
 1573.000000 3.612034
 1574.000000 3.746992
 1575.000000 3.686778
 1576.000000 3.728847
 1577.000000 3.439829
 1578.000000 3.227566
 1579.000000 3.277746
 1580.000000 3.293763
 1581.000000 3.150211
 1582.000000 3.138803
 1583.000000 2.759861
 1584.000000 3.297075
 1585.000000 3.325743
 1586.000000 3.408747
 1587.000000 3.502673
 1588.000000 3.404220
 1589.000000 3.492672
 1590.000000 3.616979
 1591.000000 3.749608
 1592.000000 3.661327
 1593.000000 3.625536
 1594.000000 3.628468
 1595.000000 3.631630
 1596.000000 3.548757
 1597.000000 3.400304
 1598.000000 3.110716
 1599.000000 3.016797
 1600.000000 2.964773
 1601.000000 3.037103
 1602.000000 2.980751
 1603.000000 2.768209
 1604.000000 2.894073
 1605.000000 2.903467
 1606.000000 2.829573
 1607.000000 3.144963
 1608.000000 3.225610
 1609.000000 3.322207
 1610.000000 3.314725
 1611.000000 3.308408
 1612.000000 3.102376
 1613.000000 3.067966
 1614.000000 3.147415
 1615.000000 3.029532
 1616.000000 3.070003
 1617.000000 3.090418
 1618.000000 2.997845
 1619.000000 2.929146
 1620.000000 2.941244
 1621.000000 2.929631
 1622.000000 2.933297
 1623.000000 3.254147
 1624.000000 3.271435
 1625.000000 3.066431
 1626.000000 3.204595
 1627.000000 3.167593
 1628.000000 2.788258
 1629.000000 2.747246
 1630.000000 2.942059
 1631.000000 2.998644
 1632.000000 2.812321
 1633.000000 2.852773
 1634.000000 2.917308
 1635.000000 2.864094
 1636.000000 2.742974
 1637.000000 2.500825
 1638.000000 2.411621
 1639.000000 2.214312
 1640.000000 2.456827
 1641.000000 2.640674
 1642.000000 2.690328
 1643.000000 2.506375
 1644.000000 2.757199
 1645.000000 2.585608
 1646.000000 2.742931
 1647.000000 2.926257
 1648.000000 3.020095
 1649.000000 2.863326
 1650.000000 2.806508
 1651.000000 2.852842
 1652.000000 2.820997
 1653.000000 2.794307
 1654.000000 3.001296
 1655.000000 3.045286
 1656.000000 3.213247
 1657.000000 3.428588
 1658.000000 3.316547
 1659.000000 3.368414
 1660.000000 3.340893
 1661.000000 3.233711
 1662.000000 3.277979
 1663.000000 3.128575
 1664.000000 3.115707
 1665.000000 3.020967
 1666.000000 2.748564
 1667.000000 2.627102
 1668.000000 2.434819
 1669.000000 2.448582
 1670.000000 2.336960
 1671.000000 2.308482
 1672.000000 2.303327
 1673.000000 2.393728
 1674.000000 2.192790
 1675.000000 2.082712
 1676.000000 1.972219
 1677.000000 1.948139
 1678.000000 1.532709
 1679.000000 2.361961
 1680.000000 2.347621
 1681.000000 2.606768
 1682.000000 2.716022
 1683.000000 2.462018
 1684.000000 2.037588
 1685.000000 1.115847
 1686.000000 0.371737
 1687.000000 0.630787
 1688.000000 0.427034
 1689.000000 1.014521
 1690.000000 3.760264
 1691.000000 3.964863
 1692.000000 3.439035
 1693.000000 3.902333
 1694.000000 3.787379
 1695.000000 3.430639
 1696.000000 3.104716
 1697.000000 2.783268
 1698.000000 2.749872
 1699.000000 1.870263
 1700.000000 2.275912
 1701.000000 2.367974
 1702.000000 3.490987
 1703.000000 3.839970
 1704.000000 4.532457
 1705.000000 4.476665
 1706.000000 3.060937
 1707.000000 2.545350
 1708.000000 2.272372
 1709.000000 3.631742
 1710.000000 3.291035
 1711.000000 3.620599
 1712.000000 3.721144
 1713.000000 3.426711
 1714.000000 3.338502
 1715.000000 4.194190
 1716.000000 3.282393
 1717.000000 4.276175
 1718.000000 3.665163
 1719.000000 3.494755
 1720.000000 3.926854
 1721.000000 4.171938
 1722.000000 3.428775
 1723.000000 2.839471
 1724.000000 3.065648
 1725.000000 2.371773
 1726.000000 2.682499
 1727.000000 2.311952
 1728.000000 2.279056
 1729.000000 2.338359
 1730.000000 2.129969
 1731.000000 2.192444
 1732.000000 1.713956
 1733.000000 1.838325
 1734.000000 1.822178
 1735.000000 2.013271
 1736.000000 2.287237
 1737.000000 1.713993
 1738.000000 2.450507
 1739.000000 2.432103
 1740.000000 2.034958
 1741.000000 1.891075
 1742.000000 3.516745
 1743.000000 2.105833
 1744.000000 2.680290
 1745.000000 1.802541
 1746.000000 1.606301
 1747.000000 2.531535
 1748.000000 3.221776
 1749.000000 2.425101
 1750.000000 2.176170
 1751.000000 2.389847
 1752.000000 2.449342
 1753.000000 2.244098
 1754.000000 2.107859
 1755.000000 2.300332
 1756.000000 1.643715
 1757.000000 1.899221
 1758.000000 2.040013
 1759.000000 2.219743
 1760.000000 1.825573
 1761.000000 2.200662
 1762.000000 1.693411
 1763.000000 1.687143
 1764.000000 1.243437
 1765.000000 0.560166
 1766.000000 1.739194
 1767.000000 1.104511
 1768.000000 1.234636
 1769.000000 1.757614
 1770.000000 3.439710
 1771.000000 4.605638
 1772.000000 4.689672
 1773.000000 3.430109
 1774.000000 2.945439
 1775.000000 2.277529
 1776.000000 3.201005
 1777.000000 2.621418
 1778.000000 3.882945
 1779.000000 2.481478
 1780.000000 2.806516
 1781.000000 3.216766
 1782.000000 3.671974
 1783.000000 3.364328
 1784.000000 4.278672
 1785.000000 2.723360
 1786.000000 2.603142
 1787.000000 2.536624
 1788.000000 2.603264
 1789.000000 3.556094
 1790.000000 2.959454
 1791.000000 3.591995
 1792.000000 3.463739
 1793.000000 3.889738
 1794.000000 3.642127
 1795.000000 3.494839
 1796.000000 3.581258
 1797.000000 3.394253
 1798.000000 2.828605
 1799.000000 2.633015
 1800.000000 2.897157
 1801.000000 2.541502
 1802.000000 3.576490
 1803.000000 3.458850
 1804.000000 2.795947
 1805.000000 2.319898
 1806.000000 1.825625
 1807.000000 1.941938
 1808.000000 2.438646
 1809.000000 2.649600
 1810.000000 3.146788
 1811.000000 3.140497
 1812.000000 3.075431
 1813.000000 2.923553
 1814.000000 2.997121
 1815.000000 3.000741
 1816.000000 2.790837
 1817.000000 3.110855
 1818.000000 2.578904
 1819.000000 2.907580
 1820.000000 2.912539
 1821.000000 3.157456
 1822.000000 3.077998
 1823.000000 2.669694
 1824.000000 2.455764
 1825.000000 2.437886
 1826.000000 2.630562
 1827.000000 2.354806
 1828.000000 2.326498
 1829.000000 2.554544
 1830.000000 1.344602
 1831.000000 0.648535
 1832.000000 3.305080
 1833.000000 3.030186
 1834.000000 2.967797
 1835.000000 2.970970
 1836.000000 1.855044
 1837.000000 2.792461
 1838.000000 2.676941
 1839.000000 2.943828
 1840.000000 3.376096
 1841.000000 3.203180
 1842.000000 3.248981
 1843.000000 3.144614
 1844.000000 3.167705
 1845.000000 3.152495
 1846.000000 3.208821
 1847.000000 3.696493
 1848.000000 3.108819
 1849.000000 3.827462
 1850.000000 3.642286
 1851.000000 3.375015
 1852.000000 3.174426
 1853.000000 3.754768
 1854.000000 3.176931
 1855.000000 3.371537
 1856.000000 2.880586
 1857.000000 3.217193
 1858.000000 2.534005
 1859.000000 3.198038
 1860.000000 3.643283
 1861.000000 3.816326
 1862.000000 3.375885
 1863.000000 4.021370
 1864.000000 3.100231
 1865.000000 4.007245
 1866.000000 3.247148
 1867.000000 3.041262
 1868.000000 3.120360
 1869.000000 2.880829
 1870.000000 2.892441
 1871.000000 3.570419
 1872.000000 3.241620
 1873.000000 3.834173
 1874.000000 4.001271
 1875.000000 3.859718
 1876.000000 3.439616
 1877.000000 3.392785
 1878.000000 3.229413
 1879.000000 3.392334
 1880.000000 3.666490
 1881.000000 3.090739
 1882.000000 3.325804
 1883.000000 3.648580
 1884.000000 3.753901
 1885.000000 3.364819
 1886.000000 3.436237
 1887.000000 3.494743
 1888.000000 3.540413
 1889.000000 3.393510
 1890.000000 3.790133
 1891.000000 4.345591
 1892.000000 3.823914
 1893.000000 3.515789
 1894.000000 3.976985
 1895.000000 4.147550
 1896.000000 4.237496
 1897.000000 4.235622
 1898.000000 4.531251
 1899.000000 4.006708
 1900.000000 3.827997
 1901.000000 3.776005
 1902.000000 3.733964
 1903.000000 3.653108
 1904.000000 2.182912
 1905.000000 2.409848
 1906.000000 2.876888
 1907.000000 3.775507
 1908.000000 3.622226
 1909.000000 3.066613
 1910.000000 3.322759
 1911.000000 2.560263
 1912.000000 3.405535
 1913.000000 3.742869
 1914.000000 3.918929
 1915.000000 2.203784
 1916.000000 2.979668
 1917.000000 3.243471
 1918.000000 4.193248
 1919.000000 2.547877
 1920.000000 0.921533
 1921.000000 0.737552
 1922.000000 1.252897
 1923.000000 1.558027
 1924.000000 1.877958
 1925.000000 2.030392
 1926.000000 2.604520
 1927.000000 2.144916
 1928.000000 2.556874
 1929.000000 2.018380
 1930.000000 2.431103
 1931.000000 2.086694
 1932.000000 2.620094
 1933.000000 2.929698
 1934.000000 2.674361
 1935.000000 2.758578
 1936.000000 2.781503
 1937.000000 2.916133
 1938.000000 2.451080
 1939.000000 2.795652
 1940.000000 2.390260
 1941.000000 2.994041
 1942.000000 3.062259
 1943.000000 3.320114
 1944.000000 3.303793
 1945.000000 3.057760
 1946.000000 3.372268
 1947.000000 3.046205
 1948.000000 3.208837
 1949.000000 3.270169
 1950.000000 3.423359
 1951.000000 3.139183
 1952.000000 3.400418
 1953.000000 3.301224
 1954.000000 3.249646
 1955.000000 3.037889
 1956.000000 3.083590
 1957.000000 3.067196
 1958.000000 3.075496
 1959.000000 3.057629
 1960.000000 3.071350
 1961.000000 2.961748
 1962.000000 2.774855
 1963.000000 2.917647
 1964.000000 2.545777
 1965.000000 3.172082
 1966.000000 2.613989
 1967.000000 1.880907
 1968.000000 2.293061
 1969.000000 3.038596
 1970.000000 2.202595
 1971.000000 1.013568
 1972.000000 2.175732
 1973.000000 2.312399
 1974.000000 1.792898
 1975.000000 1.305664
 1976.000000 1.018156
 1977.000000 0.214842
 1978.000000 0.413141
 1979.000000 2.496525
 1980.000000 1.818516
 1981.000000 2.763301
 1982.000000 2.886762
 1983.000000 3.799275
 1984.000000 3.657119
 1985.000000 2.863331
 1986.000000 2.421693
 1987.000000 3.962241
 1988.000000 3.781703
 1989.000000 3.625004
 1990.000000 3.594324
 1991.000000 3.411197
 1992.000000 2.894342
 1993.000000 3.229584
 1994.000000 4.018159
 1995.000000 2.867866
 1996.000000 1.931026
 1997.000000 3.734609
 1998.000000 3.151159
 1999.000000 2.971357
 2000.000000 3.249238
 2001.000000 2.585256
 2002.000000 2.864353
 2003.000000 2.975162
 2004.000000 2.594966
 2005.000000 2.668613
 2006.000000 2.844852
 2007.000000 2.835275
 2008.000000 2.250134
 2009.000000 3.084871
 2010.000000 2.531858
 2011.000000 2.761249
 2012.000000 2.757498
 2013.000000 2.718073
 2014.000000 3.059358
 2015.000000 3.455375
 2016.000000 2.418444
 2017.000000 3.194780
 2018.000000 3.152330
 2019.000000 4.348025
 2020.000000 4.083033
 2021.000000 4.149187
 2022.000000 4.101137
 2023.000000 4.021647
 2024.000000 3.626564
