#! FIELDS time r8.min
 0.000000 2.144954
 1.000000 2.297002
 2.000000 2.369818
 3.000000 3.016014
 4.000000 2.069978
 5.000000 1.523889
 6.000000 1.511647
 7.000000 1.442846
 8.000000 1.525273
 9.000000 2.843367
 10.000000 2.019629
 11.000000 2.377973
 12.000000 3.466304
 13.000000 3.618989
 14.000000 3.004615
 15.000000 3.273060
 16.000000 3.346170
 17.000000 3.533456
 18.000000 3.467363
 19.000000 3.461696
 20.000000 3.227551
 21.000000 3.756152
 22.000000 3.896671
 23.000000 3.566571
 24.000000 3.585602
 25.000000 1.651278
 26.000000 2.916113
 27.000000 3.558682
 28.000000 3.361283
 29.000000 3.186551
 30.000000 2.343857
 31.000000 3.020977
 32.000000 4.006751
 33.000000 4.297113
 34.000000 2.542493
 35.000000 2.651322
 36.000000 4.170707
 37.000000 4.106564
 38.000000 4.716925
 39.000000 3.904193
 40.000000 3.797214
 41.000000 3.198868
 42.000000 3.347671
 43.000000 4.175807
 44.000000 3.420405
 45.000000 2.867962
 46.000000 3.093413
 47.000000 3.249974
 48.000000 3.433772
 49.000000 3.279048
 50.000000 3.047389
 51.000000 3.220267
 52.000000 2.761396
 53.000000 3.244454
 54.000000 2.973525
 55.000000 2.758795
 56.000000 2.917726
 57.000000 2.805152
 58.000000 2.957951
 59.000000 3.023338
 60.000000 2.848039
 61.000000 2.700873
 62.000000 2.296319
 63.000000 2.516691
 64.000000 2.574649
 65.000000 2.570320
 66.000000 3.441771
 67.000000 4.148216
 68.000000 3.844595
 69.000000 4.111472
 70.000000 4.169175
 71.000000 3.572954
 72.000000 4.151443
 73.000000 4.452062
 74.000000 4.211273
 75.000000 2.946430
 76.000000 3.932720
 77.000000 3.519285
 78.000000 3.062533
 79.000000 3.535556
 80.000000 3.539688
 81.000000 3.662687
 82.000000 3.503842
 83.000000 3.774084
 84.000000 3.037419
 85.000000 3.167285
 86.000000 3.291054
 87.000000 3.324627
 88.000000 3.466995
 89.000000 3.779544
 90.000000 3.926319
 91.000000 3.972244
 92.000000 3.916231
 93.000000 4.047853
 94.000000 4.127490
 95.000000 4.089617
 96.000000 3.744815
 97.000000 3.410035
 98.000000 3.023679
 99.000000 2.136542
 100.000000 2.988097
 101.000000 2.807442
 102.000000 3.866172
 103.000000 3.306985
 104.000000 3.393995
 105.000000 2.864198
 106.000000 3.799112
 107.000000 3.070166
 108.000000 2.280324
 109.000000 2.368305
 110.000000 2.424294
 111.000000 2.584682
 112.000000 2.778097
 113.000000 3.163038
 114.000000 3.381617
 115.000000 3.144257
 116.000000 3.189541
 117.000000 3.311022
 118.000000 3.164746
 119.000000 2.800683
 120.000000 3.011979
 121.000000 3.113547
 122.000000 3.219149
 123.000000 3.075993
 124.000000 3.240130
 125.000000 2.967889
 126.000000 2.796833
 127.000000 2.647777
 128.000000 2.562088
 129.000000 2.022090
 130.000000 1.963023
 131.000000 1.918620
 132.000000 2.030339
 133.000000 2.218978
 134.000000 2.054648
 135.000000 2.261630
 136.000000 2.619211
 137.000000 2.354960
 138.000000 1.974877
 139.000000 1.963977
 140.000000 1.775274
 141.000000 1.775396
 142.000000 2.919712
 143.000000 2.745481
 144.000000 2.172908
 145.000000 2.112622
 146.000000 3.658096
 147.000000 3.557377
 148.000000 3.328528
 149.000000 3.412348
 150.000000 3.412986
 151.000000 3.476198
 152.000000 2.543540
 153.000000 3.041952
 154.000000 3.161656
 155.000000 3.539758
 156.000000 3.996705
 157.000000 3.193397
 158.000000 3.627821
 159.000000 3.364484
 160.000000 3.480407
 161.000000 4.237475
 162.000000 3.844240
 163.000000 3.931121
 164.000000 3.722718
 165.000000 3.264135
 166.000000 2.784770
 167.000000 2.297904
 168.000000 4.146470
 169.000000 3.144840
 170.000000 3.093202
 171.000000 2.845840
 172.000000 3.094068
 173.000000 3.272228
 174.000000 3.175048
 175.000000 3.283895
 176.000000 3.162408
 177.000000 3.032579
 178.000000 3.155777
 179.000000 3.203344
 180.000000 3.124033
 181.000000 3.202130
 182.000000 3.114282
 183.000000 3.002449
 184.000000 3.058980
 185.000000 2.839067
 186.000000 2.850820
 187.000000 2.849839
 188.000000 2.992358
 189.000000 2.933596
 190.000000 3.135173
 191.000000 3.106470
 192.000000 3.313494
 193.000000 3.053567
 194.000000 3.158327
 195.000000 3.147365
 196.000000 3.114125
 197.000000 3.171150
 198.000000 2.963702
 199.000000 3.088198
 200.000000 3.112387
 201.000000 3.145067
 202.000000 3.073949
 203.000000 3.168672
 204.000000 4.005590
 205.000000 3.752764
 206.000000 3.367982
 207.000000 3.391154
 208.000000 3.524289
 209.000000 3.752817
 210.000000 3.924994
 211.000000 3.836576
 212.000000 3.375195
 213.000000 3.432611
 214.000000 3.684709
 215.000000 3.790798
 216.000000 3.884193
 217.000000 3.522116
 218.000000 3.681221
 219.000000 3.818235
 220.000000 3.749422
 221.000000 3.853365
 222.000000 3.814089
 223.000000 3.966551
 224.000000 4.087029
 225.000000 4.292164
 226.000000 4.032412
 227.000000 4.016614
 228.000000 4.031422
 229.000000 3.968791
 230.000000 3.869664
 231.000000 3.940644
 232.000000 3.855502
 233.000000 4.026208
 234.000000 4.107319
 235.000000 4.107657
 236.000000 4.159077
 237.000000 4.079021
 238.000000 3.820435
 239.000000 3.906050
 240.000000 4.085227
 241.000000 4.141159
 242.000000 4.419543
 243.000000 4.297402
 244.000000 3.471674
 245.000000 2.791174
 246.000000 1.777620
 247.000000 2.151974
 248.000000 2.990596
 249.000000 3.166526
 250.000000 3.211696
 251.000000 3.287707
 252.000000 3.784263
 253.000000 3.563195
 254.000000 3.524345
 255.000000 3.359716
 256.000000 2.966833
 257.000000 3.187492
 258.000000 2.894150
 259.000000 2.721825
 260.000000 1.952715
 261.000000 1.202489
 262.000000 2.944662
 263.000000 2.729226
 264.000000 4.126700
 265.000000 2.668897
 266.000000 2.806533
 267.000000 3.349776
 268.000000 2.556854
 269.000000 2.727267
 270.000000 3.313454
 271.000000 3.142938
 272.000000 2.006090
 273.000000 3.601629
 274.000000 3.625041
 275.000000 2.279958
 276.000000 2.796111
 277.000000 3.027446
 278.000000 2.854226
 279.000000 4.154394
 280.000000 1.954592
 281.000000 3.332831
 282.000000 2.961928
 283.000000 3.459146
 284.000000 1.412388
 285.000000 3.689700
 286.000000 2.815605
 287.000000 3.792424
 288.000000 3.714624
 289.000000 2.161457
 290.000000 3.184628
 291.000000 3.696451
 292.000000 3.738539
 293.000000 4.152043
 294.000000 3.798169
 295.000000 3.527917
 296.000000 3.006307
 297.000000 3.472424
 298.000000 2.928940
 299.000000 1.833747
 300.000000 2.332517
 301.000000 2.151186
 302.000000 2.579742
 303.000000 3.543429
 304.000000 3.676775
 305.000000 3.822332
 306.000000 3.941123
 307.000000 3.441813
 308.000000 2.741885
 309.000000 3.286253
 310.000000 2.298179
 311.000000 1.227756
 312.000000 2.630869
 313.000000 3.434659
 314.000000 3.498141
 315.000000 3.347276
 316.000000 3.829572
 317.000000 4.146499
 318.000000 3.548202
 319.000000 2.910599
 320.000000 3.632392
 321.000000 2.742035
 322.000000 2.674191
 323.000000 3.435681
 324.000000 3.425767
 325.000000 4.084537
 326.000000 4.181606
 327.000000 4.025189
 328.000000 3.051961
 329.000000 3.577988
 330.000000 2.563535
 331.000000 3.025609
 332.000000 2.438644
 333.000000 1.401503
 334.000000 2.157651
 335.000000 3.512744
 336.000000 3.231721
 337.000000 3.780376
 338.000000 3.417981
 339.000000 4.203223
 340.000000 3.612522
 341.000000 3.945200
 342.000000 3.687576
 343.000000 3.473979
 344.000000 3.255191
 345.000000 2.677009
 346.000000 2.664022
 347.000000 3.263478
 348.000000 3.106762
 349.000000 2.846036
 350.000000 2.838197
 351.000000 3.126062
 352.000000 3.133852
 353.000000 3.463630
 354.000000 3.640952
 355.000000 3.684376
 356.000000 3.722838
 357.000000 3.374840
 358.000000 3.041794
 359.000000 3.275284
 360.000000 3.682424
 361.000000 3.738068
 362.000000 3.816420
 363.000000 4.040669
 364.000000 4.199218
 365.000000 4.307851
 366.000000 4.201418
 367.000000 4.342059
 368.000000 4.258227
 369.000000 4.348878
 370.000000 4.222533
 371.000000 4.069293
 372.000000 4.120593
 373.000000 4.125901
 374.000000 3.678897
 375.000000 3.680532
 376.000000 3.720465
 377.000000 3.905278
 378.000000 3.881165
 379.000000 3.954638
 380.000000 3.826938
 381.000000 3.924915
 382.000000 4.106356
 383.000000 4.050267
 384.000000 4.109503
 385.000000 3.919713
 386.000000 3.633375
 387.000000 3.909073
 388.000000 3.912162
 389.000000 4.411353
 390.000000 4.366691
 391.000000 4.289516
 392.000000 4.335406
 393.000000 4.367756
 394.000000 4.432209
 395.000000 3.917618
 396.000000 3.975323
 397.000000 4.033094
 398.000000 4.029697
 399.000000 3.944677
 400.000000 4.003880
 401.000000 4.087471
 402.000000 4.122305
 403.000000 4.309796
 404.000000 4.279087
 405.000000 4.107365
 406.000000 4.040617
 407.000000 4.041241
 408.000000 4.203300
 409.000000 4.217415
 410.000000 4.157903
 411.000000 4.304068
 412.000000 4.227412
 413.000000 4.121241
 414.000000 3.981417
 415.000000 4.109397
 416.000000 4.053787
 417.000000 3.980900
 418.000000 3.995617
 419.000000 3.992426
 420.000000 4.415451
 421.000000 3.639406
 422.000000 4.432967
 423.000000 4.566336
 424.000000 4.552924
 425.000000 4.780016
 426.000000 4.967161
 427.000000 5.101988
 428.000000 5.143973
 429.000000 3.504403
 430.000000 4.942070
 431.000000 4.709111
 432.000000 4.774918
 433.000000 4.656362
 434.000000 4.798717
 435.000000 4.999755
 436.000000 4.928564
 437.000000 5.159019
 438.000000 5.071845
 439.000000 4.941200
 440.000000 5.101072
 441.000000 4.873964
 442.000000 4.821698
 443.000000 3.345841
 444.000000 2.988563
 445.000000 2.724165
 446.000000 4.310671
 447.000000 3.653346
 448.000000 3.049070
 449.000000 3.484040
 450.000000 3.864960
 451.000000 4.110089
 452.000000 3.884718
 453.000000 4.422513
 454.000000 3.986069
 455.000000 4.556455
 456.000000 3.948409
 457.000000 2.485726
 458.000000 2.848426
 459.000000 3.255286
 460.000000 3.592135
 461.000000 2.911429
 462.000000 2.083898
 463.000000 3.226283
 464.000000 2.142306
 465.000000 2.971856
 466.000000 4.272267
 467.000000 3.724880
 468.000000 4.236952
 469.000000 4.479119
 470.000000 4.506653
 471.000000 4.258066
 472.000000 3.941407
 473.000000 3.819127
 474.000000 3.155078
 475.000000 3.527146
 476.000000 3.709788
 477.000000 2.750140
 478.000000 1.234766
 479.000000 0.495831
 480.000000 0.224185
 481.000000 1.533716
 482.000000 1.547926
 483.000000 2.305430
 484.000000 2.705605
 485.000000 2.944039
 486.000000 3.806335
 487.000000 3.806304
 488.000000 3.070721
 489.000000 3.411716
 490.000000 3.693434
 491.000000 2.630587
 492.000000 2.429109
 493.000000 3.197488
 494.000000 3.421063
 495.000000 3.820250
 496.000000 3.861807
 497.000000 3.411511
 498.000000 3.636387
 499.000000 3.736748
 500.000000 3.873578
 501.000000 4.150334
 502.000000 3.266701
 503.000000 3.124276
 504.000000 4.000322
 505.000000 3.073829
 506.000000 3.040833
 507.000000 3.411020
 508.000000 2.787470
 509.000000 3.281193
 510.000000 3.763638
 511.000000 3.419098
 512.000000 2.766723
 513.000000 3.443184
 514.000000 3.610076
 515.000000 3.435267
 516.000000 4.115070
 517.000000 3.578132
 518.000000 3.749296
 519.000000 2.619509
 520.000000 3.159517
 521.000000 3.799975
 522.000000 4.145374
 523.000000 2.546407
 524.000000 2.457068
 525.000000 2.553431
 526.000000 0.310725
 527.000000 0.900075
 528.000000 2.346333
 529.000000 2.486128
 530.000000 2.965711
 531.000000 3.769836
 532.000000 3.754838
 533.000000 2.580646
 534.000000 1.295617
 535.000000 1.256431
 536.000000 1.933057
 537.000000 2.577606
 538.000000 3.126733
 539.000000 3.121614
 540.000000 3.191521
 541.000000 2.343000
 542.000000 3.089903
 543.000000 2.124404
 544.000000 2.468507
 545.000000 2.304598
 546.000000 3.192990
 547.000000 3.178842
 548.000000 3.443161
 549.000000 3.528025
 550.000000 2.960068
 551.000000 2.725459
 552.000000 3.078233
 553.000000 3.087116
 554.000000 3.787137
 555.000000 3.852602
 556.000000 3.402864
 557.000000 2.817161
 558.000000 3.090910
 559.000000 3.040031
 560.000000 2.929040
 561.000000 2.956043
 562.000000 3.147624
 563.000000 2.920911
 564.000000 2.624919
 565.000000 2.811416
 566.000000 3.029098
 567.000000 3.010123
 568.000000 3.156712
 569.000000 2.856713
 570.000000 2.388992
 571.000000 2.359442
 572.000000 2.090285
 573.000000 2.072663
 574.000000 2.383893
 575.000000 2.158563
 576.000000 2.015107
 577.000000 1.735438
 578.000000 2.348745
 579.000000 3.340374
 580.000000 2.579862
 581.000000 3.134322
 582.000000 3.211039
 583.000000 3.462433
 584.000000 3.334216
 585.000000 2.297517
 586.000000 2.746492
 587.000000 3.338680
 588.000000 2.326718
 589.000000 2.769252
 590.000000 3.236197
 591.000000 3.411187
 592.000000 4.463896
 593.000000 4.363009
 594.000000 4.093696
 595.000000 4.273925
 596.000000 4.450028
 597.000000 4.698462
 598.000000 4.628024
 599.000000 4.334779
 600.000000 4.479001
 601.000000 4.918333
 602.000000 4.935774
 603.000000 4.606300
 604.000000 4.684313
 605.000000 4.283142
 606.000000 4.585689
 607.000000 4.686492
 608.000000 4.614007
 609.000000 4.486598
 610.000000 4.564442
 611.000000 4.698609
 612.000000 4.631021
 613.000000 4.741099
 614.000000 4.775148
 615.000000 4.847951
 616.000000 4.880535
 617.000000 4.835677
 618.000000 3.920332
 619.000000 4.842699
 620.000000 4.735696
 621.000000 4.797886
 622.000000 4.949839
 623.000000 4.835987
 624.000000 3.661149
 625.000000 4.829297
 626.000000 4.856795
 627.000000 3.449425
 628.000000 4.776902
 629.000000 3.392900
 630.000000 3.721098
 631.000000 3.533207
 632.000000 3.497761
 633.000000 3.649836
 634.000000 4.784764
 635.000000 4.792523
 636.000000 4.865311
 637.000000 3.542810
 638.000000 3.489954
 639.000000 4.834212
 640.000000 4.631280
 641.000000 3.581480
 642.000000 4.846613
 643.000000 3.594292
 644.000000 3.444236
 645.000000 3.550791
 646.000000 4.905548
 647.000000 4.994300
 648.000000 3.566684
 649.000000 3.552250
 650.000000 3.429951
 651.000000 3.372676
 652.000000 3.585933
 653.000000 4.535779
 654.000000 4.711870
 655.000000 4.743118
 656.000000 4.822015
 657.000000 4.764363
 658.000000 4.514814
 659.000000 4.392748
 660.000000 4.181684
 661.000000 4.024724
 662.000000 4.114097
 663.000000 4.048979
 664.000000 3.973043
 665.000000 4.091356
 666.000000 3.726457
 667.000000 3.838344
 668.000000 3.877054
 669.000000 3.987987
 670.000000 3.922237
 671.000000 3.816134
 672.000000 3.894887
 673.000000 3.936194
 674.000000 3.922597
 675.000000 3.978013
 676.000000 3.899306
 677.000000 3.896008
 678.000000 3.964086
 679.000000 4.168793
 680.000000 4.040997
 681.000000 3.886096
 682.000000 3.735691
 683.000000 3.719709
 684.000000 3.757910
 685.000000 3.797231
 686.000000 3.930504
 687.000000 3.745414
 688.000000 3.698972
 689.000000 3.750926
 690.000000 3.924480
 691.000000 3.911688
 692.000000 3.694144
 693.000000 3.846901
 694.000000 3.929784
 695.000000 3.915730
 696.000000 3.729117
 697.000000 3.972730
 698.000000 4.144713
 699.000000 4.105696
 700.000000 4.000941
 701.000000 3.858831
 702.000000 3.668656
 703.000000 3.477712
 704.000000 3.327245
 705.000000 2.006416
 706.000000 2.462139
 707.000000 3.879447
 708.000000 3.816099
 709.000000 4.189051
 710.000000 4.387933
 711.000000 4.078096
 712.000000 3.380746
 713.000000 3.964881
 714.000000 3.403796
 715.000000 3.685809
 716.000000 3.814348
 717.000000 3.873127
 718.000000 3.235448
 719.000000 2.826863
 720.000000 3.054937
 721.000000 2.065756
 722.000000 3.441544
 723.000000 3.794713
 724.000000 2.011538
 725.000000 1.000044
 726.000000 3.061846
 727.000000 2.967818
 728.000000 3.999962
 729.000000 3.293491
 730.000000 3.639225
 731.000000 3.021525
 732.000000 1.772027
 733.000000 2.161101
 734.000000 4.846680
 735.000000 4.866944
 736.000000 4.040085
 737.000000 3.614294
 738.000000 3.598417
 739.000000 3.158486
 740.000000 3.619200
 741.000000 3.241721
 742.000000 3.904415
 743.000000 3.197806
 744.000000 3.949661
 745.000000 3.552522
 746.000000 3.530966
 747.000000 3.402910
 748.000000 3.851949
 749.000000 3.894321
 750.000000 3.443951
 751.000000 3.339623
 752.000000 3.435206
 753.000000 3.974132
 754.000000 3.576051
 755.000000 3.292923
 756.000000 3.290114
 757.000000 2.979046
 758.000000 1.886470
 759.000000 2.186721
 760.000000 1.979393
 761.000000 1.404527
 762.000000 0.663050
 763.000000 0.821204
 764.000000 2.065569
 765.000000 2.341967
 766.000000 2.360863
 767.000000 3.068549
 768.000000 3.875423
 769.000000 3.637583
 770.000000 4.215925
 771.000000 4.375715
 772.000000 4.491663
 773.000000 4.164043
 774.000000 3.943230
 775.000000 2.133581
 776.000000 2.216318
 777.000000 2.487068
 778.000000 1.811859
 779.000000 1.711330
 780.000000 2.716614
 781.000000 2.070151
 782.000000 2.330076
 783.000000 1.629133
 784.000000 2.168990
 785.000000 2.824616
 786.000000 3.501924
 787.000000 2.326319
 788.000000 3.798877
 789.000000 3.030079
 790.000000 3.948089
 791.000000 3.983075
 792.000000 4.043578
 793.000000 3.718430
 794.000000 4.359983
 795.000000 3.688646
 796.000000 3.434042
 797.000000 3.897739
 798.000000 3.884415
 799.000000 3.114711
 800.000000 2.959720
 801.000000 3.362742
 802.000000 2.591138
 803.000000 2.971885
 804.000000 2.989830
 805.000000 2.840077
 806.000000 2.827381
 807.000000 2.431590
 808.000000 2.517240
 809.000000 3.044591
 810.000000 2.822616
 811.000000 3.130618
 812.000000 2.969917
 813.000000 2.845862
 814.000000 3.263423
 815.000000 2.836207
 816.000000 3.524341
 817.000000 4.063567
 818.000000 3.874480
 819.000000 4.064020
 820.000000 3.991807
 821.000000 3.844618
 822.000000 3.669305
 823.000000 3.499402
 824.000000 3.267600
 825.000000 3.179512
 826.000000 2.958057
 827.000000 2.588034
 828.000000 2.013415
 829.000000 2.678527
 830.000000 2.816046
 831.000000 2.925124
 832.000000 2.430663
 833.000000 2.590578
 834.000000 2.560614
 835.000000 2.789453
 836.000000 3.014335
 837.000000 2.666908
 838.000000 3.194523
 839.000000 2.802041
 840.000000 2.797791
 841.000000 3.503857
 842.000000 3.166273
 843.000000 3.405666
 844.000000 4.069189
 845.000000 3.615994
 846.000000 3.437767
 847.000000 3.694404
 848.000000 3.407960
 849.000000 4.030356
 850.000000 4.160334
 851.000000 3.899211
 852.000000 3.334356
 853.000000 3.059428
 854.000000 3.159639
 855.000000 4.435729
 856.000000 4.158830
 857.000000 3.879949
 858.000000 3.921332
 859.000000 4.028672
 860.000000 3.575343
 861.000000 3.620703
 862.000000 3.406866
 863.000000 3.488051
 864.000000 3.924637
 865.000000 3.210021
 866.000000 2.778804
 867.000000 3.593577
 868.000000 3.035868
 869.000000 2.712458
 870.000000 3.108480
 871.000000 3.739123
 872.000000 3.850269
 873.000000 3.340452
 874.000000 3.081281
 875.000000 3.386817
 876.000000 2.980499
 877.000000 3.711726
 878.000000 3.194404
 879.000000 3.461038
 880.000000 2.748375
 881.000000 4.009553
 882.000000 2.877605
 883.000000 3.996881
 884.000000 3.599423
 885.000000 4.083075
 886.000000 3.798813
 887.000000 3.410047
 888.000000 3.355954
 889.000000 3.628684
 890.000000 3.444456
 891.000000 2.970628
 892.000000 3.433882
 893.000000 3.696948
 894.000000 3.711857
 895.000000 3.491042
 896.000000 2.838094
 897.000000 2.770994
 898.000000 3.004037
 899.000000 3.379941
 900.000000 2.747898
 901.000000 3.121485
 902.000000 3.511164
 903.000000 3.659321
 904.000000 4.215028
 905.000000 3.997738
 906.000000 3.120504
 907.000000 2.641044
 908.000000 2.337741
 909.000000 2.327667
 910.000000 2.369923
 911.000000 2.396420
 912.000000 2.375304
 913.000000 2.394210
 914.000000 2.276711
 915.000000 2.259806
 916.000000 2.327152
 917.000000 2.390765
 918.000000 2.264133
 919.000000 2.344476
 920.000000 2.482869
 921.000000 2.622931
 922.000000 2.557522
 923.000000 2.884690
 924.000000 3.019445
 925.000000 2.716588
 926.000000 2.822989
 927.000000 2.787593
 928.000000 2.750445
 929.000000 2.829956
 930.000000 2.931025
 931.000000 2.939312
 932.000000 2.730582
 933.000000 2.700824
 934.000000 2.952756
 935.000000 2.691483
 936.000000 2.620585
 937.000000 2.409960
 938.000000 2.702833
 939.000000 2.788758
 940.000000 2.794679
 941.000000 2.653707
 942.000000 2.574925
 943.000000 2.569989
 944.000000 2.423843
 945.000000 2.383735
 946.000000 2.379611
 947.000000 2.253990
 948.000000 2.254950
 949.000000 2.348205
 950.000000 2.395930
 951.000000 2.351905
 952.000000 2.528364
 953.000000 2.610414
 954.000000 2.783344
 955.000000 2.793517
 956.000000 2.590561
 957.000000 2.701458
 958.000000 2.636306
 959.000000 2.657813
 960.000000 2.535475
 961.000000 2.509180
 962.000000 2.711324
 963.000000 2.740310
 964.000000 2.293341
 965.000000 2.708272
 966.000000 2.777473
 967.000000 2.676469
 968.000000 2.607876
 969.000000 2.709626
 970.000000 2.718375
 971.000000 2.508950
 972.000000 2.586477
 973.000000 2.513551
 974.000000 2.468600
 975.000000 2.344790
 976.000000 2.536861
 977.000000 2.265019
 978.000000 3.015143
 979.000000 2.978611
 980.000000 2.562075
 981.000000 1.530982
 982.000000 3.659075
 983.000000 2.725515
 984.000000 2.361281
 985.000000 3.853637
 986.000000 3.393380
 987.000000 3.640056
 988.000000 3.384666
 989.000000 3.082999
 990.000000 2.939608
 991.000000 3.020665
 992.000000 4.143696
 993.000000 4.171138
 994.000000 3.805981
 995.000000 3.147113
 996.000000 3.668279
 997.000000 3.535990
 998.000000 2.141401
 999.000000 2.718775
 1000.000000 2.752731
 1001.000000 1.783269
 1002.000000 1.402057
 1003.000000 1.685993
 1004.000000 1.951566
 1005.000000 1.942541
 1006.000000 1.773729
 1007.000000 1.831595
 1008.000000 1.348710
 1009.000000 1.667784
 1010.000000 0.960295
 1011.000000 1.442541
 1012.000000 2.078193
 1013.000000 2.253635
 1014.000000 2.112871
 1015.000000 2.473610
 1016.000000 2.819174
 1017.000000 2.786007
 1018.000000 2.533215
 1019.000000 2.660347
 1020.000000 2.398794
 1021.000000 2.415257
 1022.000000 2.342424
 1023.000000 2.240497
 1024.000000 2.155585
 1025.000000 2.053949
 1026.000000 2.128865
 1027.000000 2.026124
 1028.000000 1.892630
 1029.000000 2.043074
 1030.000000 1.853579
 1031.000000 2.163644
 1032.000000 1.832857
 1033.000000 1.985733
 1034.000000 1.811053
 1035.000000 1.770349
 1036.000000 1.901244
 1037.000000 1.759911
 1038.000000 1.437902
 1039.000000 1.066216
 1040.000000 1.783673
 1041.000000 2.733347
 1042.000000 2.535608
 1043.000000 3.402948
 1044.000000 3.107449
 1045.000000 3.264184
 1046.000000 3.767748
 1047.000000 4.262038
 1048.000000 4.340324
 1049.000000 3.920516
 1050.000000 4.102515
 1051.000000 4.113857
 1052.000000 3.576815
 1053.000000 3.050891
 1054.000000 3.370977
 1055.000000 4.147728
 1056.000000 3.606390
 1057.000000 3.796659
 1058.000000 3.206453
 1059.000000 3.112282
 1060.000000 3.964606
 1061.000000 4.177726
 1062.000000 4.161817
 1063.000000 4.179367
 1064.000000 4.259142
 1065.000000 4.121167
 1066.000000 4.328539
 1067.000000 3.927679
 1068.000000 4.174026
 1069.000000 4.284472
 1070.000000 4.180345
 1071.000000 4.260190
 1072.000000 3.553215
 1073.000000 3.578411
 1074.000000 2.852902
 1075.000000 2.951312
 1076.000000 2.112075
 1077.000000 2.299417
 1078.000000 2.893103
 1079.000000 3.505157
 1080.000000 3.483414
 1081.000000 1.847192
 1082.000000 1.836684
 1083.000000 2.947525
 1084.000000 3.253601
 1085.000000 2.501440
 1086.000000 3.698218
 1087.000000 3.693009
 1088.000000 2.613554
 1089.000000 4.557588
 1090.000000 4.421366
 1091.000000 3.714257
 1092.000000 3.702967
 1093.000000 4.066961
 1094.000000 3.736617
 1095.000000 3.440773
 1096.000000 3.284294
 1097.000000 3.652877
 1098.000000 3.210598
 1099.000000 3.089260
 1100.000000 3.032415
 1101.000000 2.641966
 1102.000000 1.847517
 1103.000000 1.274384
 1104.000000 1.415446
 1105.000000 2.517458
 1106.000000 2.332114
 1107.000000 2.053874
 1108.000000 1.960948
 1109.000000 1.987653
 1110.000000 2.348805
 1111.000000 2.179859
 1112.000000 1.953931
 1113.000000 1.879324
 1114.000000 1.480033
 1115.000000 1.570679
 1116.000000 1.362577
 1117.000000 1.281862
 1118.000000 1.478543
 1119.000000 1.782859
 1120.000000 1.705350
 1121.000000 1.768101
 1122.000000 1.709226
 1123.000000 1.696641
 1124.000000 1.636707
 1125.000000 1.660881
 1126.000000 1.784698
 1127.000000 1.518498
 1128.000000 1.951879
 1129.000000 2.108514
 1130.000000 2.094870
 1131.000000 2.246037
 1132.000000 2.109310
 1133.000000 2.134322
 1134.000000 1.912987
 1135.000000 1.874626
 1136.000000 1.869387
 1137.000000 1.952636
 1138.000000 1.693761
 1139.000000 1.981965
 1140.000000 1.944854
 1141.000000 1.864203
 1142.000000 1.869899
 1143.000000 1.710641
 1144.000000 1.797966
 1145.000000 1.813966
 1146.000000 1.741123
 1147.000000 1.800902
 1148.000000 1.798729
 1149.000000 1.749892
 1150.000000 1.782297
 1151.000000 2.007679
 1152.000000 2.076018
 1153.000000 1.939611
 1154.000000 1.889953
 1155.000000 2.039091
 1156.000000 2.062109
 1157.000000 2.065034
 1158.000000 2.027189
 1159.000000 2.083034
 1160.000000 2.011694
 1161.000000 1.999868
 1162.000000 2.036535
 1163.000000 2.031407
 1164.000000 1.964096
 1165.000000 2.127539
 1166.000000 1.993015
 1167.000000 2.014326
 1168.000000 2.037570
 1169.000000 2.164983
 1170.000000 2.340959
 1171.000000 2.107912
 1172.000000 2.090623
 1173.000000 2.161865
 1174.000000 2.251186
 1175.000000 2.011332
 1176.000000 2.159554
 1177.000000 2.200315
 1178.000000 2.059787
 1179.000000 2.073745
 1180.000000 1.881551
 1181.000000 2.013611
 1182.000000 1.953723
 1183.000000 1.984486
 1184.000000 1.888532
 1185.000000 1.848273
 1186.000000 1.711316
 1187.000000 1.765831
 1188.000000 1.583503
 1189.000000 1.601437
 1190.000000 1.770208
 1191.000000 1.693191
 1192.000000 1.669918
 1193.000000 1.884512
 1194.000000 1.898476
 1195.000000 1.728537
 1196.000000 1.932552
 1197.000000 1.966726
 1198.000000 1.919654
 1199.000000 1.864987
 1200.000000 1.872626
 1201.000000 2.002210
 1202.000000 1.844380
 1203.000000 1.911071
 1204.000000 1.893021
 1205.000000 1.892317
 1206.000000 1.910102
 1207.000000 1.895220
 1208.000000 1.960989
 1209.000000 1.919040
 1210.000000 2.034277
 1211.000000 2.028031
 1212.000000 1.964430
 1213.000000 2.029300
 1214.000000 1.958200
 1215.000000 2.104672
 1216.000000 2.180501
 1217.000000 2.142112
 1218.000000 2.185235
 1219.000000 2.116633
 1220.000000 2.070334
 1221.000000 2.073859
 1222.000000 2.146248
 1223.000000 2.105721
 1224.000000 2.343239
 1225.000000 2.296964
 1226.000000 2.358629
 1227.000000 2.375391
 1228.000000 2.635785
 1229.000000 2.474241
 1230.000000 2.536595
 1231.000000 2.338492
 1232.000000 2.450188
 1233.000000 2.468711
 1234.000000 2.571766
 1235.000000 2.666124
 1236.000000 2.616692
 1237.000000 2.813635
 1238.000000 2.584782
 1239.000000 2.451720
 1240.000000 2.296209
 1241.000000 2.392440
 1242.000000 2.261712
 1243.000000 2.108853
 1244.000000 2.053691
 1245.000000 2.244929
 1246.000000 2.106863
 1247.000000 2.212842
 1248.000000 2.071156
 1249.000000 2.134154
 1250.000000 2.017074
 1251.000000 2.228896
 1252.000000 2.193791
 1253.000000 2.147393
 1254.000000 2.062452
 1255.000000 2.157879
 1256.000000 2.215255
 1257.000000 2.235011
 1258.000000 2.265735
 1259.000000 2.368491
 1260.000000 2.224254
 1261.000000 2.267162
 1262.000000 2.335464
 1263.000000 2.432447
 1264.000000 2.409452
 1265.000000 2.257763
 1266.000000 2.130339
 1267.000000 2.062733
 1268.000000 2.159460
 1269.000000 1.995161
 1270.000000 1.766455
 1271.000000 1.897492
 1272.000000 2.060624
 1273.000000 1.867919
 1274.000000 2.250474
 1275.000000 2.430713
 1276.000000 2.195915
 1277.000000 2.189424
 1278.000000 2.286272
 1279.000000 2.307894
 1280.000000 2.030660
 1281.000000 2.012333
 1282.000000 2.072380
 1283.000000 2.231006
 1284.000000 2.067512
 1285.000000 2.115567
 1286.000000 2.249257
 1287.000000 2.233791
 1288.000000 2.241086
 1289.000000 2.116076
 1290.000000 2.187100
 1291.000000 1.998055
 1292.000000 2.040718
 1293.000000 2.047174
 1294.000000 2.246737
 1295.000000 2.122103
 1296.000000 2.271731
 1297.000000 2.217756
 1298.000000 2.051394
 1299.000000 1.967140
 1300.000000 2.145104
 1301.000000 2.111138
 1302.000000 1.996262
 1303.000000 2.034979
 1304.000000 1.765035
 1305.000000 2.040058
 1306.000000 2.038002
 1307.000000 1.925210
 1308.000000 1.869053
 1309.000000 2.047220
 1310.000000 2.012240
 1311.000000 2.190408
 1312.000000 2.046637
 1313.000000 2.050437
 1314.000000 2.204896
 1315.000000 2.166171
 1316.000000 2.177055
 1317.000000 2.001730
 1318.000000 2.131777
 1319.000000 1.986871
 1320.000000 1.991269
 1321.000000 1.983340
 1322.000000 1.502020
 1323.000000 1.789348
 1324.000000 1.725935
 1325.000000 1.751852
 1326.000000 1.780549
 1327.000000 1.834577
 1328.000000 1.943294
 1329.000000 2.142016
 1330.000000 2.152375
 1331.000000 1.964396
 1332.000000 2.038869
 1333.000000 2.267649
 1334.000000 2.100990
 1335.000000 1.998245
 1336.000000 2.127909
 1337.000000 2.104210
 1338.000000 2.052537
 1339.000000 2.050592
 1340.000000 1.888100
 1341.000000 1.821388
 1342.000000 2.102012
 1343.000000 2.336547
 1344.000000 2.351414
 1345.000000 2.592340
 1346.000000 2.640863
 1347.000000 2.604092
 1348.000000 2.666286
 1349.000000 2.513998
 1350.000000 2.554329
 1351.000000 2.897267
 1352.000000 3.294416
 1353.000000 3.589335
 1354.000000 3.289912
 1355.000000 3.297371
 1356.000000 3.476176
 1357.000000 3.332563
 1358.000000 3.175405
 1359.000000 3.484446
 1360.000000 3.505347
 1361.000000 3.649434
 1362.000000 3.575987
 1363.000000 3.792071
 1364.000000 4.279955
 1365.000000 4.653671
 1366.000000 4.587642
 1367.000000 4.686207
 1368.000000 4.701427
 1369.000000 4.662957
 1370.000000 4.462462
 1371.000000 4.564969
 1372.000000 4.454248
 1373.000000 4.342215
 1374.000000 4.205525
 1375.000000 4.466785
 1376.000000 4.221217
 1377.000000 4.080304
 1378.000000 4.482688
 1379.000000 4.265016
 1380.000000 4.007188
 1381.000000 4.093737
 1382.000000 4.063075
 1383.000000 4.395152
 1384.000000 4.380709
 1385.000000 4.286467
 1386.000000 4.161317
 1387.000000 4.316539
 1388.000000 4.462042
 1389.000000 4.424919
 1390.000000 4.483506
 1391.000000 4.504111
 1392.000000 4.762905
 1393.000000 4.786725
 1394.000000 4.624892
 1395.000000 4.680467
 1396.000000 4.531544
 1397.000000 4.507945
 1398.000000 4.400297
 1399.000000 4.328459
 1400.000000 4.205982
 1401.000000 4.272563
 1402.000000 4.391238
 1403.000000 4.295004
 1404.000000 4.288120
 1405.000000 4.133145
 1406.000000 4.169557
 1407.000000 4.077948
 1408.000000 3.825145
 1409.000000 3.779653
 1410.000000 3.618757
 1411.000000 2.965828
 1412.000000 3.324057
 1413.000000 3.186338
 1414.000000 2.984041
 1415.000000 2.993182
 1416.000000 2.564520
 1417.000000 3.027783
 1418.000000 3.114686
 1419.000000 3.038664
 1420.000000 3.428345
 1421.000000 3.545552
 1422.000000 3.519552
 1423.000000 3.463649
 1424.000000 3.083153
 1425.000000 3.313218
 1426.000000 2.738231
 1427.000000 3.222435
 1428.000000 3.291016
 1429.000000 2.925545
 1430.000000 3.009994
 1431.000000 3.188705
 1432.000000 2.680084
 1433.000000 3.029142
 1434.000000 3.522231
 1435.000000 3.198640
 1436.000000 3.437574
 1437.000000 3.243854
 1438.000000 3.146550
 1439.000000 3.099702
 1440.000000 2.879488
 1441.000000 2.946405
 1442.000000 2.952906
 1443.000000 3.068365
 1444.000000 2.981984
 1445.000000 3.051612
 1446.000000 3.139284
 1447.000000 2.813807
 1448.000000 3.014699
 1449.000000 3.407005
 1450.000000 3.237706
 1451.000000 3.868164
 1452.000000 3.960296
 1453.000000 4.041235
 1454.000000 4.079961
 1455.000000 4.285168
 1456.000000 4.256863
 1457.000000 4.001073
 1458.000000 4.108896
 1459.000000 4.175279
 1460.000000 4.216377
 1461.000000 4.098516
 1462.000000 4.122290
 1463.000000 3.949441
 1464.000000 4.048089
 1465.000000 4.175275
 1466.000000 4.068185
 1467.000000 4.134057
 1468.000000 4.224727
 1469.000000 4.079626
 1470.000000 4.155386
 1471.000000 4.219864
 1472.000000 4.125128
 1473.000000 4.243127
 1474.000000 3.953396
 1475.000000 4.044830
 1476.000000 3.866978
 1477.000000 3.930924
 1478.000000 3.865344
 1479.000000 3.784057
 1480.000000 3.935229
 1481.000000 3.828483
 1482.000000 3.703298
 1483.000000 3.888734
 1484.000000 3.924013
 1485.000000 3.864463
 1486.000000 3.560368
 1487.000000 3.380259
 1488.000000 3.331633
 1489.000000 3.126638
 1490.000000 3.415836
 1491.000000 3.654272
 1492.000000 3.885011
 1493.000000 3.502470
 1494.000000 3.835962
 1495.000000 4.157969
 1496.000000 4.129568
 1497.000000 4.081318
 1498.000000 4.096511
 1499.000000 4.148506
 1500.000000 4.249720
 1501.000000 4.158597
 1502.000000 4.259999
 1503.000000 4.329221
 1504.000000 4.341450
 1505.000000 4.243652
 1506.000000 4.240205
 1507.000000 4.124711
 1508.000000 3.792239
 1509.000000 3.960339
 1510.000000 3.732582
 1511.000000 3.751434
 1512.000000 3.725613
 1513.000000 3.763040
 1514.000000 3.878274
 1515.000000 3.797579
 1516.000000 3.988696
 1517.000000 4.138580
 1518.000000 4.121375
 1519.000000 3.917083
 1520.000000 3.964088
 1521.000000 3.907371
 1522.000000 3.496857
 1523.000000 2.954210
 1524.000000 2.975762
 1525.000000 3.112725
 1526.000000 2.760394
 1527.000000 2.514523
 1528.000000 2.684144
 1529.000000 3.240871
 1530.000000 3.207489
 1531.000000 3.290497
 1532.000000 3.447371
 1533.000000 3.965638
 1534.000000 4.196432
 1535.000000 4.050899
 1536.000000 4.022651
 1537.000000 4.222119
 1538.000000 4.176653
 1539.000000 4.047847
 1540.000000 4.149668
 1541.000000 4.189499
 1542.000000 4.243453
 1543.000000 4.315775
 1544.000000 4.526847
 1545.000000 4.319946
 1546.000000 4.408535
 1547.000000 4.519266
 1548.000000 4.620800
 1549.000000 4.742134
 1550.000000 4.812549
 1551.000000 4.952251
 1552.000000 4.893986
 1553.000000 4.929365
 1554.000000 4.939594
 1555.000000 4.748937
 1556.000000 4.721735
 1557.000000 4.716885
 1558.000000 4.467425
 1559.000000 4.175603
 1560.000000 3.860783
 1561.000000 3.673918
 1562.000000 3.150124
 1563.000000 3.272037
 1564.000000 3.585816
 1565.000000 3.398249
 1566.000000 3.698601
 1567.000000 3.628577
 1568.000000 2.853653
 1569.000000 2.689709
 1570.000000 3.295392
 1571.000000 3.026502
 1572.000000 3.121923
 1573.000000 3.447647
 1574.000000 3.640706
 1575.000000 3.370789
 1576.000000 3.455105
 1577.000000 3.815940
 1578.000000 3.251910
 1579.000000 3.573514
 1580.000000 3.444291
 1581.000000 3.469365
 1582.000000 3.328240
 1583.000000 3.092267
 1584.000000 3.154704
 1585.000000 3.101649
 1586.000000 3.031393
 1587.000000 2.918642
 1588.000000 2.772819
 1589.000000 2.743119
 1590.000000 3.078277
 1591.000000 3.147016
 1592.000000 3.362177
 1593.000000 3.359858
 1594.000000 3.263698
 1595.000000 3.360453
 1596.000000 3.852779
 1597.000000 3.719941
 1598.000000 3.896569
 1599.000000 3.814806
 1600.000000 3.906906
 1601.000000 3.602199
 1602.000000 3.936315
 1603.000000 3.784412
 1604.000000 3.938773
 1605.000000 3.994206
 1606.000000 3.783816
 1607.000000 3.993045
 1608.000000 4.088675
 1609.000000 4.209726
 1610.000000 4.109110
 1611.000000 3.956669
 1612.000000 3.398280
 1613.000000 3.452747
 1614.000000 3.673913
 1615.000000 3.250920
 1616.000000 3.341891
 1617.000000 2.896815
 1618.000000 2.723551
 1619.000000 2.646255
 1620.000000 2.656044
 1621.000000 2.696840
 1622.000000 2.744833
 1623.000000 2.780635
 1624.000000 3.120084
 1625.000000 3.334780
 1626.000000 3.361186
 1627.000000 3.111540
 1628.000000 3.110399
 1629.000000 3.316907
 1630.000000 2.979260
 1631.000000 3.306811
 1632.000000 2.881141
 1633.000000 2.547906
 1634.000000 2.817729
 1635.000000 2.543675
 1636.000000 2.732053
 1637.000000 2.628766
 1638.000000 2.525145
 1639.000000 2.266535
 1640.000000 2.355694
 1641.000000 2.434775
 1642.000000 2.390407
 1643.000000 2.634812
 1644.000000 3.115320
 1645.000000 2.772114
 1646.000000 2.978360
 1647.000000 2.786134
 1648.000000 2.958455
 1649.000000 2.825752
 1650.000000 3.031237
 1651.000000 3.170578
 1652.000000 3.229519
 1653.000000 3.224123
 1654.000000 3.448025
 1655.000000 3.015602
 1656.000000 3.230386
 1657.000000 3.376978
 1658.000000 3.361200
 1659.000000 3.272868
 1660.000000 3.092871
 1661.000000 3.024984
 1662.000000 3.334003
 1663.000000 3.142757
 1664.000000 3.204758
 1665.000000 2.729353
 1666.000000 2.617226
 1667.000000 2.283911
 1668.000000 2.467613
 1669.000000 2.421083
 1670.000000 2.169370
 1671.000000 2.259955
 1672.000000 2.047877
 1673.000000 2.472512
 1674.000000 2.286901
 1675.000000 2.278168
 1676.000000 1.855821
 1677.000000 1.893688
 1678.000000 1.248847
 1679.000000 2.657345
 1680.000000 2.905430
 1681.000000 3.303493
 1682.000000 2.986844
 1683.000000 2.854399
 1684.000000 2.555164
 1685.000000 1.635648
 1686.000000 1.251197
 1687.000000 1.308605
 1688.000000 1.410960
 1689.000000 1.775256
 1690.000000 3.815099
 1691.000000 4.377774
 1692.000000 3.687186
 1693.000000 4.410182
 1694.000000 3.940720
 1695.000000 3.653237
 1696.000000 3.293378
 1697.000000 3.538652
 1698.000000 3.726016
 1699.000000 2.363653
 1700.000000 2.085554
 1701.000000 2.961115
 1702.000000 4.015733
 1703.000000 4.453455
 1704.000000 4.242646
 1705.000000 4.302152
 1706.000000 3.469641
 1707.000000 3.457612
 1708.000000 2.902936
 1709.000000 2.873128
 1710.000000 2.999973
 1711.000000 3.479157
 1712.000000 3.635314
 1713.000000 3.808985
 1714.000000 3.291571
 1715.000000 3.922838
 1716.000000 3.801723
 1717.000000 3.761963
 1718.000000 4.088857
 1719.000000 4.172715
 1720.000000 4.321103
 1721.000000 3.700540
 1722.000000 3.353370
 1723.000000 2.488945
 1724.000000 1.625876
 1725.000000 0.831462
 1726.000000 1.468199
 1727.000000 1.186047
 1728.000000 1.290054
 1729.000000 1.569665
 1730.000000 1.283407
 1731.000000 1.365071
 1732.000000 1.086783
 1733.000000 0.941232
 1734.000000 1.066434
 1735.000000 1.178894
 1736.000000 0.851718
 1737.000000 0.687466
 1738.000000 1.183144
 1739.000000 0.935384
 1740.000000 0.369784
 1741.000000 0.228609
 1742.000000 2.869665
 1743.000000 0.895524
 1744.000000 2.157115
 1745.000000 1.497788
 1746.000000 1.247564
 1747.000000 0.737807
 1748.000000 2.310031
 1749.000000 1.627641
 1750.000000 0.563611
 1751.000000 1.050146
 1752.000000 1.849079
 1753.000000 2.457296
 1754.000000 0.769155
 1755.000000 3.179738
 1756.000000 2.979162
 1757.000000 3.073631
 1758.000000 3.360945
 1759.000000 3.502830
 1760.000000 3.117300
 1761.000000 3.234703
 1762.000000 2.921496
 1763.000000 2.643679
 1764.000000 2.424028
 1765.000000 2.212900
 1766.000000 1.166038
 1767.000000 0.903925
 1768.000000 0.560372
 1769.000000 1.972020
 1770.000000 2.970820
 1771.000000 4.292619
 1772.000000 4.351220
 1773.000000 3.988726
 1774.000000 2.627238
 1775.000000 2.994376
 1776.000000 3.816248
 1777.000000 3.318511
 1778.000000 3.158744
 1779.000000 3.311939
 1780.000000 3.762564
 1781.000000 3.137491
 1782.000000 4.498896
 1783.000000 3.512819
 1784.000000 4.846751
 1785.000000 3.423824
 1786.000000 3.194351
 1787.000000 3.421748
 1788.000000 1.979374
 1789.000000 3.254099
 1790.000000 2.084294
 1791.000000 2.792762
 1792.000000 2.773837
 1793.000000 3.410942
 1794.000000 3.098962
 1795.000000 2.550830
 1796.000000 2.954521
 1797.000000 3.115405
 1798.000000 1.976930
 1799.000000 2.645350
 1800.000000 2.954805
 1801.000000 2.559204
 1802.000000 3.595638
 1803.000000 3.808665
 1804.000000 3.459931
 1805.000000 3.221300
 1806.000000 1.905252
 1807.000000 2.970153
 1808.000000 3.167009
 1809.000000 3.178713
 1810.000000 3.192823
 1811.000000 3.302187
 1812.000000 3.560073
 1813.000000 3.339621
 1814.000000 3.428213
 1815.000000 3.587270
 1816.000000 3.567378
 1817.000000 3.779992
 1818.000000 3.284458
 1819.000000 3.374955
 1820.000000 2.919870
 1821.000000 3.058195
 1822.000000 3.199604
 1823.000000 3.048724
 1824.000000 2.838554
 1825.000000 2.826090
 1826.000000 3.018037
 1827.000000 3.251475
 1828.000000 3.301260
 1829.000000 3.518326
 1830.000000 2.565445
 1831.000000 2.578504
 1832.000000 2.875503
 1833.000000 3.035205
 1834.000000 3.067181
 1835.000000 2.968052
 1836.000000 3.270937
 1837.000000 3.421325
 1838.000000 2.690433
 1839.000000 2.655067
 1840.000000 3.150597
 1841.000000 3.261698
 1842.000000 3.643209
 1843.000000 3.533958
 1844.000000 3.877945
 1845.000000 3.745252
 1846.000000 3.666745
 1847.000000 3.770873
 1848.000000 3.592684
 1849.000000 4.128383
 1850.000000 3.959151
 1851.000000 3.844849
 1852.000000 3.674774
 1853.000000 3.461068
 1854.000000 3.674351
 1855.000000 3.224908
 1856.000000 2.968445
 1857.000000 2.853211
 1858.000000 2.505124
 1859.000000 3.257206
 1860.000000 3.392367
 1861.000000 3.766352
 1862.000000 3.314088
 1863.000000 3.700410
 1864.000000 2.346364
 1865.000000 3.444374
 1866.000000 2.886991
 1867.000000 2.396555
 1868.000000 3.290317
 1869.000000 2.923427
 1870.000000 2.282373
 1871.000000 3.287544
 1872.000000 3.679448
 1873.000000 4.114446
 1874.000000 3.769336
 1875.000000 3.502095
 1876.000000 3.463773
 1877.000000 3.408239
 1878.000000 3.398450
 1879.000000 3.417417
 1880.000000 3.508677
 1881.000000 3.308209
 1882.000000 3.777529
 1883.000000 4.049018
 1884.000000 3.960898
 1885.000000 3.914260
 1886.000000 3.942184
 1887.000000 3.982385
 1888.000000 4.030189
 1889.000000 3.743989
 1890.000000 3.992182
 1891.000000 4.296822
 1892.000000 4.507903
 1893.000000 4.170999
 1894.000000 4.604654
 1895.000000 4.872522
 1896.000000 4.941641
 1897.000000 4.878818
 1898.000000 4.297837
 1899.000000 4.345543
 1900.000000 4.071067
 1901.000000 4.098929
 1902.000000 4.143708
 1903.000000 4.162699
 1904.000000 1.552127
 1905.000000 2.053796
 1906.000000 2.901013
 1907.000000 3.127737
 1908.000000 2.905502
 1909.000000 1.878408
 1910.000000 2.393489
 1911.000000 3.664973
 1912.000000 4.105976
 1913.000000 2.908927
 1914.000000 3.077771
 1915.000000 3.386882
 1916.000000 3.702226
 1917.000000 3.193531
 1918.000000 4.122961
 1919.000000 3.311670
 1920.000000 2.068501
 1921.000000 2.440030
 1922.000000 2.717080
 1923.000000 2.698856
 1924.000000 3.003599
 1925.000000 3.283146
 1926.000000 3.033868
 1927.000000 2.852785
 1928.000000 2.285653
 1929.000000 0.793118
 1930.000000 2.015648
 1931.000000 2.398375
 1932.000000 2.212914
 1933.000000 2.289920
 1934.000000 1.882369
 1935.000000 2.149150
 1936.000000 2.480780
 1937.000000 2.454770
 1938.000000 1.611448
 1939.000000 2.202734
 1940.000000 1.855531
 1941.000000 2.294523
 1942.000000 2.456206
 1943.000000 2.813215
 1944.000000 2.758685
 1945.000000 2.439066
 1946.000000 2.707854
 1947.000000 2.698281
 1948.000000 2.635910
 1949.000000 2.290730
 1950.000000 2.598126
 1951.000000 2.582839
 1952.000000 2.462961
 1953.000000 2.783102
 1954.000000 2.564026
 1955.000000 2.355898
 1956.000000 2.198090
 1957.000000 2.315469
 1958.000000 2.548865
 1959.000000 3.389238
 1960.000000 3.207643
 1961.000000 3.251902
 1962.000000 3.195615
 1963.000000 3.205761
 1964.000000 2.884138
 1965.000000 3.256291
 1966.000000 3.269552
 1967.000000 3.149352
 1968.000000 3.207797
 1969.000000 3.725666
 1970.000000 2.397651
 1971.000000 1.867315
 1972.000000 0.896039
 1973.000000 2.916575
 1974.000000 1.160559
 1975.000000 0.259221
 1976.000000 1.262840
 1977.000000 1.280262
 1978.000000 0.268041
 1979.000000 1.901174
 1980.000000 1.734823
 1981.000000 3.155755
 1982.000000 3.137463
 1983.000000 3.897006
 1984.000000 3.645418
 1985.000000 3.484164
 1986.000000 2.800751
 1987.000000 3.627311
 1988.000000 3.263651
 1989.000000 3.211443
 1990.000000 3.023108
 1991.000000 2.808192
 1992.000000 3.007393
 1993.000000 2.960255
 1994.000000 3.932518
 1995.000000 2.936164
 1996.000000 1.848314
 1997.000000 3.347384
 1998.000000 2.547153
 1999.000000 2.270385
 2000.000000 2.796849
 2001.000000 2.117494
 2002.000000 2.565838
 2003.000000 2.543958
 2004.000000 2.862790
 2005.000000 3.202462
 2006.000000 3.106639
 2007.000000 2.884866
 2008.000000 2.827113
 2009.000000 3.477178
 2010.000000 3.216796
 2011.000000 3.032473
 2012.000000 3.056867
 2013.000000 2.536297
 2014.000000 3.048333
 2015.000000 3.243122
 2016.000000 2.850694
 2017.000000 3.092799
 2018.000000 3.731139
 2019.000000 4.169647
 2020.000000 3.853215
 2021.000000 3.899357
 2022.000000 3.860773
 2023.000000 3.978952
 2024.000000 4.122341
