#! FIELDS time r40.min
 0.000000 1.768369
 1.000000 1.614612
 2.000000 2.484838
 3.000000 3.259186
 4.000000 2.612896
 5.000000 2.751742
 6.000000 2.563551
 7.000000 2.712292
 8.000000 2.924699
 9.000000 3.748407
 10.000000 3.169681
 11.000000 3.396017
 12.000000 3.184918
 13.000000 2.799686
 14.000000 1.812632
 15.000000 1.985239
 16.000000 2.062785
 17.000000 2.105294
 18.000000 1.973735
 19.000000 2.458468
 20.000000 2.117895
 21.000000 2.162378
 22.000000 2.397194
 23.000000 2.484621
 24.000000 4.014419
 25.000000 2.661381
 26.000000 2.418823
 27.000000 2.340662
 28.000000 1.408580
 29.000000 1.264506
 30.000000 2.433835
 31.000000 3.135901
 32.000000 3.874440
 33.000000 3.973471
 34.000000 2.682517
 35.000000 3.135415
 36.000000 3.407314
 37.000000 3.355560
 38.000000 4.281262
 39.000000 3.876015
 40.000000 3.564700
 41.000000 3.873133
 42.000000 4.378682
 43.000000 3.653264
 44.000000 2.263796
 45.000000 1.559780
 46.000000 1.710383
 47.000000 1.576559
 48.000000 1.827157
 49.000000 1.919309
 50.000000 1.659249
 51.000000 1.740390
 52.000000 1.779181
 53.000000 2.129739
 54.000000 1.610703
 55.000000 1.748316
 56.000000 1.512805
 57.000000 1.577013
 58.000000 1.715741
 59.000000 1.638620
 60.000000 1.558319
 61.000000 1.680520
 62.000000 1.458242
 63.000000 1.639245
 64.000000 1.763392
 65.000000 2.155383
 66.000000 3.147724
 67.000000 3.935186
 68.000000 3.618426
 69.000000 3.690323
 70.000000 3.743296
 71.000000 3.375755
 72.000000 4.032675
 73.000000 4.399049
 74.000000 4.168021
 75.000000 3.133952
 76.000000 4.149885
 77.000000 3.792487
 78.000000 3.026526
 79.000000 3.383550
 80.000000 3.217197
 81.000000 3.264398
 82.000000 2.976754
 83.000000 3.246240
 84.000000 3.057067
 85.000000 3.001095
 86.000000 3.203948
 87.000000 3.740962
 88.000000 4.000400
 89.000000 3.824362
 90.000000 4.161497
 91.000000 4.175643
 92.000000 4.150530
 93.000000 4.075829
 94.000000 4.167208
 95.000000 4.264204
 96.000000 3.798811
 97.000000 3.428368
 98.000000 2.487801
 99.000000 2.130203
 100.000000 3.296658
 101.000000 2.835567
 102.000000 3.502248
 103.000000 3.135113
 104.000000 3.817428
 105.000000 3.455373
 106.000000 4.077911
 107.000000 3.264616
 108.000000 1.890655
 109.000000 1.699301
 110.000000 1.942454
 111.000000 1.967531
 112.000000 2.114530
 113.000000 2.504996
 114.000000 2.767513
 115.000000 2.731751
 116.000000 2.781230
 117.000000 2.808521
 118.000000 2.697418
 119.000000 2.626876
 120.000000 2.782638
 121.000000 2.874970
 122.000000 2.933901
 123.000000 2.942949
 124.000000 3.116163
 125.000000 2.948677
 126.000000 3.173459
 127.000000 2.845594
 128.000000 2.920591
 129.000000 2.278171
 130.000000 2.014171
 131.000000 1.672124
 132.000000 1.605450
 133.000000 1.801085
 134.000000 1.787849
 135.000000 2.021663
 136.000000 2.118385
 137.000000 2.233111
 138.000000 2.112293
 139.000000 1.991374
 140.000000 2.135912
 141.000000 2.423019
 142.000000 3.235286
 143.000000 3.169538
 144.000000 2.777012
 145.000000 2.557734
 146.000000 3.771286
 147.000000 3.463709
 148.000000 3.323051
 149.000000 3.403455
 150.000000 3.717447
 151.000000 3.767854
 152.000000 3.108882
 153.000000 3.303284
 154.000000 3.322074
 155.000000 3.614831
 156.000000 3.626023
 157.000000 3.267306
 158.000000 3.289992
 159.000000 2.947095
 160.000000 3.349524
 161.000000 3.897855
 162.000000 3.715833
 163.000000 3.707504
 164.000000 3.502900
 165.000000 3.084501
 166.000000 2.603145
 167.000000 2.479781
 168.000000 3.760709
 169.000000 2.873031
 170.000000 2.933246
 171.000000 2.654306
 172.000000 2.931515
 173.000000 2.993843
 174.000000 2.963107
 175.000000 3.004403
 176.000000 2.930440
 177.000000 2.820353
 178.000000 2.786696
 179.000000 2.899309
 180.000000 2.843558
 181.000000 2.880105
 182.000000 2.803853
 183.000000 2.808520
 184.000000 2.806213
 185.000000 2.764051
 186.000000 2.739763
 187.000000 2.818106
 188.000000 2.853123
 189.000000 2.845448
 190.000000 2.914144
 191.000000 2.930908
 192.000000 3.027780
 193.000000 2.922368
 194.000000 2.938635
 195.000000 2.920519
 196.000000 2.931892
 197.000000 3.033762
 198.000000 2.931739
 199.000000 2.897999
 200.000000 2.924760
 201.000000 2.986882
 202.000000 2.889960
 203.000000 3.009611
 204.000000 3.546872
 205.000000 3.476212
 206.000000 3.206504
 207.000000 2.988621
 208.000000 3.133791
 209.000000 3.323594
 210.000000 3.533242
 211.000000 3.453728
 212.000000 2.969766
 213.000000 2.915187
 214.000000 3.149935
 215.000000 3.262773
 216.000000 3.356452
 217.000000 3.087886
 218.000000 3.240101
 219.000000 3.535892
 220.000000 3.336417
 221.000000 3.405774
 222.000000 3.377727
 223.000000 3.590197
 224.000000 3.648446
 225.000000 3.762460
 226.000000 3.599158
 227.000000 3.579153
 228.000000 3.614091
 229.000000 3.544232
 230.000000 3.423038
 231.000000 3.487815
 232.000000 3.388034
 233.000000 3.637931
 234.000000 3.565211
 235.000000 3.642649
 236.000000 3.584933
 237.000000 3.542073
 238.000000 3.483737
 239.000000 3.570067
 240.000000 3.696687
 241.000000 3.702386
 242.000000 3.770689
 243.000000 3.801146
 244.000000 4.103812
 245.000000 4.112302
 246.000000 4.145276
 247.000000 4.121034
 248.000000 4.157091
 249.000000 4.074222
 250.000000 4.077869
 251.000000 4.096636
 252.000000 4.077396
 253.000000 3.859019
 254.000000 3.908966
 255.000000 3.820897
 256.000000 3.939231
 257.000000 3.791656
 258.000000 3.861453
 259.000000 3.965963
 260.000000 4.072266
 261.000000 3.867626
 262.000000 4.630832
 263.000000 4.580004
 264.000000 3.115317
 265.000000 3.513246
 266.000000 2.870392
 267.000000 3.141673
 268.000000 4.569995
 269.000000 4.724770
 270.000000 4.961566
 271.000000 4.884821
 272.000000 4.503733
 273.000000 4.810646
 274.000000 4.595362
 275.000000 4.239233
 276.000000 4.158142
 277.000000 3.587607
 278.000000 3.330025
 279.000000 2.844592
 280.000000 4.025428
 281.000000 4.474461
 282.000000 3.673977
 283.000000 3.886167
 284.000000 3.350613
 285.000000 4.369921
 286.000000 4.347993
 287.000000 4.477365
 288.000000 4.103723
 289.000000 3.602367
 290.000000 3.865686
 291.000000 3.029134
 292.000000 2.280964
 293.000000 2.450048
 294.000000 2.241157
 295.000000 2.228747
 296.000000 3.463364
 297.000000 3.817958
 298.000000 3.725115
 299.000000 3.386367
 300.000000 3.107907
 301.000000 3.002522
 302.000000 2.143081
 303.000000 2.779566
 304.000000 3.093152
 305.000000 4.253049
 306.000000 4.383115
 307.000000 3.557647
 308.000000 3.569150
 309.000000 3.691414
 310.000000 2.929919
 311.000000 2.830764
 312.000000 3.607272
 313.000000 3.861681
 314.000000 4.149211
 315.000000 3.959064
 316.000000 4.374818
 317.000000 3.690306
 318.000000 4.405599
 319.000000 4.051821
 320.000000 4.417232
 321.000000 3.897299
 322.000000 3.833042
 323.000000 4.095312
 324.000000 3.873828
 325.000000 3.440877
 326.000000 4.177092
 327.000000 4.289147
 328.000000 3.778698
 329.000000 4.177487
 330.000000 3.579935
 331.000000 3.912495
 332.000000 3.531423
 333.000000 2.299971
 334.000000 2.432161
 335.000000 2.983255
 336.000000 4.279757
 337.000000 4.383914
 338.000000 4.280213
 339.000000 4.228646
 340.000000 3.314731
 341.000000 3.091426
 342.000000 3.020861
 343.000000 2.954248
 344.000000 2.767893
 345.000000 2.881834
 346.000000 3.048683
 347.000000 3.297883
 348.000000 3.302316
 349.000000 3.288932
 350.000000 3.332459
 351.000000 3.326462
 352.000000 3.334955
 353.000000 3.359587
 354.000000 3.305429
 355.000000 3.275987
 356.000000 3.303143
 357.000000 3.239728
 358.000000 3.043835
 359.000000 3.004148
 360.000000 3.152129
 361.000000 3.016872
 362.000000 3.055657
 363.000000 3.086772
 364.000000 3.139539
 365.000000 3.079763
 366.000000 3.003977
 367.000000 3.055108
 368.000000 3.046445
 369.000000 3.122670
 370.000000 3.057585
 371.000000 3.038608
 372.000000 3.031895
 373.000000 3.118008
 374.000000 3.001158
 375.000000 2.994766
 376.000000 3.136987
 377.000000 3.144924
 378.000000 3.061172
 379.000000 2.950207
 380.000000 2.989578
 381.000000 2.928669
 382.000000 2.894270
 383.000000 2.997299
 384.000000 3.006160
 385.000000 2.922657
 386.000000 3.029989
 387.000000 2.935075
 388.000000 2.881119
 389.000000 2.898425
 390.000000 2.909086
 391.000000 2.872212
 392.000000 2.877629
 393.000000 2.910872
 394.000000 3.001330
 395.000000 2.853107
 396.000000 3.046396
 397.000000 2.897161
 398.000000 2.947296
 399.000000 2.771546
 400.000000 2.865188
 401.000000 2.816499
 402.000000 2.660133
 403.000000 2.923225
 404.000000 2.937419
 405.000000 2.895752
 406.000000 2.863146
 407.000000 2.793058
 408.000000 2.839383
 409.000000 2.820946
 410.000000 2.877188
 411.000000 2.938654
 412.000000 2.937024
 413.000000 2.959045
 414.000000 2.990525
 415.000000 3.031704
 416.000000 2.974109
 417.000000 2.961295
 418.000000 2.942242
 419.000000 2.929613
 420.000000 2.914948
 421.000000 4.245258
 422.000000 2.986429
 423.000000 3.028936
 424.000000 3.064141
 425.000000 3.010456
 426.000000 2.997733
 427.000000 3.054065
 428.000000 3.097363
 429.000000 4.125431
 430.000000 3.140707
 431.000000 3.137139
 432.000000 3.221326
 433.000000 3.268907
 434.000000 3.108550
 435.000000 3.216590
 436.000000 3.038492
 437.000000 3.142778
 438.000000 3.147680
 439.000000 3.107416
 440.000000 3.181855
 441.000000 2.950484
 442.000000 3.117082
 443.000000 4.369477
 444.000000 4.425320
 445.000000 4.460111
 446.000000 3.293763
 447.000000 4.748458
 448.000000 3.191705
 449.000000 4.845074
 450.000000 4.972636
 451.000000 5.223468
 452.000000 3.554060
 453.000000 3.487315
 454.000000 2.556413
 455.000000 3.789516
 456.000000 4.861574
 457.000000 4.175648
 458.000000 4.370719
 459.000000 4.675248
 460.000000 4.506238
 461.000000 4.004414
 462.000000 3.777413
 463.000000 3.767521
 464.000000 2.944085
 465.000000 3.280787
 466.000000 3.559077
 467.000000 3.371964
 468.000000 3.754477
 469.000000 3.978892
 470.000000 3.820012
 471.000000 3.961978
 472.000000 3.642199
 473.000000 3.231194
 474.000000 3.096788
 475.000000 1.263855
 476.000000 2.028972
 477.000000 2.376491
 478.000000 3.364131
 479.000000 3.404324
 480.000000 3.291160
 481.000000 3.758776
 482.000000 3.896877
 483.000000 4.337281
 484.000000 4.411006
 485.000000 4.212396
 486.000000 2.911227
 487.000000 3.637468
 488.000000 3.483874
 489.000000 2.368692
 490.000000 1.020506
 491.000000 1.486791
 492.000000 1.788850
 493.000000 2.439285
 494.000000 2.535755
 495.000000 2.828686
 496.000000 2.902562
 497.000000 3.432175
 498.000000 3.861194
 499.000000 3.861584
 500.000000 4.045721
 501.000000 4.014550
 502.000000 4.618195
 503.000000 4.418338
 504.000000 2.907853
 505.000000 3.844467
 506.000000 3.910135
 507.000000 3.944063
 508.000000 3.486024
 509.000000 3.908501
 510.000000 4.101353
 511.000000 4.008221
 512.000000 3.628020
 513.000000 3.337960
 514.000000 3.146408
 515.000000 3.476215
 516.000000 3.524037
 517.000000 3.036228
 518.000000 3.747505
 519.000000 3.251540
 520.000000 3.437416
 521.000000 3.779460
 522.000000 4.349364
 523.000000 3.161385
 524.000000 2.615711
 525.000000 2.543511
 526.000000 2.555538
 527.000000 2.876451
 528.000000 2.845821
 529.000000 2.340485
 530.000000 2.754392
 531.000000 2.748629
 532.000000 3.031221
 533.000000 3.755117
 534.000000 3.513208
 535.000000 3.551683
 536.000000 3.725222
 537.000000 4.136458
 538.000000 4.122821
 539.000000 3.974471
 540.000000 3.989041
 541.000000 3.528154
 542.000000 4.112889
 543.000000 4.003633
 544.000000 3.859672
 545.000000 3.372081
 546.000000 3.251576
 547.000000 2.807404
 548.000000 2.622006
 549.000000 2.866652
 550.000000 2.762458
 551.000000 2.761933
 552.000000 2.721836
 553.000000 2.766629
 554.000000 2.766741
 555.000000 2.825608
 556.000000 2.949644
 557.000000 2.968022
 558.000000 2.884718
 559.000000 2.882025
 560.000000 2.926938
 561.000000 2.882660
 562.000000 2.846575
 563.000000 2.779720
 564.000000 2.805272
 565.000000 2.937127
 566.000000 2.770157
 567.000000 2.877363
 568.000000 2.810415
 569.000000 2.611536
 570.000000 2.783049
 571.000000 2.739618
 572.000000 2.800489
 573.000000 2.759760
 574.000000 2.960088
 575.000000 2.889925
 576.000000 3.010050
 577.000000 3.179475
 578.000000 3.166744
 579.000000 4.116023
 580.000000 3.572143
 581.000000 3.821637
 582.000000 3.405681
 583.000000 3.673853
 584.000000 3.860546
 585.000000 3.414709
 586.000000 4.043042
 587.000000 3.838661
 588.000000 3.888353
 589.000000 3.950082
 590.000000 4.333373
 591.000000 3.831643
 592.000000 3.071660
 593.000000 2.849667
 594.000000 2.683087
 595.000000 3.587469
 596.000000 3.257389
 597.000000 3.323446
 598.000000 3.339380
 599.000000 3.237160
 600.000000 3.213971
 601.000000 3.374231
 602.000000 3.305910
 603.000000 3.333800
 604.000000 3.260805
 605.000000 3.243244
 606.000000 3.218007
 607.000000 3.222364
 608.000000 3.186909
 609.000000 3.077917
 610.000000 3.059661
 611.000000 3.054004
 612.000000 3.067867
 613.000000 3.178665
 614.000000 3.108729
 615.000000 3.244765
 616.000000 3.260604
 617.000000 3.276963
 618.000000 4.619787
 619.000000 3.150964
 620.000000 3.100817
 621.000000 3.131108
 622.000000 3.246713
 623.000000 3.227834
 624.000000 4.640261
 625.000000 3.157390
 626.000000 3.090845
 627.000000 4.636976
 628.000000 3.205139
 629.000000 4.557230
 630.000000 4.552047
 631.000000 4.538193
 632.000000 4.473693
 633.000000 4.564878
 634.000000 3.305261
 635.000000 3.413393
 636.000000 3.400067
 637.000000 4.469517
 638.000000 4.513837
 639.000000 3.335269
 640.000000 3.375190
 641.000000 4.497566
 642.000000 3.482285
 643.000000 4.465340
 644.000000 4.469442
 645.000000 4.491604
 646.000000 3.577140
 647.000000 3.591533
 648.000000 4.395973
 649.000000 4.444068
 650.000000 4.414162
 651.000000 4.403406
 652.000000 4.402496
 653.000000 3.557271
 654.000000 3.611831
 655.000000 3.615727
 656.000000 3.707544
 657.000000 3.703272
 658.000000 3.715430
 659.000000 3.777201
 660.000000 3.749656
 661.000000 3.717516
 662.000000 3.733729
 663.000000 3.719358
 664.000000 3.691957
 665.000000 3.805739
 666.000000 3.325225
 667.000000 3.486539
 668.000000 3.494375
 669.000000 3.547785
 670.000000 3.506408
 671.000000 3.493009
 672.000000 3.499269
 673.000000 3.666965
 674.000000 3.612202
 675.000000 3.706949
 676.000000 3.654928
 677.000000 3.680700
 678.000000 3.646899
 679.000000 3.759924
 680.000000 3.716880
 681.000000 3.695800
 682.000000 3.602019
 683.000000 3.583260
 684.000000 3.597896
 685.000000 3.628204
 686.000000 3.650860
 687.000000 3.500487
 688.000000 3.418923
 689.000000 3.491127
 690.000000 3.578211
 691.000000 3.509294
 692.000000 3.622166
 693.000000 3.697014
 694.000000 3.380506
 695.000000 3.694654
 696.000000 3.578943
 697.000000 3.690449
 698.000000 3.551945
 699.000000 3.478083
 700.000000 3.462629
 701.000000 3.369993
 702.000000 3.386245
 703.000000 3.482391
 704.000000 3.349925
 705.000000 2.933818
 706.000000 3.114535
 707.000000 3.603641
 708.000000 3.650986
 709.000000 4.071217
 710.000000 4.190113
 711.000000 4.058693
 712.000000 3.658123
 713.000000 4.156135
 714.000000 3.633078
 715.000000 3.780356
 716.000000 3.989237
 717.000000 3.883115
 718.000000 3.502229
 719.000000 3.267291
 720.000000 3.159026
 721.000000 2.173124
 722.000000 3.272787
 723.000000 3.748845
 724.000000 2.353239
 725.000000 1.676622
 726.000000 3.537130
 727.000000 3.123661
 728.000000 3.900502
 729.000000 3.707899
 730.000000 4.184310
 731.000000 4.055920
 732.000000 3.406116
 733.000000 3.830885
 734.000000 3.841586
 735.000000 3.836491
 736.000000 3.491014
 737.000000 3.319001
 738.000000 4.225474
 739.000000 3.400781
 740.000000 3.715570
 741.000000 3.275014
 742.000000 4.088102
 743.000000 3.500735
 744.000000 3.324143
 745.000000 2.758899
 746.000000 2.858055
 747.000000 2.907448
 748.000000 3.452950
 749.000000 3.569604
 750.000000 3.925023
 751.000000 3.805573
 752.000000 3.972906
 753.000000 3.849494
 754.000000 3.757405
 755.000000 3.452587
 756.000000 3.624260
 757.000000 3.250439
 758.000000 2.714315
 759.000000 2.898014
 760.000000 2.243883
 761.000000 2.326814
 762.000000 2.257075
 763.000000 2.328385
 764.000000 2.945431
 765.000000 3.144286
 766.000000 3.178722
 767.000000 3.749991
 768.000000 4.082877
 769.000000 3.791789
 770.000000 3.556600
 771.000000 3.762178
 772.000000 3.929549
 773.000000 3.664520
 774.000000 3.393412
 775.000000 2.196128
 776.000000 2.521810
 777.000000 2.871133
 778.000000 2.549753
 779.000000 2.489901
 780.000000 3.141517
 781.000000 2.711709
 782.000000 2.916447
 783.000000 2.735207
 784.000000 3.041881
 785.000000 3.323288
 786.000000 3.688829
 787.000000 3.169846
 788.000000 3.483242
 789.000000 3.577552
 790.000000 3.692132
 791.000000 3.854907
 792.000000 3.956066
 793.000000 4.084260
 794.000000 4.469183
 795.000000 4.075192
 796.000000 3.677032
 797.000000 4.123121
 798.000000 4.082710
 799.000000 3.393406
 800.000000 3.111852
 801.000000 3.193188
 802.000000 2.917923
 803.000000 3.362246
 804.000000 3.093679
 805.000000 3.166882
 806.000000 2.843563
 807.000000 2.054961
 808.000000 1.784720
 809.000000 2.647949
 810.000000 2.263752
 811.000000 2.744256
 812.000000 3.119775
 813.000000 3.118148
 814.000000 3.317325
 815.000000 3.002176
 816.000000 3.714761
 817.000000 4.168085
 818.000000 4.132545
 819.000000 4.223272
 820.000000 4.034622
 821.000000 3.878539
 822.000000 3.463734
 823.000000 3.771480
 824.000000 3.522812
 825.000000 3.144513
 826.000000 3.165909
 827.000000 3.030978
 828.000000 2.558973
 829.000000 3.011422
 830.000000 3.102196
 831.000000 3.167854
 832.000000 2.989004
 833.000000 3.171886
 834.000000 3.081840
 835.000000 3.179673
 836.000000 3.125437
 837.000000 2.927125
 838.000000 3.246895
 839.000000 3.018225
 840.000000 3.188239
 841.000000 3.733272
 842.000000 3.244892
 843.000000 3.559219
 844.000000 4.129717
 845.000000 3.847919
 846.000000 3.838196
 847.000000 3.869774
 848.000000 3.748858
 849.000000 4.285091
 850.000000 4.333006
 851.000000 3.931127
 852.000000 3.584938
 853.000000 3.033438
 854.000000 3.143642
 855.000000 4.623634
 856.000000 4.117443
 857.000000 3.918859
 858.000000 4.148681
 859.000000 3.876533
 860.000000 3.378436
 861.000000 3.204994
 862.000000 2.985834
 863.000000 3.495856
 864.000000 3.878440
 865.000000 3.593243
 866.000000 3.096913
 867.000000 3.942225
 868.000000 3.567949
 869.000000 3.332999
 870.000000 3.617590
 871.000000 3.872632
 872.000000 3.798782
 873.000000 3.687741
 874.000000 3.374829
 875.000000 3.640890
 876.000000 3.255698
 877.000000 3.586725
 878.000000 3.319273
 879.000000 3.318033
 880.000000 2.894055
 881.000000 4.069211
 882.000000 3.551585
 883.000000 4.282553
 884.000000 3.918948
 885.000000 4.328629
 886.000000 3.980080
 887.000000 3.809429
 888.000000 3.758625
 889.000000 3.941258
 890.000000 3.853528
 891.000000 3.785669
 892.000000 3.968504
 893.000000 4.071081
 894.000000 4.085509
 895.000000 4.000900
 896.000000 3.654059
 897.000000 3.637268
 898.000000 3.737766
 899.000000 3.847458
 900.000000 3.691340
 901.000000 3.741362
 902.000000 3.790455
 903.000000 4.040758
 904.000000 4.268148
 905.000000 4.193531
 906.000000 3.668828
 907.000000 2.701801
 908.000000 2.170411
 909.000000 2.253323
 910.000000 2.095253
 911.000000 2.239428
 912.000000 2.232500
 913.000000 2.226548
 914.000000 2.229295
 915.000000 2.171029
 916.000000 2.014285
 917.000000 2.040585
 918.000000 2.079471
 919.000000 2.129381
 920.000000 2.177691
 921.000000 2.242076
 922.000000 2.245930
 923.000000 2.392795
 924.000000 2.397739
 925.000000 2.214631
 926.000000 2.305124
 927.000000 2.176579
 928.000000 2.301990
 929.000000 2.400553
 930.000000 2.377562
 931.000000 2.336406
 932.000000 2.220208
 933.000000 2.275927
 934.000000 2.249237
 935.000000 2.192349
 936.000000 2.292009
 937.000000 2.365963
 938.000000 2.384425
 939.000000 2.462249
 940.000000 2.377996
 941.000000 2.339873
 942.000000 2.330804
 943.000000 2.257300
 944.000000 2.310947
 945.000000 2.345244
 946.000000 2.340100
 947.000000 2.357490
 948.000000 2.234250
 949.000000 2.379053
 950.000000 2.330300
 951.000000 2.338903
 952.000000 2.380904
 953.000000 2.340243
 954.000000 2.467226
 955.000000 2.453798
 956.000000 2.499255
 957.000000 2.415182
 958.000000 2.409216
 959.000000 2.390348
 960.000000 2.445645
 961.000000 2.384513
 962.000000 2.461304
 963.000000 2.372283
 964.000000 2.281798
 965.000000 2.471612
 966.000000 2.387598
 967.000000 2.328703
 968.000000 2.314994
 969.000000 2.335778
 970.000000 2.332808
 971.000000 2.581771
 972.000000 2.482662
 973.000000 2.466986
 974.000000 2.446198
 975.000000 2.439085
 976.000000 2.600138
 977.000000 2.489599
 978.000000 3.314482
 979.000000 3.497722
 980.000000 3.578878
 981.000000 2.932430
 982.000000 3.734316
 983.000000 3.651849
 984.000000 3.397229
 985.000000 3.985618
 986.000000 3.430325
 987.000000 4.175892
 988.000000 3.801657
 989.000000 3.444909
 990.000000 3.063062
 991.000000 3.288254
 992.000000 4.104779
 993.000000 4.186583
 994.000000 4.108696
 995.000000 3.695075
 996.000000 4.011286
 997.000000 3.866736
 998.000000 2.695674
 999.000000 2.852083
 1000.000000 2.599249
 1001.000000 2.244029
 1002.000000 2.043888
 1003.000000 1.989266
 1004.000000 2.370876
 1005.000000 2.432595
 1006.000000 2.239441
 1007.000000 2.484054
 1008.000000 2.431166
 1009.000000 2.249197
 1010.000000 2.045459
 1011.000000 1.477451
 1012.000000 1.644062
 1013.000000 1.914555
 1014.000000 1.696757
 1015.000000 1.716517
 1016.000000 1.682358
 1017.000000 1.528685
 1018.000000 1.537756
 1019.000000 1.519802
 1020.000000 1.417454
 1021.000000 1.528930
 1022.000000 1.592737
 1023.000000 1.556275
 1024.000000 1.352432
 1025.000000 1.253149
 1026.000000 1.303548
 1027.000000 1.016456
 1028.000000 1.478276
 1029.000000 1.235488
 1030.000000 1.249921
 1031.000000 1.363684
 1032.000000 1.221467
 1033.000000 0.987756
 1034.000000 1.067391
 1035.000000 1.057054
 1036.000000 1.128499
 1037.000000 1.009160
 1038.000000 1.113018
 1039.000000 1.774185
 1040.000000 2.160051
 1041.000000 3.017263
 1042.000000 3.315282
 1043.000000 3.922727
 1044.000000 3.739962
 1045.000000 3.684094
 1046.000000 3.772405
 1047.000000 3.964438
 1048.000000 4.255885
 1049.000000 4.196488
 1050.000000 4.346847
 1051.000000 4.097552
 1052.000000 3.878539
 1053.000000 3.422593
 1054.000000 3.404068
 1055.000000 3.970660
 1056.000000 3.486971
 1057.000000 3.626580
 1058.000000 3.437048
 1059.000000 3.271376
 1060.000000 3.948570
 1061.000000 4.270572
 1062.000000 4.281873
 1063.000000 4.287864
 1064.000000 4.392814
 1065.000000 4.282062
 1066.000000 4.346595
 1067.000000 4.060119
 1068.000000 4.258320
 1069.000000 4.376704
 1070.000000 4.279952
 1071.000000 4.297229
 1072.000000 3.800174
 1073.000000 3.768972
 1074.000000 3.249523
 1075.000000 3.439819
 1076.000000 2.716292
 1077.000000 2.969905
 1078.000000 3.455952
 1079.000000 3.758331
 1080.000000 3.505321
 1081.000000 2.384551
 1082.000000 2.476698
 1083.000000 3.348410
 1084.000000 3.751054
 1085.000000 3.119833
 1086.000000 3.846394
 1087.000000 3.788704
 1088.000000 2.865451
 1089.000000 4.613990
 1090.000000 4.470541
 1091.000000 3.972146
 1092.000000 3.847370
 1093.000000 4.113109
 1094.000000 3.632833
 1095.000000 3.169397
 1096.000000 3.450290
 1097.000000 3.617372
 1098.000000 3.613747
 1099.000000 3.576471
 1100.000000 3.460399
 1101.000000 3.129206
 1102.000000 2.116009
 1103.000000 2.044792
 1104.000000 2.295756
 1105.000000 3.396009
 1106.000000 2.852687
 1107.000000 2.437185
 1108.000000 1.322677
 1109.000000 0.792469
 1110.000000 0.792827
 1111.000000 0.721455
 1112.000000 0.780415
 1113.000000 0.756267
 1114.000000 0.910547
 1115.000000 0.945511
 1116.000000 0.762934
 1117.000000 0.704566
 1118.000000 0.897789
 1119.000000 0.713335
 1120.000000 0.662756
 1121.000000 0.710620
 1122.000000 0.827709
 1123.000000 0.917605
 1124.000000 0.793239
 1125.000000 0.803559
 1126.000000 0.688946
 1127.000000 0.938090
 1128.000000 1.083334
 1129.000000 1.029195
 1130.000000 1.072524
 1131.000000 1.141881
 1132.000000 1.128618
 1133.000000 0.977742
 1134.000000 0.989172
 1135.000000 0.996901
 1136.000000 0.931121
 1137.000000 1.025768
 1138.000000 1.195014
 1139.000000 1.219887
 1140.000000 1.120355
 1141.000000 1.302359
 1142.000000 1.247446
 1143.000000 1.277858
 1144.000000 1.253057
 1145.000000 1.338359
 1146.000000 1.191892
 1147.000000 1.153813
 1148.000000 1.277102
 1149.000000 1.205090
 1150.000000 1.222188
 1151.000000 1.278779
 1152.000000 1.360149
 1153.000000 1.105725
 1154.000000 1.188721
 1155.000000 1.092545
 1156.000000 1.320958
 1157.000000 1.181988
 1158.000000 1.193704
 1159.000000 1.137003
 1160.000000 1.195516
 1161.000000 1.184785
 1162.000000 1.243126
 1163.000000 1.110559
 1164.000000 1.048351
 1165.000000 1.154202
 1166.000000 1.209416
 1167.000000 1.161599
 1168.000000 1.165153
 1169.000000 1.258033
 1170.000000 1.213028
 1171.000000 1.144409
 1172.000000 1.145584
 1173.000000 1.063982
 1174.000000 1.188465
 1175.000000 1.138293
 1176.000000 1.097339
 1177.000000 1.088732
 1178.000000 1.137622
 1179.000000 1.119565
 1180.000000 1.021499
 1181.000000 1.026121
 1182.000000 1.154968
 1183.000000 1.153497
 1184.000000 1.283600
 1185.000000 1.083961
 1186.000000 1.219630
 1187.000000 1.247528
 1188.000000 1.215298
 1189.000000 1.111594
 1190.000000 1.097728
 1191.000000 1.156161
 1192.000000 1.068774
 1193.000000 1.146308
 1194.000000 1.163581
 1195.000000 1.186262
 1196.000000 1.169490
 1197.000000 1.174964
 1198.000000 1.120859
 1199.000000 1.145287
 1200.000000 1.052402
 1201.000000 1.163780
 1202.000000 1.050291
 1203.000000 1.040831
 1204.000000 1.199740
 1205.000000 1.062076
 1206.000000 1.172579
 1207.000000 1.074163
 1208.000000 1.202767
 1209.000000 1.146860
 1210.000000 1.228819
 1211.000000 1.177565
 1212.000000 1.122479
 1213.000000 1.065380
 1214.000000 1.059901
 1215.000000 1.217267
 1216.000000 1.127140
 1217.000000 1.106149
 1218.000000 1.224024
 1219.000000 1.168377
 1220.000000 1.178608
 1221.000000 1.223299
 1222.000000 1.185322
 1223.000000 1.152338
 1224.000000 1.192514
 1225.000000 1.066948
 1226.000000 1.054492
 1227.000000 1.100782
 1228.000000 1.107482
 1229.000000 1.118535
 1230.000000 1.201064
 1231.000000 1.084448
 1232.000000 1.206307
 1233.000000 1.139349
 1234.000000 1.216356
 1235.000000 1.258572
 1236.000000 1.212117
 1237.000000 1.295533
 1238.000000 1.053348
 1239.000000 1.086163
 1240.000000 1.124549
 1241.000000 1.240024
 1242.000000 1.255629
 1243.000000 1.152832
 1244.000000 1.225355
 1245.000000 1.177751
 1246.000000 1.128207
 1247.000000 1.193005
 1248.000000 1.240971
 1249.000000 1.197519
 1250.000000 1.031231
 1251.000000 1.213888
 1252.000000 1.123778
 1253.000000 1.196352
 1254.000000 1.110879
 1255.000000 1.209561
 1256.000000 1.238474
 1257.000000 1.204698
 1258.000000 1.059710
 1259.000000 1.239848
 1260.000000 1.122931
 1261.000000 1.248309
 1262.000000 1.196538
 1263.000000 1.173873
 1264.000000 1.125037
 1265.000000 1.091799
 1266.000000 1.113631
 1267.000000 1.166243
 1268.000000 1.100222
 1269.000000 1.049986
 1270.000000 1.172285
 1271.000000 1.039462
 1272.000000 1.070703
 1273.000000 1.092692
 1274.000000 1.049962
 1275.000000 1.145908
 1276.000000 1.228544
 1277.000000 1.235766
 1278.000000 1.232257
 1279.000000 1.250686
 1280.000000 1.123200
 1281.000000 1.227482
 1282.000000 1.154117
 1283.000000 1.112721
 1284.000000 1.030564
 1285.000000 1.171262
 1286.000000 1.070080
 1287.000000 1.119707
 1288.000000 1.180028
 1289.000000 1.177130
 1290.000000 1.107204
 1291.000000 1.101310
 1292.000000 1.098845
 1293.000000 1.148979
 1294.000000 1.050169
 1295.000000 1.145589
 1296.000000 1.056323
 1297.000000 1.075085
 1298.000000 1.137493
 1299.000000 1.322666
 1300.000000 1.366858
 1301.000000 1.364149
 1302.000000 1.154623
 1303.000000 1.287915
 1304.000000 1.249109
 1305.000000 1.167823
 1306.000000 1.225626
 1307.000000 1.258770
 1308.000000 1.288905
 1309.000000 1.192809
 1310.000000 1.151951
 1311.000000 1.137696
 1312.000000 1.165962
 1313.000000 1.227937
 1314.000000 1.147198
 1315.000000 1.207025
 1316.000000 1.231459
 1317.000000 1.031430
 1318.000000 1.077948
 1319.000000 1.118503
 1320.000000 0.986491
 1321.000000 1.148433
 1322.000000 1.065617
 1323.000000 1.042617
 1324.000000 1.014316
 1325.000000 1.124526
 1326.000000 1.209153
 1327.000000 1.148850
 1328.000000 1.160323
 1329.000000 1.218067
 1330.000000 1.223432
 1331.000000 1.128860
 1332.000000 1.151156
 1333.000000 1.216436
 1334.000000 1.275645
 1335.000000 1.202414
 1336.000000 1.276265
 1337.000000 1.154690
 1338.000000 1.109197
 1339.000000 1.202179
 1340.000000 1.098891
 1341.000000 1.067791
 1342.000000 1.153392
 1343.000000 1.160439
 1344.000000 1.179461
 1345.000000 1.100754
 1346.000000 1.114114
 1347.000000 1.255903
 1348.000000 1.186755
 1349.000000 1.003170
 1350.000000 1.190646
 1351.000000 1.274518
 1352.000000 1.143845
 1353.000000 1.149009
 1354.000000 1.069934
 1355.000000 1.100236
 1356.000000 1.212202
 1357.000000 1.047071
 1358.000000 1.241105
 1359.000000 1.102896
 1360.000000 1.143792
 1361.000000 0.960459
 1362.000000 1.050243
 1363.000000 1.165997
 1364.000000 1.120414
 1365.000000 0.989496
 1366.000000 1.075785
 1367.000000 1.128762
 1368.000000 1.106734
 1369.000000 1.106286
 1370.000000 1.128464
 1371.000000 1.031706
 1372.000000 1.127227
 1373.000000 1.079695
 1374.000000 1.041163
 1375.000000 1.135846
 1376.000000 1.147577
 1377.000000 1.122248
 1378.000000 1.063945
 1379.000000 1.147685
 1380.000000 1.242036
 1381.000000 1.148122
 1382.000000 1.005994
 1383.000000 1.070723
 1384.000000 1.074349
 1385.000000 1.127782
 1386.000000 1.188577
 1387.000000 1.226791
 1388.000000 1.108108
 1389.000000 1.003321
 1390.000000 0.943205
 1391.000000 1.006686
 1392.000000 1.096867
 1393.000000 0.918349
 1394.000000 0.975561
 1395.000000 1.058407
 1396.000000 1.020736
 1397.000000 1.085625
 1398.000000 1.159244
 1399.000000 1.171055
 1400.000000 1.324324
 1401.000000 1.085499
 1402.000000 1.104419
 1403.000000 1.143520
 1404.000000 1.220650
 1405.000000 1.090411
 1406.000000 1.228373
 1407.000000 1.274574
 1408.000000 1.075889
 1409.000000 1.053728
 1410.000000 1.066432
 1411.000000 1.102712
 1412.000000 1.285831
 1413.000000 1.169745
 1414.000000 1.259862
 1415.000000 1.187454
 1416.000000 1.222496
 1417.000000 1.159654
 1418.000000 1.167877
 1419.000000 1.098226
 1420.000000 1.184871
 1421.000000 1.230678
 1422.000000 1.146035
 1423.000000 1.146185
 1424.000000 1.310261
 1425.000000 1.091092
 1426.000000 1.044572
 1427.000000 1.065642
 1428.000000 1.187332
 1429.000000 1.127808
 1430.000000 1.091861
 1431.000000 1.208463
 1432.000000 1.158735
 1433.000000 1.362626
 1434.000000 1.347816
 1435.000000 1.312799
 1436.000000 1.346986
 1437.000000 1.354429
 1438.000000 1.279439
 1439.000000 1.365826
 1440.000000 1.277637
 1441.000000 1.261946
 1442.000000 1.328300
 1443.000000 1.274871
 1444.000000 1.324976
 1445.000000 1.359264
 1446.000000 1.402015
 1447.000000 1.381817
 1448.000000 1.311476
 1449.000000 1.376942
 1450.000000 1.333412
 1451.000000 1.300058
 1452.000000 1.196067
 1453.000000 1.327140
 1454.000000 1.290765
 1455.000000 1.321913
 1456.000000 1.381404
 1457.000000 1.340290
 1458.000000 1.279740
 1459.000000 1.358403
 1460.000000 1.182037
 1461.000000 1.314561
 1462.000000 1.271230
 1463.000000 1.312990
 1464.000000 1.314339
 1465.000000 1.221585
 1466.000000 1.339312
 1467.000000 1.370574
 1468.000000 1.377119
 1469.000000 1.366661
 1470.000000 1.327327
 1471.000000 1.398091
 1472.000000 1.374036
 1473.000000 1.412140
 1474.000000 1.426192
 1475.000000 1.467361
 1476.000000 1.424497
 1477.000000 1.443601
 1478.000000 1.329543
 1479.000000 1.408109
 1480.000000 1.499064
 1481.000000 1.399767
 1482.000000 1.364611
 1483.000000 1.474007
 1484.000000 1.393439
 1485.000000 1.464362
 1486.000000 1.406198
 1487.000000 1.493420
 1488.000000 1.480822
 1489.000000 1.367636
 1490.000000 1.395244
 1491.000000 1.402363
 1492.000000 1.367273
 1493.000000 1.407120
 1494.000000 1.447371
 1495.000000 1.377392
 1496.000000 1.387406
 1497.000000 1.395945
 1498.000000 1.497931
 1499.000000 1.428839
 1500.000000 1.237894
 1501.000000 1.424359
 1502.000000 1.433241
 1503.000000 1.429653
 1504.000000 1.380674
 1505.000000 1.420633
 1506.000000 1.413697
 1507.000000 1.396740
 1508.000000 1.411840
 1509.000000 1.491306
 1510.000000 1.382998
 1511.000000 1.451561
 1512.000000 1.438312
 1513.000000 1.430376
 1514.000000 1.409665
 1515.000000 1.365290
 1516.000000 1.356621
 1517.000000 1.259992
 1518.000000 1.310332
 1519.000000 1.494562
 1520.000000 1.406181
 1521.000000 1.375687
 1522.000000 1.411436
 1523.000000 1.450598
 1524.000000 1.318124
 1525.000000 1.336016
 1526.000000 1.372641
 1527.000000 1.374482
 1528.000000 1.461630
 1529.000000 1.363613
 1530.000000 1.449506
 1531.000000 1.456447
 1532.000000 1.352707
 1533.000000 1.358505
 1534.000000 1.385962
 1535.000000 1.407545
 1536.000000 1.482245
 1537.000000 1.371755
 1538.000000 1.417607
 1539.000000 1.501936
 1540.000000 1.409522
 1541.000000 1.429873
 1542.000000 1.399238
 1543.000000 1.260350
 1544.000000 1.303210
 1545.000000 1.392930
 1546.000000 1.413175
 1547.000000 1.365007
 1548.000000 1.378066
 1549.000000 1.319064
 1550.000000 1.433855
 1551.000000 1.357072
 1552.000000 1.336587
 1553.000000 1.443233
 1554.000000 1.364134
 1555.000000 1.382209
 1556.000000 1.278191
 1557.000000 1.372930
 1558.000000 1.308202
 1559.000000 1.403997
 1560.000000 1.385483
 1561.000000 1.352690
 1562.000000 1.363295
 1563.000000 1.312743
 1564.000000 1.303829
 1565.000000 1.363600
 1566.000000 1.381868
 1567.000000 1.354225
 1568.000000 1.298170
 1569.000000 1.335113
 1570.000000 1.478206
 1571.000000 1.461987
 1572.000000 1.398716
 1573.000000 1.519525
 1574.000000 1.472625
 1575.000000 1.394732
 1576.000000 1.390160
 1577.000000 1.452502
 1578.000000 1.254646
 1579.000000 1.369303
 1580.000000 1.338468
 1581.000000 1.481703
 1582.000000 1.430924
 1583.000000 1.383308
 1584.000000 1.395637
 1585.000000 1.490299
 1586.000000 1.316493
 1587.000000 1.263756
 1588.000000 1.445108
 1589.000000 1.338609
 1590.000000 1.449328
 1591.000000 1.341749
 1592.000000 1.284324
 1593.000000 1.291857
 1594.000000 1.341485
 1595.000000 1.314600
 1596.000000 1.263948
 1597.000000 1.358412
 1598.000000 1.300137
 1599.000000 1.312208
 1600.000000 1.285768
 1601.000000 1.237190
 1602.000000 1.189779
 1603.000000 1.183808
 1604.000000 1.293616
 1605.000000 1.178700
 1606.000000 1.296635
 1607.000000 1.318782
 1608.000000 1.453838
 1609.000000 1.450346
 1610.000000 1.333988
 1611.000000 1.321228
 1612.000000 1.344652
 1613.000000 1.371559
 1614.000000 1.434671
 1615.000000 1.277554
 1616.000000 1.324414
 1617.000000 1.316049
 1618.000000 1.187248
 1619.000000 1.250385
 1620.000000 1.238356
 1621.000000 1.343683
 1622.000000 1.178415
 1623.000000 1.259551
 1624.000000 1.229228
 1625.000000 1.313122
 1626.000000 1.154996
 1627.000000 1.171291
 1628.000000 1.205915
 1629.000000 1.303617
 1630.000000 1.229348
 1631.000000 1.166466
 1632.000000 1.233880
 1633.000000 1.276022
 1634.000000 1.242655
 1635.000000 1.239557
 1636.000000 1.300938
 1637.000000 1.331610
 1638.000000 1.200952
 1639.000000 0.950450
 1640.000000 1.008891
 1641.000000 1.011829
 1642.000000 1.024444
 1643.000000 1.097123
 1644.000000 1.148025
 1645.000000 1.074241
 1646.000000 1.108586
 1647.000000 1.062548
 1648.000000 1.095184
 1649.000000 1.047435
 1650.000000 1.104279
 1651.000000 1.062837
 1652.000000 1.077784
 1653.000000 1.109558
 1654.000000 1.068542
 1655.000000 1.039279
 1656.000000 1.022311
 1657.000000 1.019057
 1658.000000 0.852585
 1659.000000 0.612466
 1660.000000 0.614686
 1661.000000 0.644577
 1662.000000 0.721774
 1663.000000 0.623561
 1664.000000 0.480672
 1665.000000 0.886923
 1666.000000 1.101918
 1667.000000 1.220672
 1668.000000 1.480368
 1669.000000 1.356322
 1670.000000 1.384499
 1671.000000 1.724248
 1672.000000 1.710700
 1673.000000 1.746925
 1674.000000 2.125735
 1675.000000 2.224528
 1676.000000 1.956503
 1677.000000 2.217260
 1678.000000 2.941315
 1679.000000 3.425894
 1680.000000 3.602159
 1681.000000 4.116497
 1682.000000 4.141801
 1683.000000 4.151693
 1684.000000 3.926175
 1685.000000 3.235390
 1686.000000 3.308753
 1687.000000 3.213065
 1688.000000 3.297095
 1689.000000 3.443646
 1690.000000 4.523979
 1691.000000 3.661808
 1692.000000 3.574146
 1693.000000 4.411564
 1694.000000 4.081616
 1695.000000 3.935502
 1696.000000 3.613780
 1697.000000 3.277745
 1698.000000 3.413600
 1699.000000 2.527924
 1700.000000 2.194301
 1701.000000 2.538074
 1702.000000 3.365950
 1703.000000 3.738342
 1704.000000 4.917654
 1705.000000 4.758611
 1706.000000 3.733926
 1707.000000 3.237345
 1708.000000 2.554417
 1709.000000 3.756115
 1710.000000 3.329056
 1711.000000 3.453301
 1712.000000 3.647532
 1713.000000 3.251821
 1714.000000 3.009045
 1715.000000 4.009312
 1716.000000 4.290974
 1717.000000 3.752344
 1718.000000 3.142883
 1719.000000 4.118228
 1720.000000 4.549040
 1721.000000 4.491066
 1722.000000 4.227941
 1723.000000 3.776553
 1724.000000 3.536732
 1725.000000 2.609376
 1726.000000 2.135181
 1727.000000 1.764485
 1728.000000 1.612190
 1729.000000 1.611231
 1730.000000 1.490859
 1731.000000 1.062354
 1732.000000 1.103766
 1733.000000 1.140811
 1734.000000 1.138203
 1735.000000 0.813802
 1736.000000 1.787651
 1737.000000 2.235973
 1738.000000 2.210908
 1739.000000 2.756018
 1740.000000 2.688762
 1741.000000 2.492078
 1742.000000 2.983412
 1743.000000 2.668738
 1744.000000 3.381316
 1745.000000 3.046279
 1746.000000 2.799660
 1747.000000 2.957879
 1748.000000 3.678836
 1749.000000 2.869553
 1750.000000 2.430203
 1751.000000 3.289032
 1752.000000 3.650082
 1753.000000 3.590661
 1754.000000 3.525983
 1755.000000 3.870331
 1756.000000 3.334811
 1757.000000 2.240418
 1758.000000 2.127417
 1759.000000 1.963006
 1760.000000 1.954659
 1761.000000 2.006410
 1762.000000 2.068745
 1763.000000 2.045415
 1764.000000 2.223720
 1765.000000 1.947490
 1766.000000 2.955329
 1767.000000 2.668010
 1768.000000 2.675311
 1769.000000 2.149191
 1770.000000 3.577559
 1771.000000 4.250481
 1772.000000 4.437496
 1773.000000 4.287862
 1774.000000 4.028919
 1775.000000 3.718559
 1776.000000 3.671938
 1777.000000 2.805689
 1778.000000 4.328708
 1779.000000 3.023569
 1780.000000 2.506613
 1781.000000 3.512948
 1782.000000 2.719466
 1783.000000 3.594196
 1784.000000 3.017136
 1785.000000 3.703856
 1786.000000 3.371723
 1787.000000 3.129218
 1788.000000 3.739716
 1789.000000 4.432387
 1790.000000 4.318495
 1791.000000 4.505860
 1792.000000 4.301921
 1793.000000 4.567375
 1794.000000 4.431549
 1795.000000 4.453746
 1796.000000 4.406441
 1797.000000 4.191199
 1798.000000 3.759332
 1799.000000 3.185677
 1800.000000 3.288027
 1801.000000 3.303132
 1802.000000 3.632507
 1803.000000 3.411295
 1804.000000 3.153877
 1805.000000 2.762399
 1806.000000 2.725629
 1807.000000 2.098773
 1808.000000 1.215374
 1809.000000 1.531618
 1810.000000 1.486151
 1811.000000 1.363869
 1812.000000 1.268848
 1813.000000 0.623537
 1814.000000 0.793404
 1815.000000 0.767869
 1816.000000 0.519013
 1817.000000 0.719030
 1818.000000 0.594351
 1819.000000 0.411868
 1820.000000 0.759153
 1821.000000 0.984288
 1822.000000 1.026434
 1823.000000 0.818983
 1824.000000 0.924730
 1825.000000 0.693922
 1826.000000 0.714574
 1827.000000 0.803811
 1828.000000 0.840852
 1829.000000 0.626292
 1830.000000 2.331351
 1831.000000 2.995345
 1832.000000 4.155949
 1833.000000 4.005372
 1834.000000 3.610433
 1835.000000 3.322032
 1836.000000 2.940408
 1837.000000 3.182217
 1838.000000 3.513540
 1839.000000 3.759159
 1840.000000 3.572004
 1841.000000 3.350476
 1842.000000 3.488595
 1843.000000 3.487101
 1844.000000 3.437552
 1845.000000 3.421713
 1846.000000 3.423814
 1847.000000 3.439524
 1848.000000 3.515946
 1849.000000 3.500303
 1850.000000 3.525853
 1851.000000 3.399196
 1852.000000 3.394696
 1853.000000 3.669447
 1854.000000 3.279516
 1855.000000 3.738966
 1856.000000 3.736473
 1857.000000 3.660178
 1858.000000 3.198899
 1859.000000 3.358369
 1860.000000 3.541029
 1861.000000 4.273353
 1862.000000 4.057829
 1863.000000 3.614014
 1864.000000 2.818901
 1865.000000 3.811424
 1866.000000 3.307588
 1867.000000 3.373727
 1868.000000 3.100042
 1869.000000 2.547170
 1870.000000 3.517134
 1871.000000 4.122988
 1872.000000 3.453375
 1873.000000 3.379761
 1874.000000 4.017510
 1875.000000 4.135893
 1876.000000 3.914790
 1877.000000 3.986280
 1878.000000 4.014050
 1879.000000 3.947275
 1880.000000 3.975344
 1881.000000 4.019240
 1882.000000 4.118977
 1883.000000 4.032669
 1884.000000 4.002391
 1885.000000 3.911617
 1886.000000 3.892802
 1887.000000 3.910676
 1888.000000 3.907678
 1889.000000 3.869566
 1890.000000 3.965010
 1891.000000 3.933814
 1892.000000 4.134305
 1893.000000 4.049905
 1894.000000 3.965087
 1895.000000 4.051552
 1896.000000 3.981026
 1897.000000 4.162738
 1898.000000 3.807475
 1899.000000 3.976366
 1900.000000 2.953900
 1901.000000 3.016709
 1902.000000 3.234916
 1903.000000 3.319597
 1904.000000 3.087395
 1905.000000 3.526107
 1906.000000 3.458215
 1907.000000 4.267461
 1908.000000 4.087597
 1909.000000 4.000568
 1910.000000 4.503278
 1911.000000 3.632767
 1912.000000 4.073988
 1913.000000 4.531671
 1914.000000 4.386900
 1915.000000 3.514910
 1916.000000 3.169653
 1917.000000 3.645363
 1918.000000 3.423344
 1919.000000 3.308397
 1920.000000 2.978521
 1921.000000 3.082797
 1922.000000 2.691809
 1923.000000 2.280003
 1924.000000 2.617680
 1925.000000 2.569558
 1926.000000 2.373360
 1927.000000 1.978894
 1928.000000 1.921963
 1929.000000 2.414494
 1930.000000 2.272240
 1931.000000 2.259510
 1932.000000 2.103238
 1933.000000 2.326340
 1934.000000 2.150398
 1935.000000 2.315312
 1936.000000 2.594031
 1937.000000 3.191934
 1938.000000 2.060953
 1939.000000 1.851082
 1940.000000 1.799091
 1941.000000 1.780221
 1942.000000 1.586710
 1943.000000 1.480163
 1944.000000 1.354125
 1945.000000 1.372970
 1946.000000 1.460748
 1947.000000 1.391162
 1948.000000 1.576397
 1949.000000 1.622008
 1950.000000 1.247416
 1951.000000 1.226249
 1952.000000 0.834805
 1953.000000 0.992358
 1954.000000 1.045159
 1955.000000 0.815364
 1956.000000 0.851564
 1957.000000 0.800226
 1958.000000 1.032435
 1959.000000 0.883195
 1960.000000 0.989403
 1961.000000 1.088971
 1962.000000 1.313250
 1963.000000 0.973308
 1964.000000 1.917049
 1965.000000 2.801374
 1966.000000 3.124784
 1967.000000 3.258087
 1968.000000 3.545400
 1969.000000 3.923027
 1970.000000 3.769459
 1971.000000 3.732815
 1972.000000 4.042084
 1973.000000 3.440295
 1974.000000 3.984675
 1975.000000 3.537838
 1976.000000 3.783682
 1977.000000 3.421170
 1978.000000 3.608454
 1979.000000 4.026550
 1980.000000 3.666505
 1981.000000 4.360197
 1982.000000 4.406872
 1983.000000 4.700679
 1984.000000 4.316519
 1985.000000 4.347802
 1986.000000 4.111708
 1987.000000 3.171392
 1988.000000 3.160138
 1989.000000 2.859075
 1990.000000 3.206724
 1991.000000 2.947083
 1992.000000 4.181983
 1993.000000 3.898563
 1994.000000 3.054349
 1995.000000 3.426543
 1996.000000 3.377939
 1997.000000 3.710177
 1998.000000 3.648023
 1999.000000 3.645409
 2000.000000 3.501316
 2001.000000 3.864214
 2002.000000 3.318435
 2003.000000 3.655823
 2004.000000 3.725585
 2005.000000 3.731040
 2006.000000 3.679408
 2007.000000 3.487364
 2008.000000 3.338995
 2009.000000 3.718642
 2010.000000 3.368979
 2011.000000 3.715530
 2012.000000 3.634690
 2013.000000 3.038222
 2014.000000 3.486675
 2015.000000 3.651083
 2016.000000 3.481808
 2017.000000 3.609986
 2018.000000 3.602036
 2019.000000 4.278934
 2020.000000 4.161687
 2021.000000 4.166736
 2022.000000 4.076048
 2023.000000 4.173885
 2024.000000 4.075111
