#! FIELDS time r13.min
 0.000000 2.034543
 1.000000 2.431665
 2.000000 1.897243
 3.000000 2.333073
 4.000000 1.362508
 5.000000 0.838578
 6.000000 0.295793
 7.000000 0.304884
 8.000000 0.234969
 9.000000 2.017652
 10.000000 1.923746
 11.000000 2.204514
 12.000000 3.347287
 13.000000 3.781975
 14.000000 3.138105
 15.000000 3.575755
 16.000000 3.714454
 17.000000 3.895336
 18.000000 3.662235
 19.000000 3.412049
 20.000000 3.558311
 21.000000 3.605002
 22.000000 3.705738
 23.000000 3.823372
 24.000000 3.759288
 25.000000 2.222537
 26.000000 2.225688
 27.000000 2.951082
 28.000000 2.661598
 29.000000 2.660341
 30.000000 2.470194
 31.000000 2.990938
 32.000000 3.836639
 33.000000 4.030401
 34.000000 1.906044
 35.000000 2.285471
 36.000000 3.675397
 37.000000 3.543426
 38.000000 4.485211
 39.000000 3.473589
 40.000000 3.724224
 41.000000 3.402117
 42.000000 3.766050
 43.000000 3.823208
 44.000000 2.734652
 45.000000 2.044105
 46.000000 2.445925
 47.000000 2.757527
 48.000000 2.887029
 49.000000 2.972807
 50.000000 2.435648
 51.000000 2.603752
 52.000000 2.675154
 53.000000 2.910193
 54.000000 2.350913
 55.000000 2.362133
 56.000000 2.369221
 57.000000 2.061341
 58.000000 2.490021
 59.000000 2.458190
 60.000000 2.418561
 61.000000 2.347070
 62.000000 2.348264
 63.000000 2.190183
 64.000000 2.378849
 65.000000 1.950673
 66.000000 2.953744
 67.000000 3.808670
 68.000000 3.587895
 69.000000 3.913905
 70.000000 3.838465
 71.000000 2.941087
 72.000000 3.728763
 73.000000 4.157740
 74.000000 3.819868
 75.000000 2.564062
 76.000000 3.878880
 77.000000 3.305064
 78.000000 2.371627
 79.000000 3.746126
 80.000000 3.694805
 81.000000 3.826928
 82.000000 3.597037
 83.000000 3.734552
 84.000000 2.772059
 85.000000 2.466441
 86.000000 2.660644
 87.000000 3.645551
 88.000000 3.864468
 89.000000 3.304647
 90.000000 4.238942
 91.000000 4.299647
 92.000000 4.265870
 93.000000 4.220857
 94.000000 4.246656
 95.000000 4.330682
 96.000000 3.911011
 97.000000 3.420287
 98.000000 2.654000
 99.000000 2.223281
 100.000000 3.172011
 101.000000 2.752277
 102.000000 3.933101
 103.000000 3.306642
 104.000000 3.636521
 105.000000 3.147231
 106.000000 4.023145
 107.000000 2.915273
 108.000000 1.717999
 109.000000 1.673494
 110.000000 1.754635
 111.000000 2.140109
 112.000000 2.564926
 113.000000 2.910158
 114.000000 3.257841
 115.000000 3.092112
 116.000000 3.159683
 117.000000 3.080690
 118.000000 3.064573
 119.000000 2.727718
 120.000000 2.868704
 121.000000 2.921922
 122.000000 3.097499
 123.000000 2.948579
 124.000000 3.242159
 125.000000 3.048710
 126.000000 3.045686
 127.000000 2.613509
 128.000000 2.685615
 129.000000 2.038388
 130.000000 1.925810
 131.000000 1.869136
 132.000000 1.871765
 133.000000 1.819213
 134.000000 1.919402
 135.000000 1.932036
 136.000000 2.348939
 137.000000 2.414255
 138.000000 1.998789
 139.000000 1.955717
 140.000000 1.982137
 141.000000 1.957999
 142.000000 2.938494
 143.000000 2.565350
 144.000000 2.253125
 145.000000 2.039298
 146.000000 3.491856
 147.000000 3.103445
 148.000000 2.935017
 149.000000 2.951071
 150.000000 3.547628
 151.000000 3.648044
 152.000000 3.013703
 153.000000 3.528612
 154.000000 3.558223
 155.000000 3.803580
 156.000000 3.526516
 157.000000 2.782666
 158.000000 3.095697
 159.000000 2.678596
 160.000000 2.942812
 161.000000 4.093817
 162.000000 3.389781
 163.000000 3.739626
 164.000000 3.499610
 165.000000 2.928316
 166.000000 2.483953
 167.000000 1.943021
 168.000000 3.962218
 169.000000 2.691539
 170.000000 2.698229
 171.000000 2.303497
 172.000000 2.772346
 173.000000 2.850635
 174.000000 2.768388
 175.000000 2.848841
 176.000000 2.774461
 177.000000 2.726008
 178.000000 2.664594
 179.000000 2.805705
 180.000000 2.720186
 181.000000 2.856881
 182.000000 2.759200
 183.000000 2.774314
 184.000000 2.794177
 185.000000 2.698508
 186.000000 2.596378
 187.000000 2.832233
 188.000000 2.805129
 189.000000 2.747619
 190.000000 2.865772
 191.000000 3.020288
 192.000000 3.177081
 193.000000 2.804562
 194.000000 3.065321
 195.000000 2.934858
 196.000000 3.000645
 197.000000 2.968911
 198.000000 2.841139
 199.000000 2.729571
 200.000000 2.697967
 201.000000 2.795884
 202.000000 2.723729
 203.000000 2.873459
 204.000000 3.881846
 205.000000 3.424351
 206.000000 3.143628
 207.000000 3.007136
 208.000000 3.123445
 209.000000 3.290527
 210.000000 3.580566
 211.000000 3.495605
 212.000000 2.954036
 213.000000 2.892076
 214.000000 3.287994
 215.000000 3.383217
 216.000000 3.417234
 217.000000 2.936536
 218.000000 3.098994
 219.000000 3.455729
 220.000000 3.267316
 221.000000 3.369070
 222.000000 3.299190
 223.000000 3.527252
 224.000000 3.696216
 225.000000 3.983788
 226.000000 3.651925
 227.000000 3.697185
 228.000000 3.707604
 229.000000 3.606045
 230.000000 3.505385
 231.000000 3.524263
 232.000000 3.408215
 233.000000 3.606007
 234.000000 3.614242
 235.000000 3.697464
 236.000000 3.746450
 237.000000 3.671721
 238.000000 3.609324
 239.000000 3.464614
 240.000000 3.716322
 241.000000 3.747732
 242.000000 3.933394
 243.000000 3.813657
 244.000000 3.693062
 245.000000 3.061512
 246.000000 2.477036
 247.000000 2.867725
 248.000000 3.262527
 249.000000 3.244972
 250.000000 3.284893
 251.000000 3.691116
 252.000000 4.006259
 253.000000 3.933449
 254.000000 3.859006
 255.000000 3.602229
 256.000000 3.167411
 257.000000 2.803247
 258.000000 2.783253
 259.000000 2.735961
 260.000000 2.230002
 261.000000 1.631800
 262.000000 3.477830
 263.000000 3.329883
 264.000000 3.595490
 265.000000 1.882430
 266.000000 2.709730
 267.000000 3.134079
 268.000000 2.845501
 269.000000 3.235763
 270.000000 3.736988
 271.000000 3.610565
 272.000000 2.685196
 273.000000 3.976405
 274.000000 3.616805
 275.000000 2.791015
 276.000000 2.930426
 277.000000 3.463616
 278.000000 2.327438
 279.000000 3.640446
 280.000000 2.571137
 281.000000 3.551653
 282.000000 2.941837
 283.000000 2.986342
 284.000000 1.149651
 285.000000 3.619101
 286.000000 3.087869
 287.000000 4.027448
 288.000000 3.649114
 289.000000 2.171701
 290.000000 2.850227
 291.000000 3.734531
 292.000000 3.508240
 293.000000 3.966412
 294.000000 3.904543
 295.000000 3.550676
 296.000000 2.857213
 297.000000 2.941792
 298.000000 2.740098
 299.000000 2.021900
 300.000000 1.972298
 301.000000 2.500721
 302.000000 2.853598
 303.000000 3.442158
 304.000000 3.852868
 305.000000 3.514887
 306.000000 3.726011
 307.000000 3.424244
 308.000000 2.634820
 309.000000 2.806141
 310.000000 1.675617
 311.000000 0.713851
 312.000000 2.629815
 313.000000 3.227640
 314.000000 3.266461
 315.000000 2.938586
 316.000000 3.682542
 317.000000 3.682021
 318.000000 3.662495
 319.000000 3.092675
 320.000000 3.655331
 321.000000 2.911531
 322.000000 2.458115
 323.000000 3.096900
 324.000000 3.204810
 325.000000 3.643534
 326.000000 3.885588
 327.000000 3.704811
 328.000000 2.821059
 329.000000 3.471719
 330.000000 2.369958
 331.000000 3.046556
 332.000000 2.825240
 333.000000 2.102702
 334.000000 1.171979
 335.000000 2.978870
 336.000000 3.525124
 337.000000 3.601214
 338.000000 3.247546
 339.000000 3.723751
 340.000000 3.936774
 341.000000 3.849557
 342.000000 3.710276
 343.000000 3.676596
 344.000000 3.367362
 345.000000 3.247482
 346.000000 3.080710
 347.000000 3.451489
 348.000000 3.554015
 349.000000 3.354690
 350.000000 3.206686
 351.000000 3.098871
 352.000000 3.207435
 353.000000 3.454378
 354.000000 3.362165
 355.000000 3.110707
 356.000000 3.310528
 357.000000 3.089379
 358.000000 2.535897
 359.000000 2.862320
 360.000000 3.181455
 361.000000 3.395277
 362.000000 3.357651
 363.000000 3.755685
 364.000000 3.914823
 365.000000 3.875726
 366.000000 3.743588
 367.000000 3.926007
 368.000000 3.753468
 369.000000 3.964491
 370.000000 3.898261
 371.000000 3.791803
 372.000000 3.656323
 373.000000 3.844036
 374.000000 3.663020
 375.000000 3.654914
 376.000000 3.563107
 377.000000 3.803140
 378.000000 3.787600
 379.000000 3.849950
 380.000000 3.590713
 381.000000 3.443220
 382.000000 3.554399
 383.000000 3.552403
 384.000000 3.799617
 385.000000 3.815425
 386.000000 3.932460
 387.000000 3.902091
 388.000000 3.941332
 389.000000 4.149537
 390.000000 4.047507
 391.000000 4.079662
 392.000000 3.933195
 393.000000 4.045872
 394.000000 4.062423
 395.000000 3.917795
 396.000000 3.986510
 397.000000 3.859553
 398.000000 3.949024
 399.000000 3.753069
 400.000000 3.748092
 401.000000 3.842933
 402.000000 3.668955
 403.000000 3.883233
 404.000000 3.870331
 405.000000 3.800656
 406.000000 3.746208
 407.000000 3.726700
 408.000000 3.843769
 409.000000 3.721228
 410.000000 3.663359
 411.000000 3.837286
 412.000000 3.798559
 413.000000 3.777607
 414.000000 3.811075
 415.000000 3.856208
 416.000000 3.729169
 417.000000 3.810193
 418.000000 3.909391
 419.000000 3.913294
 420.000000 4.086393
 421.000000 3.881419
 422.000000 4.141678
 423.000000 4.284325
 424.000000 4.489509
 425.000000 4.525085
 426.000000 4.662561
 427.000000 4.701386
 428.000000 4.774909
 429.000000 3.290240
 430.000000 4.574310
 431.000000 4.547546
 432.000000 4.688968
 433.000000 4.524464
 434.000000 4.536144
 435.000000 4.706551
 436.000000 4.616088
 437.000000 4.844774
 438.000000 4.738794
 439.000000 4.720335
 440.000000 4.729740
 441.000000 4.559197
 442.000000 4.524572
 443.000000 2.898212
 444.000000 3.166971
 445.000000 3.239548
 446.000000 4.104661
 447.000000 3.835745
 448.000000 2.580805
 449.000000 3.817947
 450.000000 4.130691
 451.000000 4.420269
 452.000000 3.541368
 453.000000 4.045786
 454.000000 3.456991
 455.000000 4.098445
 456.000000 4.131609
 457.000000 3.099731
 458.000000 2.960186
 459.000000 3.567508
 460.000000 3.527755
 461.000000 2.388831
 462.000000 2.410887
 463.000000 3.485559
 464.000000 2.718284
 465.000000 2.730507
 466.000000 3.935797
 467.000000 3.123686
 468.000000 3.819570
 469.000000 4.111418
 470.000000 4.132825
 471.000000 4.137818
 472.000000 3.973719
 473.000000 3.657664
 474.000000 2.486442
 475.000000 3.112942
 476.000000 3.201094
 477.000000 2.607950
 478.000000 0.242741
 479.000000 0.645104
 480.000000 1.008401
 481.000000 1.434390
 482.000000 2.119201
 483.000000 3.009209
 484.000000 3.104113
 485.000000 2.835466
 486.000000 3.559846
 487.000000 3.534098
 488.000000 2.700458
 489.000000 2.938777
 490.000000 3.226263
 491.000000 1.850975
 492.000000 2.166285
 493.000000 2.981856
 494.000000 3.045536
 495.000000 3.459544
 496.000000 3.501902
 497.000000 3.559829
 498.000000 3.701717
 499.000000 3.883420
 500.000000 3.960069
 501.000000 3.957053
 502.000000 3.583608
 503.000000 3.618834
 504.000000 3.702351
 505.000000 3.009695
 506.000000 3.333263
 507.000000 3.410479
 508.000000 1.973279
 509.000000 2.774734
 510.000000 3.478620
 511.000000 3.630100
 512.000000 2.883638
 513.000000 3.327628
 514.000000 3.176320
 515.000000 2.788114
 516.000000 4.368383
 517.000000 3.757159
 518.000000 3.176916
 519.000000 2.192539
 520.000000 2.793772
 521.000000 3.756084
 522.000000 3.628624
 523.000000 1.903901
 524.000000 2.002576
 525.000000 2.014564
 526.000000 1.054324
 527.000000 1.251606
 528.000000 2.551419
 529.000000 3.007638
 530.000000 3.036769
 531.000000 3.791560
 532.000000 3.687429
 533.000000 3.111359
 534.000000 1.903401
 535.000000 2.000356
 536.000000 2.052816
 537.000000 2.691263
 538.000000 2.867861
 539.000000 3.050357
 540.000000 2.697044
 541.000000 2.795333
 542.000000 3.353175
 543.000000 2.662216
 544.000000 2.828675
 545.000000 2.388548
 546.000000 2.945397
 547.000000 3.171322
 548.000000 3.352027
 549.000000 3.413548
 550.000000 3.334111
 551.000000 3.215903
 552.000000 3.444333
 553.000000 3.407668
 554.000000 3.827139
 555.000000 3.793416
 556.000000 3.653512
 557.000000 3.238370
 558.000000 3.240218
 559.000000 3.298773
 560.000000 3.199118
 561.000000 3.318266
 562.000000 3.352432
 563.000000 3.143935
 564.000000 3.039782
 565.000000 3.184302
 566.000000 2.957612
 567.000000 3.097919
 568.000000 3.185046
 569.000000 2.622558
 570.000000 2.352573
 571.000000 2.311163
 572.000000 2.579213
 573.000000 2.302741
 574.000000 2.638006
 575.000000 2.441665
 576.000000 2.430352
 577.000000 1.695766
 578.000000 2.556362
 579.000000 3.402733
 580.000000 2.302750
 581.000000 3.156781
 582.000000 3.174796
 583.000000 2.936992
 584.000000 2.829362
 585.000000 1.644397
 586.000000 2.655385
 587.000000 3.094314
 588.000000 2.315529
 589.000000 2.992633
 590.000000 3.519837
 591.000000 3.115021
 592.000000 4.165822
 593.000000 4.202943
 594.000000 4.070586
 595.000000 4.077994
 596.000000 4.345748
 597.000000 4.538805
 598.000000 4.342537
 599.000000 4.309218
 600.000000 4.477224
 601.000000 4.718435
 602.000000 4.676152
 603.000000 4.552018
 604.000000 4.647125
 605.000000 4.374594
 606.000000 4.581853
 607.000000 4.638910
 608.000000 4.635353
 609.000000 4.529728
 610.000000 4.544501
 611.000000 4.655093
 612.000000 4.569184
 613.000000 4.722108
 614.000000 4.681433
 615.000000 4.750930
 616.000000 4.780210
 617.000000 4.730933
 618.000000 3.944249
 619.000000 4.763751
 620.000000 4.666710
 621.000000 4.758329
 622.000000 4.886255
 623.000000 4.793942
 624.000000 3.725968
 625.000000 4.841397
 626.000000 4.858364
 627.000000 3.175104
 628.000000 4.800004
 629.000000 3.072409
 630.000000 3.300072
 631.000000 3.128805
 632.000000 3.074980
 633.000000 3.249086
 634.000000 4.864284
 635.000000 4.878427
 636.000000 4.897241
 637.000000 3.163834
 638.000000 3.089547
 639.000000 4.884296
 640.000000 4.697123
 641.000000 3.181264
 642.000000 4.850658
 643.000000 3.197723
 644.000000 3.086067
 645.000000 3.400080
 646.000000 4.995836
 647.000000 4.936420
 648.000000 3.536182
 649.000000 3.383687
 650.000000 3.595411
 651.000000 3.708709
 652.000000 3.698437
 653.000000 4.660052
 654.000000 4.776595
 655.000000 4.848862
 656.000000 4.688822
 657.000000 4.893302
 658.000000 4.592241
 659.000000 4.512946
 660.000000 4.188796
 661.000000 3.969671
 662.000000 4.053695
 663.000000 3.998745
 664.000000 3.908676
 665.000000 3.996108
 666.000000 3.788789
 667.000000 3.821965
 668.000000 3.892429
 669.000000 3.994588
 670.000000 3.927803
 671.000000 3.816251
 672.000000 3.959136
 673.000000 3.960254
 674.000000 3.992698
 675.000000 4.056819
 676.000000 3.947085
 677.000000 3.908101
 678.000000 4.011617
 679.000000 4.202844
 680.000000 4.011363
 681.000000 3.798913
 682.000000 3.709998
 683.000000 3.792413
 684.000000 3.745092
 685.000000 3.744767
 686.000000 3.818145
 687.000000 3.569485
 688.000000 3.652789
 689.000000 3.874452
 690.000000 4.030000
 691.000000 3.854660
 692.000000 3.629311
 693.000000 3.743307
 694.000000 3.668553
 695.000000 3.819103
 696.000000 3.678051
 697.000000 3.810540
 698.000000 3.990082
 699.000000 3.962175
 700.000000 3.829161
 701.000000 3.631758
 702.000000 3.335717
 703.000000 3.091138
 704.000000 3.329567
 705.000000 2.219851
 706.000000 2.741653
 707.000000 3.442680
 708.000000 3.385549
 709.000000 3.855320
 710.000000 4.097728
 711.000000 3.665314
 712.000000 3.252892
 713.000000 3.848519
 714.000000 3.337975
 715.000000 3.594517
 716.000000 3.576684
 717.000000 3.611718
 718.000000 2.991899
 719.000000 2.517552
 720.000000 2.690103
 721.000000 1.317496
 722.000000 2.949920
 723.000000 3.422222
 724.000000 1.667878
 725.000000 1.370006
 726.000000 3.376635
 727.000000 3.134040
 728.000000 3.628219
 729.000000 3.038973
 730.000000 3.407468
 731.000000 2.984662
 732.000000 1.825106
 733.000000 2.560077
 734.000000 4.640249
 735.000000 4.702854
 736.000000 4.031536
 737.000000 3.461402
 738.000000 3.690239
 739.000000 3.250034
 740.000000 3.682018
 741.000000 3.030351
 742.000000 3.882670
 743.000000 3.289405
 744.000000 3.548379
 745.000000 3.238207
 746.000000 3.221744
 747.000000 3.103391
 748.000000 3.587504
 749.000000 3.414356
 750.000000 3.877024
 751.000000 3.256218
 752.000000 3.561693
 753.000000 3.845465
 754.000000 3.630586
 755.000000 3.190180
 756.000000 3.700794
 757.000000 2.508997
 758.000000 1.757574
 759.000000 2.266556
 760.000000 1.520536
 761.000000 1.431848
 762.000000 1.033586
 763.000000 1.556087
 764.000000 2.608748
 765.000000 2.972424
 766.000000 2.926919
 767.000000 3.540586
 768.000000 3.953491
 769.000000 3.540940
 770.000000 3.702514
 771.000000 3.898342
 772.000000 4.048158
 773.000000 3.729362
 774.000000 3.404666
 775.000000 2.554857
 776.000000 2.776209
 777.000000 3.086792
 778.000000 2.655663
 779.000000 2.615757
 780.000000 3.329140
 781.000000 2.826134
 782.000000 2.981105
 783.000000 2.572192
 784.000000 2.820752
 785.000000 3.206885
 786.000000 3.706142
 787.000000 2.966832
 788.000000 3.305368
 789.000000 3.532112
 790.000000 3.525083
 791.000000 3.506898
 792.000000 3.638134
 793.000000 3.998249
 794.000000 4.414021
 795.000000 3.974610
 796.000000 3.570311
 797.000000 4.088448
 798.000000 4.028840
 799.000000 3.300915
 800.000000 3.043012
 801.000000 2.839445
 802.000000 2.104013
 803.000000 2.907336
 804.000000 2.845579
 805.000000 2.700438
 806.000000 2.403522
 807.000000 1.725366
 808.000000 1.816829
 809.000000 2.420329
 810.000000 2.354526
 811.000000 2.727474
 812.000000 2.854957
 813.000000 2.870297
 814.000000 3.309055
 815.000000 2.926698
 816.000000 3.546060
 817.000000 4.081986
 818.000000 3.922585
 819.000000 4.148767
 820.000000 3.799629
 821.000000 3.639865
 822.000000 3.320157
 823.000000 3.507288
 824.000000 3.202513
 825.000000 2.944683
 826.000000 3.040050
 827.000000 3.085997
 828.000000 2.603691
 829.000000 3.213625
 830.000000 3.283298
 831.000000 3.342401
 832.000000 3.033597
 833.000000 3.212022
 834.000000 3.135189
 835.000000 3.400003
 836.000000 3.404868
 837.000000 3.197985
 838.000000 3.531606
 839.000000 3.238439
 840.000000 3.396797
 841.000000 3.867239
 842.000000 2.998263
 843.000000 3.230783
 844.000000 3.921858
 845.000000 3.686041
 846.000000 3.643318
 847.000000 3.782117
 848.000000 3.502371
 849.000000 4.127739
 850.000000 4.289624
 851.000000 3.832838
 852.000000 3.765127
 853.000000 3.063150
 854.000000 3.095305
 855.000000 4.662910
 856.000000 3.910338
 857.000000 3.607526
 858.000000 4.062607
 859.000000 3.642417
 860.000000 3.128815
 861.000000 3.003334
 862.000000 2.759984
 863.000000 3.121951
 864.000000 3.524747
 865.000000 3.537750
 866.000000 3.264871
 867.000000 3.903966
 868.000000 3.212998
 869.000000 2.963116
 870.000000 3.537745
 871.000000 3.453605
 872.000000 3.372038
 873.000000 3.710009
 874.000000 3.415852
 875.000000 3.615104
 876.000000 3.375081
 877.000000 3.304223
 878.000000 2.732362
 879.000000 3.723373
 880.000000 2.926271
 881.000000 4.238114
 882.000000 3.311864
 883.000000 3.844652
 884.000000 3.326009
 885.000000 3.925138
 886.000000 3.475597
 887.000000 3.818806
 888.000000 3.034695
 889.000000 3.393889
 890.000000 3.315353
 891.000000 3.308621
 892.000000 3.582042
 893.000000 3.610585
 894.000000 3.651108
 895.000000 3.525174
 896.000000 3.147995
 897.000000 3.278575
 898.000000 3.298426
 899.000000 3.307039
 900.000000 3.055435
 901.000000 3.151240
 902.000000 3.367720
 903.000000 3.823439
 904.000000 3.890367
 905.000000 3.783371
 906.000000 3.004112
 907.000000 1.996610
 908.000000 1.338161
 909.000000 1.299666
 910.000000 1.298272
 911.000000 1.346439
 912.000000 1.316800
 913.000000 1.380923
 914.000000 1.303481
 915.000000 1.294928
 916.000000 1.304607
 917.000000 1.436314
 918.000000 1.341678
 919.000000 1.367087
 920.000000 1.570357
 921.000000 1.730936
 922.000000 1.786560
 923.000000 2.112342
 924.000000 2.300609
 925.000000 1.828558
 926.000000 2.088587
 927.000000 1.957773
 928.000000 1.918229
 929.000000 1.981913
 930.000000 2.162349
 931.000000 2.159889
 932.000000 1.942627
 933.000000 1.886191
 934.000000 2.174576
 935.000000 1.801772
 936.000000 1.796268
 937.000000 1.658051
 938.000000 1.964996
 939.000000 2.062557
 940.000000 2.039309
 941.000000 1.799586
 942.000000 1.778963
 943.000000 1.706838
 944.000000 1.618753
 945.000000 1.488113
 946.000000 1.579425
 947.000000 1.408049
 948.000000 1.288774
 949.000000 1.563051
 950.000000 1.567463
 951.000000 1.482151
 952.000000 1.617568
 953.000000 1.920545
 954.000000 2.180083
 955.000000 2.346516
 956.000000 2.292772
 957.000000 2.286914
 958.000000 2.183082
 959.000000 2.110361
 960.000000 2.094795
 961.000000 2.096495
 962.000000 2.270654
 963.000000 2.105846
 964.000000 1.675230
 965.000000 2.127784
 966.000000 2.068346
 967.000000 2.099807
 968.000000 2.014969
 969.000000 2.182946
 970.000000 2.063109
 971.000000 1.941630
 972.000000 1.984421
 973.000000 2.130287
 974.000000 2.031338
 975.000000 2.016233
 976.000000 2.187041
 977.000000 2.076527
 978.000000 2.911019
 979.000000 2.981241
 980.000000 2.858694
 981.000000 2.029398
 982.000000 3.466823
 983.000000 3.171665
 984.000000 2.835154
 985.000000 3.846562
 986.000000 3.199758
 987.000000 3.828575
 988.000000 3.555327
 989.000000 3.148606
 990.000000 2.605968
 991.000000 2.574975
 992.000000 3.847674
 993.000000 3.873626
 994.000000 3.717732
 995.000000 3.060843
 996.000000 3.366386
 997.000000 3.154733
 998.000000 1.398331
 999.000000 2.055297
 1000.000000 2.151284
 1001.000000 1.311618
 1002.000000 0.650142
 1003.000000 1.426379
 1004.000000 1.732621
 1005.000000 1.649252
 1006.000000 1.609372
 1007.000000 1.680034
 1008.000000 1.561498
 1009.000000 1.984508
 1010.000000 1.727919
 1011.000000 1.451213
 1012.000000 2.209513
 1013.000000 2.218096
 1014.000000 2.325059
 1015.000000 2.478766
 1016.000000 2.359544
 1017.000000 2.312531
 1018.000000 2.306000
 1019.000000 2.166308
 1020.000000 1.939452
 1021.000000 2.045058
 1022.000000 2.035568
 1023.000000 1.889103
 1024.000000 1.929000
 1025.000000 1.848411
 1026.000000 1.772825
 1027.000000 2.030672
 1028.000000 1.970179
 1029.000000 1.807357
 1030.000000 1.828328
 1031.000000 2.083017
 1032.000000 1.859232
 1033.000000 1.997134
 1034.000000 1.900862
 1035.000000 1.989704
 1036.000000 1.987962
 1037.000000 1.996964
 1038.000000 2.037038
 1039.000000 1.967058
 1040.000000 1.849976
 1041.000000 2.925229
 1042.000000 2.944674
 1043.000000 3.587251
 1044.000000 3.195360
 1045.000000 3.665096
 1046.000000 3.754663
 1047.000000 3.806386
 1048.000000 3.996403
 1049.000000 4.113074
 1050.000000 4.229791
 1051.000000 4.038295
 1052.000000 3.806233
 1053.000000 3.408930
 1054.000000 3.674589
 1055.000000 3.654229
 1056.000000 2.993192
 1057.000000 3.215845
 1058.000000 3.658807
 1059.000000 3.548981
 1060.000000 3.483465
 1061.000000 3.728393
 1062.000000 3.759838
 1063.000000 3.803946
 1064.000000 4.410996
 1065.000000 4.167713
 1066.000000 3.932435
 1067.000000 3.421450
 1068.000000 3.741795
 1069.000000 3.909845
 1070.000000 3.796699
 1071.000000 3.816312
 1072.000000 3.190432
 1073.000000 3.370895
 1074.000000 2.296635
 1075.000000 2.499478
 1076.000000 1.641937
 1077.000000 2.188471
 1078.000000 3.315944
 1079.000000 3.587074
 1080.000000 3.124411
 1081.000000 1.019310
 1082.000000 1.310542
 1083.000000 2.471334
 1084.000000 3.064414
 1085.000000 2.066826
 1086.000000 3.536033
 1087.000000 3.451674
 1088.000000 3.218954
 1089.000000 4.404129
 1090.000000 4.271377
 1091.000000 3.835040
 1092.000000 3.219372
 1093.000000 3.609009
 1094.000000 3.225393
 1095.000000 3.147369
 1096.000000 3.102145
 1097.000000 3.994902
 1098.000000 3.566544
 1099.000000 3.321161
 1100.000000 3.275112
 1101.000000 3.195339
 1102.000000 2.594918
 1103.000000 2.253980
 1104.000000 2.423610
 1105.000000 3.137585
 1106.000000 3.030883
 1107.000000 2.761054
 1108.000000 2.333724
 1109.000000 2.059284
 1110.000000 2.322994
 1111.000000 2.140943
 1112.000000 2.028624
 1113.000000 2.010158
 1114.000000 2.168143
 1115.000000 2.206008
 1116.000000 2.029553
 1117.000000 1.820705
 1118.000000 1.986860
 1119.000000 2.186492
 1120.000000 2.145301
 1121.000000 2.012064
 1122.000000 2.092915
 1123.000000 2.172861
 1124.000000 2.120576
 1125.000000 2.115167
 1126.000000 2.285826
 1127.000000 2.090249
 1128.000000 2.208510
 1129.000000 2.253985
 1130.000000 2.355102
 1131.000000 2.392372
 1132.000000 2.380854
 1133.000000 2.383990
 1134.000000 2.264473
 1135.000000 2.278227
 1136.000000 2.333652
 1137.000000 2.292660
 1138.000000 2.307668
 1139.000000 2.362459
 1140.000000 2.432226
 1141.000000 2.358131
 1142.000000 2.241371
 1143.000000 2.446972
 1144.000000 2.582148
 1145.000000 2.469584
 1146.000000 2.421804
 1147.000000 2.440033
 1148.000000 2.422661
 1149.000000 2.309243
 1150.000000 2.344295
 1151.000000 2.479753
 1152.000000 2.578337
 1153.000000 2.511216
 1154.000000 2.402231
 1155.000000 2.444761
 1156.000000 2.577814
 1157.000000 2.495647
 1158.000000 2.429428
 1159.000000 2.335669
 1160.000000 2.280642
 1161.000000 2.228132
 1162.000000 2.482333
 1163.000000 2.389306
 1164.000000 2.404329
 1165.000000 2.646676
 1166.000000 2.634829
 1167.000000 2.436154
 1168.000000 2.385900
 1169.000000 2.425768
 1170.000000 2.529872
 1171.000000 2.678839
 1172.000000 2.618046
 1173.000000 2.523154
 1174.000000 2.631370
 1175.000000 2.350696
 1176.000000 2.295256
 1177.000000 2.378544
 1178.000000 2.318060
 1179.000000 2.333587
 1180.000000 2.237551
 1181.000000 2.340742
 1182.000000 2.411050
 1183.000000 2.567356
 1184.000000 2.440173
 1185.000000 2.533452
 1186.000000 2.402936
 1187.000000 2.489260
 1188.000000 2.421712
 1189.000000 2.303267
 1190.000000 2.521868
 1191.000000 2.378554
 1192.000000 2.360927
 1193.000000 2.405753
 1194.000000 2.523470
 1195.000000 2.459766
 1196.000000 2.496496
 1197.000000 2.359978
 1198.000000 2.388233
 1199.000000 2.424060
 1200.000000 2.429037
 1201.000000 2.627218
 1202.000000 2.392109
 1203.000000 2.567633
 1204.000000 2.480314
 1205.000000 2.608895
 1206.000000 2.669876
 1207.000000 2.583044
 1208.000000 2.724036
 1209.000000 2.726050
 1210.000000 2.651111
 1211.000000 2.661281
 1212.000000 2.713868
 1213.000000 2.752131
 1214.000000 2.727371
 1215.000000 2.779531
 1216.000000 2.717046
 1217.000000 2.471826
 1218.000000 2.426018
 1219.000000 2.295183
 1220.000000 2.463072
 1221.000000 2.268439
 1222.000000 2.442696
 1223.000000 2.293678
 1224.000000 2.660618
 1225.000000 2.613884
 1226.000000 2.773667
 1227.000000 2.764311
 1228.000000 2.961366
 1229.000000 2.785844
 1230.000000 2.968820
 1231.000000 2.759386
 1232.000000 2.543203
 1233.000000 2.746497
 1234.000000 2.991719
 1235.000000 3.043923
 1236.000000 2.920100
 1237.000000 3.147366
 1238.000000 2.931897
 1239.000000 2.808010
 1240.000000 2.490903
 1241.000000 2.551228
 1242.000000 2.330751
 1243.000000 2.581758
 1244.000000 2.357753
 1245.000000 2.808163
 1246.000000 2.626587
 1247.000000 2.549404
 1248.000000 2.388442
 1249.000000 2.399775
 1250.000000 2.365161
 1251.000000 2.560764
 1252.000000 2.228006
 1253.000000 2.512040
 1254.000000 2.123725
 1255.000000 2.347619
 1256.000000 2.530742
 1257.000000 2.692128
 1258.000000 2.725903
 1259.000000 2.846379
 1260.000000 2.809131
 1261.000000 2.843386
 1262.000000 3.029011
 1263.000000 2.877779
 1264.000000 2.893278
 1265.000000 2.835483
 1266.000000 2.608784
 1267.000000 2.594970
 1268.000000 2.629727
 1269.000000 2.527769
 1270.000000 2.414578
 1271.000000 2.568067
 1272.000000 2.555768
 1273.000000 2.457947
 1274.000000 2.810853
 1275.000000 2.940726
 1276.000000 2.658126
 1277.000000 2.698705
 1278.000000 2.736829
 1279.000000 2.593870
 1280.000000 1.986864
 1281.000000 2.319529
 1282.000000 2.346284
 1283.000000 2.550582
 1284.000000 2.474560
 1285.000000 2.436133
 1286.000000 2.678173
 1287.000000 2.611448
 1288.000000 2.410701
 1289.000000 2.369140
 1290.000000 2.119274
 1291.000000 2.262901
 1292.000000 2.297986
 1293.000000 2.208505
 1294.000000 2.517193
 1295.000000 2.165164
 1296.000000 2.243623
 1297.000000 2.358545
 1298.000000 2.103266
 1299.000000 2.134893
 1300.000000 2.350131
 1301.000000 1.981710
 1302.000000 1.913256
 1303.000000 1.860033
 1304.000000 2.066561
 1305.000000 2.023795
 1306.000000 2.003329
 1307.000000 1.976605
 1308.000000 2.032611
 1309.000000 2.135025
 1310.000000 2.261369
 1311.000000 2.411869
 1312.000000 2.219655
 1313.000000 2.173187
 1314.000000 2.184816
 1315.000000 2.118624
 1316.000000 2.000948
 1317.000000 2.035529
 1318.000000 2.189844
 1319.000000 2.059093
 1320.000000 2.085878
 1321.000000 2.011342
 1322.000000 2.063512
 1323.000000 1.886145
 1324.000000 1.944203
 1325.000000 1.913057
 1326.000000 1.878123
 1327.000000 1.873741
 1328.000000 2.000790
 1329.000000 2.126741
 1330.000000 2.266127
 1331.000000 2.120504
 1332.000000 2.308809
 1333.000000 2.516063
 1334.000000 2.417517
 1335.000000 2.270790
 1336.000000 2.283030
 1337.000000 2.290036
 1338.000000 2.459449
 1339.000000 2.340097
 1340.000000 2.175572
 1341.000000 2.226556
 1342.000000 2.070268
 1343.000000 2.284118
 1344.000000 2.520207
 1345.000000 2.442632
 1346.000000 2.656528
 1347.000000 2.650808
 1348.000000 2.666751
 1349.000000 2.522543
 1350.000000 2.784716
 1351.000000 3.038981
 1352.000000 3.597466
 1353.000000 3.416002
 1354.000000 3.438395
 1355.000000 3.496460
 1356.000000 3.675261
 1357.000000 3.723271
 1358.000000 3.638306
 1359.000000 3.582064
 1360.000000 3.790842
 1361.000000 3.749081
 1362.000000 3.666790
 1363.000000 3.781685
 1364.000000 3.930357
 1365.000000 4.214822
 1366.000000 4.142163
 1367.000000 4.231907
 1368.000000 4.290982
 1369.000000 4.301108
 1370.000000 4.042932
 1371.000000 4.103881
 1372.000000 4.056945
 1373.000000 3.971810
 1374.000000 3.790459
 1375.000000 3.992894
 1376.000000 3.946092
 1377.000000 3.754073
 1378.000000 4.113233
 1379.000000 3.771559
 1380.000000 3.725462
 1381.000000 3.781355
 1382.000000 3.666303
 1383.000000 3.963317
 1384.000000 3.959949
 1385.000000 3.877447
 1386.000000 3.787180
 1387.000000 3.988342
 1388.000000 4.094540
 1389.000000 4.128843
 1390.000000 4.075519
 1391.000000 4.029938
 1392.000000 4.323442
 1393.000000 4.363198
 1394.000000 4.198345
 1395.000000 4.245421
 1396.000000 4.154238
 1397.000000 4.117245
 1398.000000 4.004364
 1399.000000 3.857154
 1400.000000 3.712924
 1401.000000 3.810044
 1402.000000 3.931007
 1403.000000 3.876961
 1404.000000 3.876652
 1405.000000 3.637458
 1406.000000 3.710277
 1407.000000 3.591331
 1408.000000 3.455359
 1409.000000 3.255710
 1410.000000 3.149882
 1411.000000 3.004204
 1412.000000 3.023221
 1413.000000 2.892583
 1414.000000 2.608610
 1415.000000 2.622073
 1416.000000 2.722127
 1417.000000 2.481411
 1418.000000 2.829815
 1419.000000 2.814221
 1420.000000 2.738572
 1421.000000 2.953317
 1422.000000 3.081263
 1423.000000 3.148933
 1424.000000 2.962146
 1425.000000 2.970495
 1426.000000 2.229938
 1427.000000 2.750314
 1428.000000 2.734774
 1429.000000 2.727261
 1430.000000 2.681659
 1431.000000 2.958669
 1432.000000 2.929777
 1433.000000 3.230832
 1434.000000 3.435493
 1435.000000 3.114767
 1436.000000 3.150899
 1437.000000 2.865340
 1438.000000 3.102160
 1439.000000 3.016942
 1440.000000 2.726970
 1441.000000 2.786639
 1442.000000 2.394800
 1443.000000 2.555900
 1444.000000 2.273056
 1445.000000 2.470884
 1446.000000 2.837389
 1447.000000 2.844522
 1448.000000 2.648034
 1449.000000 3.212927
 1450.000000 3.252696
 1451.000000 3.484575
 1452.000000 3.461731
 1453.000000 3.526565
 1454.000000 3.579534
 1455.000000 3.867726
 1456.000000 3.873032
 1457.000000 3.784386
 1458.000000 3.645993
 1459.000000 3.766793
 1460.000000 3.994524
 1461.000000 3.799885
 1462.000000 3.623322
 1463.000000 3.695929
 1464.000000 3.491893
 1465.000000 3.637483
 1466.000000 3.679058
 1467.000000 3.809268
 1468.000000 3.719114
 1469.000000 3.637850
 1470.000000 3.686098
 1471.000000 3.737081
 1472.000000 3.612969
 1473.000000 3.755392
 1474.000000 3.645729
 1475.000000 3.533672
 1476.000000 3.404960
 1477.000000 3.431224
 1478.000000 3.381321
 1479.000000 3.430843
 1480.000000 3.442599
 1481.000000 3.440604
 1482.000000 3.385590
 1483.000000 3.409937
 1484.000000 3.453202
 1485.000000 3.429293
 1486.000000 3.226888
 1487.000000 3.357756
 1488.000000 3.266563
 1489.000000 3.174683
 1490.000000 3.332033
 1491.000000 3.375377
 1492.000000 3.542130
 1493.000000 3.103424
 1494.000000 3.251649
 1495.000000 3.672074
 1496.000000 3.640693
 1497.000000 3.655645
 1498.000000 3.664360
 1499.000000 3.701223
 1500.000000 3.805872
 1501.000000 3.642257
 1502.000000 3.809854
 1503.000000 3.813784
 1504.000000 3.840086
 1505.000000 3.812574
 1506.000000 3.771049
 1507.000000 3.660359
 1508.000000 3.498627
 1509.000000 3.631461
 1510.000000 3.554666
 1511.000000 3.236008
 1512.000000 3.271038
 1513.000000 3.494032
 1514.000000 3.404029
 1515.000000 3.568111
 1516.000000 3.600892
 1517.000000 3.707964
 1518.000000 3.653083
 1519.000000 3.364063
 1520.000000 3.464630
 1521.000000 3.446542
 1522.000000 3.083877
 1523.000000 2.852358
 1524.000000 2.803171
 1525.000000 3.026040
 1526.000000 2.302721
 1527.000000 2.653406
 1528.000000 2.766051
 1529.000000 2.896132
 1530.000000 3.068800
 1531.000000 2.980386
 1532.000000 3.060638
 1533.000000 3.512087
 1534.000000 3.674455
 1535.000000 3.556442
 1536.000000 3.498682
 1537.000000 3.705991
 1538.000000 3.757409
 1539.000000 3.513731
 1540.000000 3.782276
 1541.000000 3.714356
 1542.000000 3.810896
 1543.000000 3.853925
 1544.000000 4.057721
 1545.000000 4.109708
 1546.000000 4.072703
 1547.000000 4.201694
 1548.000000 4.305361
 1549.000000 4.289889
 1550.000000 4.425252
 1551.000000 4.547813
 1552.000000 4.458531
 1553.000000 4.500009
 1554.000000 4.552286
 1555.000000 4.316197
 1556.000000 4.305444
 1557.000000 4.295797
 1558.000000 4.073526
 1559.000000 4.012012
 1560.000000 3.521829
 1561.000000 3.306246
 1562.000000 3.473323
 1563.000000 3.152477
 1564.000000 3.538666
 1565.000000 3.495163
 1566.000000 3.430108
 1567.000000 3.462254
 1568.000000 3.133018
 1569.000000 3.120891
 1570.000000 3.442036
 1571.000000 3.311975
 1572.000000 3.427683
 1573.000000 3.570280
 1574.000000 3.793800
 1575.000000 3.648282
 1576.000000 3.693520
 1577.000000 3.531278
 1578.000000 3.291382
 1579.000000 3.424752
 1580.000000 3.414733
 1581.000000 3.379343
 1582.000000 3.356684
 1583.000000 3.078559
 1584.000000 3.318364
 1585.000000 3.291692
 1586.000000 3.255579
 1587.000000 3.356481
 1588.000000 3.265046
 1589.000000 3.352776
 1590.000000 3.571684
 1591.000000 3.579043
 1592.000000 3.513771
 1593.000000 3.268738
 1594.000000 3.274311
 1595.000000 3.271979
 1596.000000 3.566691
 1597.000000 3.607060
 1598.000000 3.407257
 1599.000000 3.315250
 1600.000000 3.366418
 1601.000000 3.316865
 1602.000000 3.521892
 1603.000000 3.294299
 1604.000000 3.444170
 1605.000000 3.501833
 1606.000000 3.240213
 1607.000000 3.471453
 1608.000000 3.610532
 1609.000000 3.785243
 1610.000000 3.561074
 1611.000000 3.444072
 1612.000000 3.271669
 1613.000000 3.391936
 1614.000000 3.404506
 1615.000000 3.110726
 1616.000000 3.152440
 1617.000000 3.182157
 1618.000000 3.160893
 1619.000000 3.084634
 1620.000000 3.234882
 1621.000000 3.196029
 1622.000000 3.144740
 1623.000000 3.341384
 1624.000000 3.509188
 1625.000000 3.349524
 1626.000000 3.431987
 1627.000000 3.357145
 1628.000000 3.030001
 1629.000000 2.797763
 1630.000000 2.575817
 1631.000000 2.760684
 1632.000000 2.213912
 1633.000000 2.061542
 1634.000000 2.129825
 1635.000000 2.041556
 1636.000000 2.315988
 1637.000000 2.202113
 1638.000000 2.208716
 1639.000000 1.916530
 1640.000000 2.488570
 1641.000000 2.838006
 1642.000000 2.833272
 1643.000000 2.771407
 1644.000000 3.016357
 1645.000000 2.666346
 1646.000000 2.756494
 1647.000000 2.830197
 1648.000000 2.899959
 1649.000000 2.589390
 1650.000000 2.920075
 1651.000000 3.250303
 1652.000000 3.295553
 1653.000000 3.168569
 1654.000000 3.217905
 1655.000000 3.080648
 1656.000000 2.921076
 1657.000000 3.436424
 1658.000000 3.408480
 1659.000000 3.540532
 1660.000000 3.425662
 1661.000000 3.080238
 1662.000000 3.382821
 1663.000000 3.376716
 1664.000000 3.090901
 1665.000000 2.975162
 1666.000000 2.803345
 1667.000000 2.855655
 1668.000000 2.596221
 1669.000000 2.456992
 1670.000000 2.528400
 1671.000000 2.463049
 1672.000000 2.364865
 1673.000000 2.565731
 1674.000000 2.479010
 1675.000000 2.265797
 1676.000000 2.508370
 1677.000000 2.439905
 1678.000000 1.787769
 1679.000000 2.802755
 1680.000000 2.689034
 1681.000000 2.914543
 1682.000000 2.562820
 1683.000000 2.073699
 1684.000000 1.743970
 1685.000000 0.634258
 1686.000000 0.516393
 1687.000000 0.331804
 1688.000000 0.356317
 1689.000000 0.850610
 1690.000000 3.588109
 1691.000000 4.297537
 1692.000000 3.738367
 1693.000000 4.045281
 1694.000000 3.881799
 1695.000000 3.200365
 1696.000000 3.358214
 1697.000000 3.203752
 1698.000000 3.168771
 1699.000000 2.526960
 1700.000000 2.450975
 1701.000000 2.534990
 1702.000000 3.766174
 1703.000000 4.144476
 1704.000000 4.495710
 1705.000000 4.536422
 1706.000000 2.879773
 1707.000000 2.809551
 1708.000000 2.349523
 1709.000000 3.281898
 1710.000000 2.842337
 1711.000000 3.506652
 1712.000000 3.793228
 1713.000000 3.520002
 1714.000000 3.289181
 1715.000000 4.026016
 1716.000000 3.380980
 1717.000000 4.164929
 1718.000000 3.681900
 1719.000000 3.674687
 1720.000000 3.981324
 1721.000000 4.047969
 1722.000000 3.366622
 1723.000000 2.392801
 1724.000000 2.338426
 1725.000000 1.864071
 1726.000000 2.270299
 1727.000000 1.815386
 1728.000000 1.504440
 1729.000000 1.923775
 1730.000000 1.621524
 1731.000000 1.615226
 1732.000000 1.393044
 1733.000000 1.727783
 1734.000000 1.876785
 1735.000000 1.763976
 1736.000000 1.785080
 1737.000000 0.936312
 1738.000000 1.700616
 1739.000000 1.534580
 1740.000000 1.365739
 1741.000000 1.299910
 1742.000000 3.283187
 1743.000000 1.272571
 1744.000000 2.001894
 1745.000000 0.972081
 1746.000000 0.789337
 1747.000000 1.629801
 1748.000000 2.635577
 1749.000000 2.114077
 1750.000000 0.862060
 1751.000000 1.278617
 1752.000000 1.653749
 1753.000000 1.846308
 1754.000000 1.715517
 1755.000000 2.648273
 1756.000000 2.594954
 1757.000000 2.381138
 1758.000000 2.866174
 1759.000000 2.889225
 1760.000000 2.428279
 1761.000000 2.694896
 1762.000000 2.349438
 1763.000000 2.281829
 1764.000000 2.020006
 1765.000000 1.455688
 1766.000000 1.883258
 1767.000000 0.315368
 1768.000000 0.819756
 1769.000000 1.700218
 1770.000000 3.368694
 1771.000000 4.434751
 1772.000000 4.528724
 1773.000000 3.512766
 1774.000000 2.508715
 1775.000000 2.571090
 1776.000000 3.441304
 1777.000000 2.719987
 1778.000000 3.619806
 1779.000000 2.966189
 1780.000000 3.287391
 1781.000000 3.274174
 1782.000000 4.084972
 1783.000000 3.348120
 1784.000000 4.613037
 1785.000000 2.814871
 1786.000000 2.834548
 1787.000000 3.165996
 1788.000000 2.246475
 1789.000000 3.543095
 1790.000000 2.338580
 1791.000000 3.143447
 1792.000000 3.265857
 1793.000000 3.754002
 1794.000000 3.549171
 1795.000000 3.055302
 1796.000000 3.151013
 1797.000000 3.152796
 1798.000000 2.476751
 1799.000000 2.318728
 1800.000000 3.022243
 1801.000000 2.312947
 1802.000000 3.337834
 1803.000000 3.520898
 1804.000000 3.243693
 1805.000000 2.482525
 1806.000000 1.252055
 1807.000000 2.282041
 1808.000000 2.489757
 1809.000000 2.641526
 1810.000000 2.602749
 1811.000000 2.762313
 1812.000000 2.930195
 1813.000000 2.760545
 1814.000000 2.915834
 1815.000000 3.421528
 1816.000000 3.139650
 1817.000000 3.545960
 1818.000000 2.600847
 1819.000000 2.889708
 1820.000000 2.495924
 1821.000000 3.019365
 1822.000000 3.169587
 1823.000000 2.874152
 1824.000000 2.728610
 1825.000000 2.877138
 1826.000000 3.003779
 1827.000000 2.925339
 1828.000000 2.838771
 1829.000000 3.010301
 1830.000000 1.939115
 1831.000000 1.873315
 1832.000000 3.021934
 1833.000000 3.282818
 1834.000000 3.410848
 1835.000000 3.170077
 1836.000000 2.669133
 1837.000000 2.883304
 1838.000000 2.509008
 1839.000000 2.312871
 1840.000000 3.193983
 1841.000000 3.157173
 1842.000000 3.313539
 1843.000000 2.989553
 1844.000000 3.298633
 1845.000000 3.212205
 1846.000000 3.190547
 1847.000000 3.646478
 1848.000000 3.329386
 1849.000000 3.853928
 1850.000000 3.491047
 1851.000000 3.589007
 1852.000000 3.331703
 1853.000000 3.608676
 1854.000000 3.410833
 1855.000000 3.165260
 1856.000000 2.667274
 1857.000000 3.003805
 1858.000000 2.858142
 1859.000000 3.343589
 1860.000000 3.748914
 1861.000000 3.821759
 1862.000000 3.455125
 1863.000000 4.057050
 1864.000000 2.876541
 1865.000000 3.862056
 1866.000000 3.064627
 1867.000000 2.820381
 1868.000000 3.034688
 1869.000000 3.014491
 1870.000000 2.658083
 1871.000000 3.531715
 1872.000000 3.483083
 1873.000000 3.966563
 1874.000000 3.921054
 1875.000000 3.546944
 1876.000000 3.190776
 1877.000000 3.132147
 1878.000000 2.905666
 1879.000000 3.176693
 1880.000000 3.490698
 1881.000000 3.187254
 1882.000000 3.435409
 1883.000000 3.804810
 1884.000000 3.898588
 1885.000000 3.478325
 1886.000000 3.543122
 1887.000000 3.584691
 1888.000000 3.741073
 1889.000000 3.702565
 1890.000000 3.909126
 1891.000000 4.467813
 1892.000000 4.246890
 1893.000000 3.836209
 1894.000000 4.185186
 1895.000000 4.505903
 1896.000000 4.561400
 1897.000000 4.459220
 1898.000000 4.466941
 1899.000000 4.181926
 1900.000000 3.942520
 1901.000000 3.823803
 1902.000000 3.872343
 1903.000000 3.853201
 1904.000000 2.327495
 1905.000000 2.334472
 1906.000000 2.866702
 1907.000000 3.477593
 1908.000000 3.256005
 1909.000000 2.593003
 1910.000000 2.972861
 1911.000000 3.103112
 1912.000000 3.779089
 1913.000000 3.397871
 1914.000000 3.480914
 1915.000000 2.876284
 1916.000000 3.379870
 1917.000000 3.421333
 1918.000000 4.134968
 1919.000000 2.847247
 1920.000000 1.805528
 1921.000000 1.733807
 1922.000000 2.095401
 1923.000000 2.261017
 1924.000000 2.485107
 1925.000000 2.772190
 1926.000000 2.598147
 1927.000000 2.274219
 1928.000000 2.165510
 1929.000000 1.323463
 1930.000000 2.274088
 1931.000000 1.870223
 1932.000000 2.133325
 1933.000000 2.385601
 1934.000000 2.346748
 1935.000000 2.735683
 1936.000000 2.915505
 1937.000000 3.026888
 1938.000000 2.348060
 1939.000000 2.554015
 1940.000000 2.124413
 1941.000000 2.665814
 1942.000000 2.924155
 1943.000000 3.358212
 1944.000000 3.322092
 1945.000000 3.013436
 1946.000000 3.147676
 1947.000000 3.094824
 1948.000000 3.220202
 1949.000000 2.932486
 1950.000000 3.252796
 1951.000000 2.953745
 1952.000000 3.070364
 1953.000000 3.299691
 1954.000000 3.104826
 1955.000000 2.904823
 1956.000000 2.999940
 1957.000000 3.028775
 1958.000000 3.176745
 1959.000000 3.543562
 1960.000000 3.336089
 1961.000000 3.375266
 1962.000000 3.215212
 1963.000000 3.358381
 1964.000000 2.340027
 1965.000000 3.274926
 1966.000000 3.148298
 1967.000000 2.675645
 1968.000000 2.514013
 1969.000000 3.234475
 1970.000000 1.699352
 1971.000000 1.232853
 1972.000000 1.987284
 1973.000000 2.892879
 1974.000000 1.814501
 1975.000000 0.881151
 1976.000000 0.472103
 1977.000000 1.385668
 1978.000000 0.962883
 1979.000000 2.528144
 1980.000000 2.272030
 1981.000000 2.382270
 1982.000000 2.433532
 1983.000000 3.600877
 1984.000000 3.784029
 1985.000000 2.864331
 1986.000000 2.740199
 1987.000000 3.922627
 1988.000000 3.686889
 1989.000000 3.587022
 1990.000000 3.519829
 1991.000000 3.269653
 1992.000000 2.805839
 1993.000000 3.025451
 1994.000000 4.025066
 1995.000000 3.024694
 1996.000000 2.357856
 1997.000000 3.736143
 1998.000000 3.095946
 1999.000000 2.975925
 2000.000000 3.338945
 2001.000000 2.506865
 2002.000000 3.133550
 2003.000000 3.186263
 2004.000000 2.949885
 2005.000000 3.012444
 2006.000000 3.173628
 2007.000000 2.849801
 2008.000000 2.662478
 2009.000000 3.098184
 2010.000000 2.711028
 2011.000000 2.942076
 2012.000000 2.832632
 2013.000000 2.751515
 2014.000000 3.104489
 2015.000000 3.472690
 2016.000000 2.841091
 2017.000000 3.346301
 2018.000000 3.213536
 2019.000000 4.321650
 2020.000000 4.040935
 2021.000000 4.120457
 2022.000000 4.064728
 2023.000000 4.033071
 2024.000000 3.759077
