#! FIELDS time r6.min
 0.000000 2.218948
 1.000000 2.346504
 2.000000 2.546923
 3.000000 3.259117
 4.000000 2.476453
 5.000000 1.782774
 6.000000 1.774601
 7.000000 1.878075
 8.000000 1.964192
 9.000000 3.099515
 10.000000 1.948936
 11.000000 2.393831
 12.000000 3.685981
 13.000000 3.721645
 14.000000 3.109626
 15.000000 3.281861
 16.000000 3.424556
 17.000000 3.505276
 18.000000 3.271756
 19.000000 3.332355
 20.000000 3.029282
 21.000000 3.840281
 22.000000 4.041827
 23.000000 3.532306
 24.000000 3.435264
 25.000000 1.173213
 26.000000 2.903694
 27.000000 3.790813
 28.000000 3.598045
 29.000000 3.424881
 30.000000 2.414121
 31.000000 2.916510
 32.000000 3.937105
 33.000000 4.378466
 34.000000 2.629260
 35.000000 2.743739
 36.000000 4.222513
 37.000000 4.237537
 38.000000 4.876453
 39.000000 4.101878
 40.000000 3.884163
 41.000000 3.408423
 42.000000 3.347989
 43.000000 4.228991
 44.000000 3.578063
 45.000000 3.041512
 46.000000 3.332572
 47.000000 3.504006
 48.000000 3.358284
 49.000000 3.264853
 50.000000 2.949821
 51.000000 3.026031
 52.000000 2.713877
 53.000000 3.098013
 54.000000 2.659440
 55.000000 2.434190
 56.000000 2.611903
 57.000000 2.614730
 58.000000 2.709381
 59.000000 2.816712
 60.000000 2.608924
 61.000000 2.329651
 62.000000 1.949834
 63.000000 2.162357
 64.000000 2.216617
 65.000000 2.285611
 66.000000 3.297990
 67.000000 4.078873
 68.000000 3.822153
 69.000000 4.076403
 70.000000 4.120537
 71.000000 3.713791
 72.000000 4.273589
 73.000000 4.614994
 74.000000 4.351483
 75.000000 3.200138
 76.000000 4.142336
 77.000000 3.721025
 78.000000 3.273406
 79.000000 3.450792
 80.000000 3.320809
 81.000000 3.481359
 82.000000 3.243296
 83.000000 3.567588
 84.000000 3.238565
 85.000000 3.259378
 86.000000 3.301412
 87.000000 3.410387
 88.000000 3.525785
 89.000000 3.947138
 90.000000 3.822438
 91.000000 3.909060
 92.000000 3.766704
 93.000000 4.032827
 94.000000 4.160161
 95.000000 4.025240
 96.000000 3.707128
 97.000000 3.648429
 98.000000 3.325939
 99.000000 2.547405
 100.000000 3.197464
 101.000000 3.089761
 102.000000 4.009172
 103.000000 3.570712
 104.000000 3.286486
 105.000000 2.706493
 106.000000 3.633339
 107.000000 3.342430
 108.000000 2.648204
 109.000000 2.638434
 110.000000 2.738733
 111.000000 2.828730
 112.000000 2.964297
 113.000000 3.301365
 114.000000 3.456166
 115.000000 3.319814
 116.000000 3.408965
 117.000000 3.400564
 118.000000 3.196954
 119.000000 2.910689
 120.000000 3.067674
 121.000000 3.194208
 122.000000 3.288334
 123.000000 3.180213
 124.000000 3.292170
 125.000000 3.049893
 126.000000 2.848344
 127.000000 2.809765
 128.000000 2.687930
 129.000000 2.249201
 130.000000 2.138684
 131.000000 1.993636
 132.000000 2.211285
 133.000000 2.517624
 134.000000 2.241671
 135.000000 2.513096
 136.000000 2.793596
 137.000000 2.452302
 138.000000 2.084809
 139.000000 2.121432
 140.000000 1.989837
 141.000000 1.937667
 142.000000 3.105628
 143.000000 2.827877
 144.000000 2.364937
 145.000000 2.340279
 146.000000 3.803478
 147.000000 3.764903
 148.000000 3.555570
 149.000000 3.631475
 150.000000 3.483115
 151.000000 3.520643
 152.000000 2.530528
 153.000000 2.884335
 154.000000 3.086452
 155.000000 3.513695
 156.000000 4.194846
 157.000000 3.392966
 158.000000 3.836819
 159.000000 3.598564
 160.000000 3.709280
 161.000000 4.395974
 162.000000 4.001797
 163.000000 4.085141
 164.000000 3.925241
 165.000000 3.341283
 166.000000 2.848728
 167.000000 2.386152
 168.000000 4.276734
 169.000000 3.278871
 170.000000 3.208992
 171.000000 3.009660
 172.000000 3.187143
 173.000000 3.376339
 174.000000 3.299822
 175.000000 3.350997
 176.000000 3.311683
 177.000000 3.188740
 178.000000 3.304289
 179.000000 3.324413
 180.000000 3.305788
 181.000000 3.277761
 182.000000 3.276274
 183.000000 3.052634
 184.000000 3.187796
 185.000000 2.862188
 186.000000 2.953819
 187.000000 2.832894
 188.000000 3.000564
 189.000000 3.001120
 190.000000 3.182925
 191.000000 3.048090
 192.000000 3.273943
 193.000000 3.025659
 194.000000 3.207520
 195.000000 3.283185
 196.000000 3.137705
 197.000000 3.281467
 198.000000 3.018021
 199.000000 3.134773
 200.000000 3.155418
 201.000000 3.253929
 202.000000 3.141561
 203.000000 3.220733
 204.000000 4.068474
 205.000000 3.906454
 206.000000 3.564315
 207.000000 3.622120
 208.000000 3.749700
 209.000000 3.932415
 210.000000 4.119327
 211.000000 4.048204
 212.000000 3.612090
 213.000000 3.667056
 214.000000 3.900869
 215.000000 3.970182
 216.000000 4.074230
 217.000000 3.745317
 218.000000 3.889704
 219.000000 4.022277
 220.000000 3.939517
 221.000000 4.047226
 222.000000 4.013292
 223.000000 4.148340
 224.000000 4.262482
 225.000000 4.433116
 226.000000 4.200344
 227.000000 4.159869
 228.000000 4.172287
 229.000000 4.142445
 230.000000 4.059975
 231.000000 4.116223
 232.000000 4.048263
 233.000000 4.221716
 234.000000 4.263210
 235.000000 4.302223
 236.000000 4.217007
 237.000000 4.232400
 238.000000 4.021857
 239.000000 4.098236
 240.000000 4.289100
 241.000000 4.336295
 242.000000 4.597756
 243.000000 4.487894
 244.000000 3.499296
 245.000000 2.518194
 246.000000 1.635224
 247.000000 1.874252
 248.000000 3.025363
 249.000000 3.393247
 250.000000 3.080193
 251.000000 3.109083
 252.000000 3.657683
 253.000000 3.467171
 254.000000 3.345227
 255.000000 3.378422
 256.000000 2.852577
 257.000000 3.310588
 258.000000 2.985931
 259.000000 2.745660
 260.000000 1.789142
 261.000000 1.108304
 262.000000 2.668138
 263.000000 2.466318
 264.000000 4.330207
 265.000000 2.857332
 266.000000 3.155946
 267.000000 3.615908
 268.000000 2.415932
 269.000000 2.537719
 270.000000 3.174471
 271.000000 2.940914
 272.000000 1.833121
 273.000000 3.468276
 274.000000 3.680101
 275.000000 2.112530
 276.000000 2.754192
 277.000000 3.053226
 278.000000 2.817267
 279.000000 4.303200
 280.000000 1.528594
 281.000000 3.084777
 282.000000 3.194609
 283.000000 3.472289
 284.000000 1.794101
 285.000000 3.868243
 286.000000 2.884070
 287.000000 3.716062
 288.000000 3.746765
 289.000000 2.273777
 290.000000 3.337752
 291.000000 3.635880
 292.000000 3.968086
 293.000000 3.997356
 294.000000 3.989057
 295.000000 3.688396
 296.000000 3.310806
 297.000000 3.666083
 298.000000 2.843548
 299.000000 1.623119
 300.000000 2.101557
 301.000000 1.700392
 302.000000 2.654047
 303.000000 3.515178
 304.000000 3.924624
 305.000000 3.799115
 306.000000 3.787950
 307.000000 3.547322
 308.000000 2.610502
 309.000000 3.109635
 310.000000 2.284464
 311.000000 1.758746
 312.000000 2.607264
 313.000000 3.648831
 314.000000 3.628611
 315.000000 3.335714
 316.000000 3.795784
 317.000000 4.209487
 318.000000 3.453555
 319.000000 2.744346
 320.000000 3.590156
 321.000000 2.643617
 322.000000 2.425993
 323.000000 3.302281
 324.000000 3.261788
 325.000000 4.237309
 326.000000 4.174573
 327.000000 3.904003
 328.000000 2.887904
 329.000000 3.488238
 330.000000 2.484992
 331.000000 3.185925
 332.000000 2.299380
 333.000000 1.361702
 334.000000 2.131359
 335.000000 3.489768
 336.000000 3.427863
 337.000000 3.802292
 338.000000 3.527507
 339.000000 4.222803
 340.000000 3.485663
 341.000000 3.978429
 342.000000 3.870594
 343.000000 3.590001
 344.000000 3.348752
 345.000000 2.711356
 346.000000 2.594665
 347.000000 3.372355
 348.000000 3.152124
 349.000000 2.754363
 350.000000 2.823918
 351.000000 3.233458
 352.000000 3.123295
 353.000000 3.479454
 354.000000 3.597884
 355.000000 3.841121
 356.000000 3.845726
 357.000000 3.439497
 358.000000 3.208137
 359.000000 3.355582
 360.000000 3.776585
 361.000000 3.882680
 362.000000 3.887282
 363.000000 4.056147
 364.000000 4.192687
 365.000000 4.368930
 366.000000 4.316624
 367.000000 4.407010
 368.000000 4.372098
 369.000000 4.421296
 370.000000 4.249895
 371.000000 4.170579
 372.000000 4.308955
 373.000000 4.263259
 374.000000 3.653608
 375.000000 3.845920
 376.000000 3.876237
 377.000000 3.998853
 378.000000 3.796693
 379.000000 3.912264
 380.000000 3.897765
 381.000000 3.939076
 382.000000 4.153481
 383.000000 4.141500
 384.000000 4.162913
 385.000000 4.058719
 386.000000 3.657192
 387.000000 3.751361
 388.000000 3.807860
 389.000000 4.286151
 390.000000 4.238623
 391.000000 4.170797
 392.000000 4.296767
 393.000000 4.270800
 394.000000 4.301459
 395.000000 3.961592
 396.000000 4.000664
 397.000000 3.892492
 398.000000 3.907812
 399.000000 3.886966
 400.000000 4.042682
 401.000000 4.105373
 402.000000 4.172548
 403.000000 4.350821
 404.000000 4.329342
 405.000000 4.166092
 406.000000 4.035544
 407.000000 4.076973
 408.000000 4.204609
 409.000000 4.232451
 410.000000 4.224737
 411.000000 4.345878
 412.000000 4.319053
 413.000000 4.033021
 414.000000 3.847212
 415.000000 4.201408
 416.000000 4.052862
 417.000000 4.087527
 418.000000 4.031866
 419.000000 4.105357
 420.000000 4.553038
 421.000000 3.446071
 422.000000 4.598855
 423.000000 4.737349
 424.000000 4.740665
 425.000000 4.914856
 426.000000 5.096675
 427.000000 5.221445
 428.000000 5.281329
 429.000000 3.672629
 430.000000 5.057865
 431.000000 4.618905
 432.000000 4.660556
 433.000000 4.739869
 434.000000 4.910904
 435.000000 5.109219
 436.000000 5.105307
 437.000000 5.327395
 438.000000 5.246606
 439.000000 5.109082
 440.000000 5.197071
 441.000000 5.044565
 442.000000 4.954352
 443.000000 3.510356
 444.000000 2.788312
 445.000000 2.740743
 446.000000 4.260495
 447.000000 3.516814
 448.000000 3.261683
 449.000000 3.331943
 450.000000 3.731304
 451.000000 4.030421
 452.000000 4.038692
 453.000000 4.550123
 454.000000 4.197296
 455.000000 4.763734
 456.000000 4.002723
 457.000000 2.356505
 458.000000 3.028241
 459.000000 3.505360
 460.000000 3.586255
 461.000000 2.942606
 462.000000 2.088475
 463.000000 2.942262
 464.000000 1.755704
 465.000000 3.055820
 466.000000 4.218198
 467.000000 3.816909
 468.000000 4.392711
 469.000000 4.655469
 470.000000 4.391970
 471.000000 4.194966
 472.000000 4.003423
 473.000000 4.043403
 474.000000 3.118190
 475.000000 3.820042
 476.000000 3.684183
 477.000000 2.943239
 478.000000 1.705797
 479.000000 0.471809
 480.000000 0.413103
 481.000000 1.011971
 482.000000 1.041491
 483.000000 2.052837
 484.000000 2.514561
 485.000000 3.176561
 486.000000 3.872336
 487.000000 3.937725
 488.000000 3.315534
 489.000000 3.665274
 490.000000 3.896436
 491.000000 2.970777
 492.000000 2.630955
 493.000000 3.271400
 494.000000 3.217531
 495.000000 4.064639
 496.000000 3.973627
 497.000000 3.320851
 498.000000 3.733945
 499.000000 3.800380
 500.000000 3.888295
 501.000000 4.266450
 502.000000 3.163879
 503.000000 2.946289
 504.000000 3.972917
 505.000000 2.766485
 506.000000 2.897583
 507.000000 3.253581
 508.000000 2.689309
 509.000000 3.139862
 510.000000 3.714041
 511.000000 3.294391
 512.000000 2.714539
 513.000000 3.549796
 514.000000 3.631532
 515.000000 3.476564
 516.000000 4.237597
 517.000000 3.416143
 518.000000 3.687921
 519.000000 2.926430
 520.000000 3.220897
 521.000000 3.605123
 522.000000 4.336630
 523.000000 2.829559
 524.000000 2.694497
 525.000000 2.414999
 526.000000 0.607058
 527.000000 1.499054
 528.000000 2.295501
 529.000000 2.696231
 530.000000 2.680075
 531.000000 3.620708
 532.000000 3.732579
 533.000000 2.649375
 534.000000 0.829095
 535.000000 0.747812
 536.000000 1.578366
 537.000000 2.339828
 538.000000 3.170627
 539.000000 3.053089
 540.000000 3.224611
 541.000000 2.512796
 542.000000 3.162598
 543.000000 2.164683
 544.000000 2.218067
 545.000000 2.283180
 546.000000 3.414307
 547.000000 3.407306
 548.000000 3.611904
 549.000000 3.618358
 550.000000 3.099662
 551.000000 2.794831
 552.000000 3.069011
 553.000000 3.174964
 554.000000 3.900535
 555.000000 4.039574
 556.000000 3.405060
 557.000000 2.744117
 558.000000 2.967658
 559.000000 2.954187
 560.000000 2.811399
 561.000000 2.938621
 562.000000 3.263277
 563.000000 3.000915
 564.000000 2.832282
 565.000000 3.008023
 566.000000 3.252200
 567.000000 3.197373
 568.000000 3.304069
 569.000000 3.030008
 570.000000 2.642370
 571.000000 2.634018
 572.000000 2.357349
 573.000000 1.929614
 574.000000 2.344333
 575.000000 2.362901
 576.000000 2.303932
 577.000000 2.103920
 578.000000 2.415269
 579.000000 3.141624
 580.000000 2.454175
 581.000000 2.893822
 582.000000 3.120196
 583.000000 3.600567
 584.000000 3.509880
 585.000000 2.574831
 586.000000 3.030431
 587.000000 3.479785
 588.000000 2.071525
 589.000000 2.497849
 590.000000 3.256246
 591.000000 3.445426
 592.000000 4.639238
 593.000000 4.374486
 594.000000 4.210006
 595.000000 4.407058
 596.000000 4.458052
 597.000000 4.613805
 598.000000 4.591173
 599.000000 4.242258
 600.000000 4.361938
 601.000000 5.006761
 602.000000 5.066868
 603.000000 4.752822
 604.000000 4.741009
 605.000000 4.338198
 606.000000 4.506177
 607.000000 4.629162
 608.000000 4.531805
 609.000000 4.411212
 610.000000 4.517336
 611.000000 4.653151
 612.000000 4.584721
 613.000000 4.660090
 614.000000 4.737938
 615.000000 4.801501
 616.000000 4.849576
 617.000000 4.871899
 618.000000 3.845074
 619.000000 4.873530
 620.000000 4.817694
 621.000000 4.933638
 622.000000 5.066694
 623.000000 4.959701
 624.000000 3.555181
 625.000000 4.913320
 626.000000 4.846421
 627.000000 3.433482
 628.000000 4.848361
 629.000000 3.347864
 630.000000 3.579626
 631.000000 3.476449
 632.000000 3.359246
 633.000000 3.524502
 634.000000 4.913805
 635.000000 4.926892
 636.000000 4.939628
 637.000000 3.446440
 638.000000 3.378724
 639.000000 4.908104
 640.000000 4.787667
 641.000000 3.501817
 642.000000 4.987314
 643.000000 3.504734
 644.000000 3.309873
 645.000000 3.536298
 646.000000 5.045554
 647.000000 5.022448
 648.000000 3.681764
 649.000000 3.699835
 650.000000 3.602963
 651.000000 3.484355
 652.000000 3.751152
 653.000000 4.469477
 654.000000 4.718514
 655.000000 4.732775
 656.000000 4.749597
 657.000000 4.829616
 658.000000 4.494164
 659.000000 4.515216
 660.000000 4.325865
 661.000000 4.207460
 662.000000 4.269297
 663.000000 4.238589
 664.000000 4.166880
 665.000000 4.268562
 666.000000 3.673381
 667.000000 3.752556
 668.000000 3.811391
 669.000000 3.934904
 670.000000 3.849409
 671.000000 3.743141
 672.000000 3.804307
 673.000000 4.048726
 674.000000 4.023914
 675.000000 4.105892
 676.000000 4.053202
 677.000000 4.027046
 678.000000 4.142714
 679.000000 4.313774
 680.000000 4.226330
 681.000000 4.119055
 682.000000 3.959920
 683.000000 3.914714
 684.000000 3.946862
 685.000000 4.004884
 686.000000 4.046498
 687.000000 3.873071
 688.000000 3.584474
 689.000000 3.771709
 690.000000 4.007536
 691.000000 4.156866
 692.000000 3.885358
 693.000000 3.964881
 694.000000 3.993000
 695.000000 4.055373
 696.000000 3.909612
 697.000000 4.059891
 698.000000 4.137978
 699.000000 4.205071
 700.000000 4.126642
 701.000000 3.952928
 702.000000 3.801479
 703.000000 3.538058
 704.000000 3.298388
 705.000000 1.588801
 706.000000 2.203793
 707.000000 4.067630
 708.000000 3.938979
 709.000000 4.279384
 710.000000 4.475529
 711.000000 4.093136
 712.000000 3.218283
 713.000000 3.824884
 714.000000 3.452831
 715.000000 3.888498
 716.000000 3.680695
 717.000000 3.785465
 718.000000 3.028889
 719.000000 2.633799
 720.000000 2.857763
 721.000000 1.796147
 722.000000 3.361496
 723.000000 3.701768
 724.000000 2.011971
 725.000000 1.231148
 726.000000 2.843007
 727.000000 2.784591
 728.000000 4.120496
 729.000000 3.453987
 730.000000 3.742253
 731.000000 2.828285
 732.000000 1.557260
 733.000000 2.216979
 734.000000 4.939369
 735.000000 4.965534
 736.000000 4.078812
 737.000000 3.604980
 738.000000 3.812830
 739.000000 3.298140
 740.000000 3.867461
 741.000000 3.466519
 742.000000 4.034535
 743.000000 3.097566
 744.000000 4.020431
 745.000000 3.658860
 746.000000 3.407787
 747.000000 3.334869
 748.000000 3.889452
 749.000000 3.922596
 750.000000 3.566708
 751.000000 3.512962
 752.000000 3.564707
 753.000000 3.860086
 754.000000 3.580354
 755.000000 3.379287
 756.000000 3.139323
 757.000000 3.153018
 758.000000 1.991674
 759.000000 2.291584
 760.000000 2.141343
 761.000000 1.796569
 762.000000 0.831553
 763.000000 0.663307
 764.000000 1.923252
 765.000000 2.036460
 766.000000 2.089476
 767.000000 2.801622
 768.000000 3.912612
 769.000000 3.705102
 770.000000 4.381159
 771.000000 4.566784
 772.000000 4.615658
 773.000000 4.311473
 774.000000 4.112963
 775.000000 2.209668
 776.000000 1.996077
 777.000000 2.442430
 778.000000 1.866798
 779.000000 1.431868
 780.000000 2.523082
 781.000000 1.815859
 782.000000 2.084987
 783.000000 1.174066
 784.000000 1.753170
 785.000000 2.831268
 786.000000 3.642127
 787.000000 2.017312
 788.000000 3.976484
 789.000000 2.851473
 790.000000 4.026196
 791.000000 4.114586
 792.000000 4.126307
 793.000000 3.654430
 794.000000 4.439403
 795.000000 3.597121
 796.000000 3.546021
 797.000000 3.845642
 798.000000 3.725552
 799.000000 3.168960
 800.000000 3.002162
 801.000000 3.504908
 802.000000 2.485977
 803.000000 3.064194
 804.000000 3.123842
 805.000000 2.766873
 806.000000 2.999970
 807.000000 2.566469
 808.000000 2.817303
 809.000000 3.302356
 810.000000 3.119046
 811.000000 3.383125
 812.000000 3.113778
 813.000000 3.064596
 814.000000 3.094752
 815.000000 2.780855
 816.000000 3.402217
 817.000000 3.989218
 818.000000 3.710175
 819.000000 3.940880
 820.000000 4.034246
 821.000000 3.835740
 822.000000 3.890954
 823.000000 3.413553
 824.000000 3.119519
 825.000000 3.168906
 826.000000 2.842822
 827.000000 2.729307
 828.000000 2.103773
 829.000000 2.641584
 830.000000 2.804982
 831.000000 2.941534
 832.000000 2.247444
 833.000000 2.501713
 834.000000 2.422905
 835.000000 2.607154
 836.000000 3.049030
 837.000000 2.720474
 838.000000 3.221667
 839.000000 2.573714
 840.000000 2.774164
 841.000000 3.322469
 842.000000 3.270405
 843.000000 3.513858
 844.000000 4.044620
 845.000000 3.601389
 846.000000 3.424863
 847.000000 3.633246
 848.000000 3.461669
 849.000000 4.006986
 850.000000 4.139134
 851.000000 3.998955
 852.000000 3.324373
 853.000000 3.062619
 854.000000 3.346537
 855.000000 4.337022
 856.000000 4.149746
 857.000000 3.799096
 858.000000 3.839966
 859.000000 4.083853
 860.000000 3.582892
 861.000000 3.745638
 862.000000 3.527544
 863.000000 3.539610
 864.000000 3.986016
 865.000000 3.119328
 866.000000 2.649129
 867.000000 3.432549
 868.000000 2.898933
 869.000000 2.446275
 870.000000 2.854765
 871.000000 3.809462
 872.000000 3.947733
 873.000000 3.213283
 874.000000 2.943651
 875.000000 3.188007
 876.000000 2.794674
 877.000000 3.756671
 878.000000 3.178133
 879.000000 3.526835
 880.000000 2.408182
 881.000000 3.881544
 882.000000 3.129885
 883.000000 4.229568
 884.000000 3.840444
 885.000000 4.303348
 886.000000 3.912351
 887.000000 3.263950
 888.000000 3.576342
 889.000000 3.782815
 890.000000 3.647137
 891.000000 2.910560
 892.000000 3.428210
 893.000000 3.810093
 894.000000 3.808644
 895.000000 3.744331
 896.000000 3.158299
 897.000000 2.929586
 898.000000 3.194250
 899.000000 3.364125
 900.000000 2.993132
 901.000000 3.378250
 902.000000 3.605473
 903.000000 3.791112
 904.000000 4.295743
 905.000000 4.174522
 906.000000 3.345278
 907.000000 2.514927
 908.000000 2.170251
 909.000000 2.341881
 910.000000 2.271605
 911.000000 2.362079
 912.000000 2.363828
 913.000000 2.344801
 914.000000 2.308195
 915.000000 2.186123
 916.000000 2.315932
 917.000000 2.383043
 918.000000 2.299322
 919.000000 2.258890
 920.000000 2.445743
 921.000000 2.582048
 922.000000 2.508686
 923.000000 2.900056
 924.000000 2.985186
 925.000000 2.719725
 926.000000 2.808680
 927.000000 2.758091
 928.000000 2.681761
 929.000000 2.769382
 930.000000 2.881117
 931.000000 2.934647
 932.000000 2.757085
 933.000000 2.722315
 934.000000 2.942189
 935.000000 2.705256
 936.000000 2.627008
 937.000000 2.541352
 938.000000 2.797220
 939.000000 2.891627
 940.000000 2.820587
 941.000000 2.644774
 942.000000 2.704210
 943.000000 2.607471
 944.000000 2.560013
 945.000000 2.390316
 946.000000 2.505903
 947.000000 2.334898
 948.000000 2.231550
 949.000000 2.421232
 950.000000 2.396076
 951.000000 2.370380
 952.000000 2.590534
 953.000000 2.615668
 954.000000 2.822684
 955.000000 2.888024
 956.000000 2.779485
 957.000000 2.878406
 958.000000 2.811365
 959.000000 2.697709
 960.000000 2.738436
 961.000000 2.708996
 962.000000 2.873823
 963.000000 2.832766
 964.000000 2.499982
 965.000000 2.813759
 966.000000 2.740773
 967.000000 2.810918
 968.000000 2.746077
 969.000000 2.839559
 970.000000 2.825119
 971.000000 2.662199
 972.000000 2.662579
 973.000000 2.751732
 974.000000 2.670435
 975.000000 2.626776
 976.000000 2.750704
 977.000000 2.490125
 978.000000 3.225846
 979.000000 3.228277
 980.000000 2.607038
 981.000000 1.761213
 982.000000 3.553786
 983.000000 2.983853
 984.000000 2.667809
 985.000000 3.751794
 986.000000 3.174046
 987.000000 3.718390
 988.000000 3.281629
 989.000000 2.901674
 990.000000 2.736613
 991.000000 2.918752
 992.000000 4.309703
 993.000000 4.334553
 994.000000 4.040302
 995.000000 3.365794
 996.000000 3.803445
 997.000000 3.637813
 998.000000 2.089326
 999.000000 2.704949
 1000.000000 2.837788
 1001.000000 2.107620
 1002.000000 1.658743
 1003.000000 1.841359
 1004.000000 2.126114
 1005.000000 2.116372
 1006.000000 1.985547
 1007.000000 2.034690
 1008.000000 1.774102
 1009.000000 1.984964
 1010.000000 1.534644
 1011.000000 1.438112
 1012.000000 2.199958
 1013.000000 2.388290
 1014.000000 2.371920
 1015.000000 2.663258
 1016.000000 2.776618
 1017.000000 2.859207
 1018.000000 2.523464
 1019.000000 2.614883
 1020.000000 2.349547
 1021.000000 2.479515
 1022.000000 2.420623
 1023.000000 2.360149
 1024.000000 2.156679
 1025.000000 2.157907
 1026.000000 2.129709
 1027.000000 2.231419
 1028.000000 2.170636
 1029.000000 2.164018
 1030.000000 1.989933
 1031.000000 2.267007
 1032.000000 2.015333
 1033.000000 2.107234
 1034.000000 1.954363
 1035.000000 2.006298
 1036.000000 2.057911
 1037.000000 1.990369
 1038.000000 1.741162
 1039.000000 1.513432
 1040.000000 2.158296
 1041.000000 3.029117
 1042.000000 2.821459
 1043.000000 3.558741
 1044.000000 3.352724
 1045.000000 3.464770
 1046.000000 3.765305
 1047.000000 4.107490
 1048.000000 4.409814
 1049.000000 3.958104
 1050.000000 4.268980
 1051.000000 3.999853
 1052.000000 3.600922
 1053.000000 3.095452
 1054.000000 3.278202
 1055.000000 4.099480
 1056.000000 3.630003
 1057.000000 3.780917
 1058.000000 3.436216
 1059.000000 3.373206
 1060.000000 3.988425
 1061.000000 4.174983
 1062.000000 4.216527
 1063.000000 4.269421
 1064.000000 4.470210
 1065.000000 4.326618
 1066.000000 4.363567
 1067.000000 3.918976
 1068.000000 4.153733
 1069.000000 4.240391
 1070.000000 4.217181
 1071.000000 4.327904
 1072.000000 3.701745
 1073.000000 3.802189
 1074.000000 2.954639
 1075.000000 2.975347
 1076.000000 2.030759
 1077.000000 2.111083
 1078.000000 3.012324
 1079.000000 3.698086
 1080.000000 3.262077
 1081.000000 1.518193
 1082.000000 1.471397
 1083.000000 3.110582
 1084.000000 3.416225
 1085.000000 2.641767
 1086.000000 3.918158
 1087.000000 3.883914
 1088.000000 2.635949
 1089.000000 4.679284
 1090.000000 4.568484
 1091.000000 3.786155
 1092.000000 3.570133
 1093.000000 3.971124
 1094.000000 3.561189
 1095.000000 3.186759
 1096.000000 3.052430
 1097.000000 3.672505
 1098.000000 3.497217
 1099.000000 3.381237
 1100.000000 3.340884
 1101.000000 2.925737
 1102.000000 1.803896
 1103.000000 1.325008
 1104.000000 1.564274
 1105.000000 2.845061
 1106.000000 2.428275
 1107.000000 2.031248
 1108.000000 1.563786
 1109.000000 1.506593
 1110.000000 1.918305
 1111.000000 1.758115
 1112.000000 1.393516
 1113.000000 1.642171
 1114.000000 1.283089
 1115.000000 1.500929
 1116.000000 1.238894
 1117.000000 0.890316
 1118.000000 1.485837
 1119.000000 1.818475
 1120.000000 1.216903
 1121.000000 1.148386
 1122.000000 1.504614
 1123.000000 1.949643
 1124.000000 1.521698
 1125.000000 1.923445
 1126.000000 2.104491
 1127.000000 1.854023
 1128.000000 2.125209
 1129.000000 2.383437
 1130.000000 2.394717
 1131.000000 2.420290
 1132.000000 2.384044
 1133.000000 2.331050
 1134.000000 2.003724
 1135.000000 2.034502
 1136.000000 2.057345
 1137.000000 2.109128
 1138.000000 1.893184
 1139.000000 2.143102
 1140.000000 2.053096
 1141.000000 1.996501
 1142.000000 1.941793
 1143.000000 1.852429
 1144.000000 1.750902
 1145.000000 1.825125
 1146.000000 1.777236
 1147.000000 1.852860
 1148.000000 1.790243
 1149.000000 1.734016
 1150.000000 1.739590
 1151.000000 2.045041
 1152.000000 2.081768
 1153.000000 1.989311
 1154.000000 2.056797
 1155.000000 2.189862
 1156.000000 2.140123
 1157.000000 2.123686
 1158.000000 2.023487
 1159.000000 2.155924
 1160.000000 2.103669
 1161.000000 2.104922
 1162.000000 2.037578
 1163.000000 1.965672
 1164.000000 1.974967
 1165.000000 2.130359
 1166.000000 2.051544
 1167.000000 2.077937
 1168.000000 1.932434
 1169.000000 2.227308
 1170.000000 2.411892
 1171.000000 1.990233
 1172.000000 1.899541
 1173.000000 1.810688
 1174.000000 1.905097
 1175.000000 1.676162
 1176.000000 1.829611
 1177.000000 1.841630
 1178.000000 1.682655
 1179.000000 1.714709
 1180.000000 1.465252
 1181.000000 1.608946
 1182.000000 1.510958
 1183.000000 1.623236
 1184.000000 1.530809
 1185.000000 1.471085
 1186.000000 1.310896
 1187.000000 1.422981
 1188.000000 1.400566
 1189.000000 1.215537
 1190.000000 1.450143
 1191.000000 1.359300
 1192.000000 1.400498
 1193.000000 1.478471
 1194.000000 1.479086
 1195.000000 1.268414
 1196.000000 1.520487
 1197.000000 1.556847
 1198.000000 1.490544
 1199.000000 1.463188
 1200.000000 1.518689
 1201.000000 1.599739
 1202.000000 1.470425
 1203.000000 1.612268
 1204.000000 1.516563
 1205.000000 1.493624
 1206.000000 1.453371
 1207.000000 1.527268
 1208.000000 1.567915
 1209.000000 1.489423
 1210.000000 1.586275
 1211.000000 1.541172
 1212.000000 1.505235
 1213.000000 1.551606
 1214.000000 1.503240
 1215.000000 1.798565
 1216.000000 1.993125
 1217.000000 2.019335
 1218.000000 2.098067
 1219.000000 1.987236
 1220.000000 1.959371
 1221.000000 1.955315
 1222.000000 1.957323
 1223.000000 1.950539
 1224.000000 2.164488
 1225.000000 2.104677
 1226.000000 2.194733
 1227.000000 2.150777
 1228.000000 2.375088
 1229.000000 2.242640
 1230.000000 2.230344
 1231.000000 2.139180
 1232.000000 2.352286
 1233.000000 2.350885
 1234.000000 2.331805
 1235.000000 2.406112
 1236.000000 2.383749
 1237.000000 2.547291
 1238.000000 2.413866
 1239.000000 2.294720
 1240.000000 2.260272
 1241.000000 2.363123
 1242.000000 2.208520
 1243.000000 2.090480
 1244.000000 2.064198
 1245.000000 2.042029
 1246.000000 2.075547
 1247.000000 2.081572
 1248.000000 2.086294
 1249.000000 2.168761
 1250.000000 2.022272
 1251.000000 2.182343
 1252.000000 2.198966
 1253.000000 2.088830
 1254.000000 2.006767
 1255.000000 2.085339
 1256.000000 2.046441
 1257.000000 2.105547
 1258.000000 2.086593
 1259.000000 2.137670
 1260.000000 2.043986
 1261.000000 2.070231
 1262.000000 2.132884
 1263.000000 2.195710
 1264.000000 2.133879
 1265.000000 2.039366
 1266.000000 1.932716
 1267.000000 1.940121
 1268.000000 1.874301
 1269.000000 1.831928
 1270.000000 1.699214
 1271.000000 1.794717
 1272.000000 1.936243
 1273.000000 1.841242
 1274.000000 2.054466
 1275.000000 2.141038
 1276.000000 2.068246
 1277.000000 1.991027
 1278.000000 2.066102
 1279.000000 2.357862
 1280.000000 2.061878
 1281.000000 2.041614
 1282.000000 2.127373
 1283.000000 2.178082
 1284.000000 2.021290
 1285.000000 1.983395
 1286.000000 2.144661
 1287.000000 2.037125
 1288.000000 2.128980
 1289.000000 2.010122
 1290.000000 2.226326
 1291.000000 1.970996
 1292.000000 1.887136
 1293.000000 1.907865
 1294.000000 1.990387
 1295.000000 2.232100
 1296.000000 2.266566
 1297.000000 2.079127
 1298.000000 2.242778
 1299.000000 1.869397
 1300.000000 2.012166
 1301.000000 2.174860
 1302.000000 2.100509
 1303.000000 2.135337
 1304.000000 1.959615
 1305.000000 2.161923
 1306.000000 2.064401
 1307.000000 1.971059
 1308.000000 1.768250
 1309.000000 2.021642
 1310.000000 1.896580
 1311.000000 2.145617
 1312.000000 2.096483
 1313.000000 2.096893
 1314.000000 2.160171
 1315.000000 2.317303
 1316.000000 2.514836
 1317.000000 2.233378
 1318.000000 2.191870
 1319.000000 2.077863
 1320.000000 2.095306
 1321.000000 2.073342
 1322.000000 1.844352
 1323.000000 1.954522
 1324.000000 1.887219
 1325.000000 1.919358
 1326.000000 1.834599
 1327.000000 1.988944
 1328.000000 1.961153
 1329.000000 2.118627
 1330.000000 2.337905
 1331.000000 1.951172
 1332.000000 1.917169
 1333.000000 2.098935
 1334.000000 2.103024
 1335.000000 1.911110
 1336.000000 2.055515
 1337.000000 2.068856
 1338.000000 2.149690
 1339.000000 2.072525
 1340.000000 2.021650
 1341.000000 1.999941
 1342.000000 2.380589
 1343.000000 2.396211
 1344.000000 2.464800
 1345.000000 2.819836
 1346.000000 2.680240
 1347.000000 2.768014
 1348.000000 2.777925
 1349.000000 2.651894
 1350.000000 2.568568
 1351.000000 2.903481
 1352.000000 3.106300
 1353.000000 3.539674
 1354.000000 3.425654
 1355.000000 3.421131
 1356.000000 3.365415
 1357.000000 3.148372
 1358.000000 2.907955
 1359.000000 3.501507
 1360.000000 3.669001
 1361.000000 3.907237
 1362.000000 3.714621
 1363.000000 3.903251
 1364.000000 4.334681
 1365.000000 4.820356
 1366.000000 4.732740
 1367.000000 4.869812
 1368.000000 4.891853
 1369.000000 4.859222
 1370.000000 4.607268
 1371.000000 4.626295
 1372.000000 4.666746
 1373.000000 4.532302
 1374.000000 4.430680
 1375.000000 4.632145
 1376.000000 4.434001
 1377.000000 4.276570
 1378.000000 4.675663
 1379.000000 4.465972
 1380.000000 4.189211
 1381.000000 4.271743
 1382.000000 4.005928
 1383.000000 4.532628
 1384.000000 4.446108
 1385.000000 4.234055
 1386.000000 4.085225
 1387.000000 4.428688
 1388.000000 4.564792
 1389.000000 4.336180
 1390.000000 4.490956
 1391.000000 4.566614
 1392.000000 4.917863
 1393.000000 4.974023
 1394.000000 4.797967
 1395.000000 4.878628
 1396.000000 4.724903
 1397.000000 4.650099
 1398.000000 4.565926
 1399.000000 4.459021
 1400.000000 4.351165
 1401.000000 4.473940
 1402.000000 4.585011
 1403.000000 4.462046
 1404.000000 4.486016
 1405.000000 4.203678
 1406.000000 4.326691
 1407.000000 4.290757
 1408.000000 3.967142
 1409.000000 3.888966
 1410.000000 3.781009
 1411.000000 3.160983
 1412.000000 3.248927
 1413.000000 3.337690
 1414.000000 3.312113
 1415.000000 3.122326
 1416.000000 2.559411
 1417.000000 3.249978
 1418.000000 3.187830
 1419.000000 3.091617
 1420.000000 3.672148
 1421.000000 3.738457
 1422.000000 3.726617
 1423.000000 3.663837
 1424.000000 3.130935
 1425.000000 3.437833
 1426.000000 2.917014
 1427.000000 3.354477
 1428.000000 3.615140
 1429.000000 3.092692
 1430.000000 3.156857
 1431.000000 3.034779
 1432.000000 2.824101
 1433.000000 3.018105
 1434.000000 3.731994
 1435.000000 3.266245
 1436.000000 3.691032
 1437.000000 3.512784
 1438.000000 3.248899
 1439.000000 3.295199
 1440.000000 3.101685
 1441.000000 3.164238
 1442.000000 3.216036
 1443.000000 3.109537
 1444.000000 3.135416
 1445.000000 3.300343
 1446.000000 3.353682
 1447.000000 3.105918
 1448.000000 3.073409
 1449.000000 3.566525
 1450.000000 3.132541
 1451.000000 3.914251
 1452.000000 4.109747
 1453.000000 4.260215
 1454.000000 4.302792
 1455.000000 4.373912
 1456.000000 4.194717
 1457.000000 4.062701
 1458.000000 4.050505
 1459.000000 4.065927
 1460.000000 4.247717
 1461.000000 4.068194
 1462.000000 4.055252
 1463.000000 3.850573
 1464.000000 4.095015
 1465.000000 4.182081
 1466.000000 4.215255
 1467.000000 4.320298
 1468.000000 4.319604
 1469.000000 4.270070
 1470.000000 4.307331
 1471.000000 4.342600
 1472.000000 4.297222
 1473.000000 4.434909
 1474.000000 4.114104
 1475.000000 4.225556
 1476.000000 4.064892
 1477.000000 4.028864
 1478.000000 4.124253
 1479.000000 4.036866
 1480.000000 4.161756
 1481.000000 3.940348
 1482.000000 3.892003
 1483.000000 4.049841
 1484.000000 4.131552
 1485.000000 4.052199
 1486.000000 3.676697
 1487.000000 3.480626
 1488.000000 3.188853
 1489.000000 3.242080
 1490.000000 3.553387
 1491.000000 3.898078
 1492.000000 4.118955
 1493.000000 3.556546
 1494.000000 4.024058
 1495.000000 4.325062
 1496.000000 4.303724
 1497.000000 4.289203
 1498.000000 4.323538
 1499.000000 4.329452
 1500.000000 4.431446
 1501.000000 4.267299
 1502.000000 4.440377
 1503.000000 4.520672
 1504.000000 4.532566
 1505.000000 4.449792
 1506.000000 4.440508
 1507.000000 4.205963
 1508.000000 3.983849
 1509.000000 4.069363
 1510.000000 3.940979
 1511.000000 3.746479
 1512.000000 3.628110
 1513.000000 3.696176
 1514.000000 4.110163
 1515.000000 3.978537
 1516.000000 4.071425
 1517.000000 4.293479
 1518.000000 4.264207
 1519.000000 4.133323
 1520.000000 4.193911
 1521.000000 4.136008
 1522.000000 3.773612
 1523.000000 3.163747
 1524.000000 3.300917
 1525.000000 3.235659
 1526.000000 2.974320
 1527.000000 2.718227
 1528.000000 2.986456
 1529.000000 3.156447
 1530.000000 3.071254
 1531.000000 3.192774
 1532.000000 3.573977
 1533.000000 3.903892
 1534.000000 4.375154
 1535.000000 4.280038
 1536.000000 4.233040
 1537.000000 4.424026
 1538.000000 4.401100
 1539.000000 4.231016
 1540.000000 4.268031
 1541.000000 4.406911
 1542.000000 4.415376
 1543.000000 4.338925
 1544.000000 4.661204
 1545.000000 4.390801
 1546.000000 4.491978
 1547.000000 4.514545
 1548.000000 4.672805
 1549.000000 4.919806
 1550.000000 4.985770
 1551.000000 5.125260
 1552.000000 5.085614
 1553.000000 5.104870
 1554.000000 5.129773
 1555.000000 4.920022
 1556.000000 4.900473
 1557.000000 4.889299
 1558.000000 4.634221
 1559.000000 4.422531
 1560.000000 4.064616
 1561.000000 3.742194
 1562.000000 3.016809
 1563.000000 3.407620
 1564.000000 3.676501
 1565.000000 3.462101
 1566.000000 3.724339
 1567.000000 3.588075
 1568.000000 3.014148
 1569.000000 2.654815
 1570.000000 3.228846
 1571.000000 2.989368
 1572.000000 3.091494
 1573.000000 3.485663
 1574.000000 3.665140
 1575.000000 3.317751
 1576.000000 3.369714
 1577.000000 3.809223
 1578.000000 3.239821
 1579.000000 3.611841
 1580.000000 3.547160
 1581.000000 3.410875
 1582.000000 3.210686
 1583.000000 3.067209
 1584.000000 3.090637
 1585.000000 3.050199
 1586.000000 2.977138
 1587.000000 2.788233
 1588.000000 2.618894
 1589.000000 2.593306
 1590.000000 2.838260
 1591.000000 3.044601
 1592.000000 3.381516
 1593.000000 3.515470
 1594.000000 3.453983
 1595.000000 3.465291
 1596.000000 3.861310
 1597.000000 3.751675
 1598.000000 4.119850
 1599.000000 4.054103
 1600.000000 3.975099
 1601.000000 3.674223
 1602.000000 3.829375
 1603.000000 3.789983
 1604.000000 3.967418
 1605.000000 3.908015
 1606.000000 3.808180
 1607.000000 4.086277
 1608.000000 4.082223
 1609.000000 4.130120
 1610.000000 4.074319
 1611.000000 4.018180
 1612.000000 3.301720
 1613.000000 3.649633
 1614.000000 3.782440
 1615.000000 3.437697
 1616.000000 3.511231
 1617.000000 3.150974
 1618.000000 2.906255
 1619.000000 2.823623
 1620.000000 2.676541
 1621.000000 2.725649
 1622.000000 2.864341
 1623.000000 2.778614
 1624.000000 3.057875
 1625.000000 3.553470
 1626.000000 3.536717
 1627.000000 3.089035
 1628.000000 3.319759
 1629.000000 3.422194
 1630.000000 2.977872
 1631.000000 3.450220
 1632.000000 3.048786
 1633.000000 2.905272
 1634.000000 2.982143
 1635.000000 2.771554
 1636.000000 2.817183
 1637.000000 2.898703
 1638.000000 2.748459
 1639.000000 2.439168
 1640.000000 2.279624
 1641.000000 2.355072
 1642.000000 2.227518
 1643.000000 2.255841
 1644.000000 2.981614
 1645.000000 2.674571
 1646.000000 2.845481
 1647.000000 2.700825
 1648.000000 3.005993
 1649.000000 3.027928
 1650.000000 3.202640
 1651.000000 3.207184
 1652.000000 3.232596
 1653.000000 3.368972
 1654.000000 3.532384
 1655.000000 3.238103
 1656.000000 3.207688
 1657.000000 3.388630
 1658.000000 3.197449
 1659.000000 2.977373
 1660.000000 2.940440
 1661.000000 2.837331
 1662.000000 3.369422
 1663.000000 3.187896
 1664.000000 3.268915
 1665.000000 2.731256
 1666.000000 2.461766
 1667.000000 1.969113
 1668.000000 2.317717
 1669.000000 2.123958
 1670.000000 1.901539
 1671.000000 2.122636
 1672.000000 1.868628
 1673.000000 2.450162
 1674.000000 2.601281
 1675.000000 2.516464
 1676.000000 2.129834
 1677.000000 1.861243
 1678.000000 1.691554
 1679.000000 2.883077
 1680.000000 3.107846
 1681.000000 3.323574
 1682.000000 3.083749
 1683.000000 2.949748
 1684.000000 2.726376
 1685.000000 1.822714
 1686.000000 1.733405
 1687.000000 1.513744
 1688.000000 1.827455
 1689.000000 1.930110
 1690.000000 3.887427
 1691.000000 4.306724
 1692.000000 3.627172
 1693.000000 4.563956
 1694.000000 3.819688
 1695.000000 3.538251
 1696.000000 3.140278
 1697.000000 3.690966
 1698.000000 3.738073
 1699.000000 2.644479
 1700.000000 2.414534
 1701.000000 3.018783
 1702.000000 4.125893
 1703.000000 4.568834
 1704.000000 4.242747
 1705.000000 4.238389
 1706.000000 3.703177
 1707.000000 3.705970
 1708.000000 3.096670
 1709.000000 2.841715
 1710.000000 3.164456
 1711.000000 3.528435
 1712.000000 3.743293
 1713.000000 3.900945
 1714.000000 3.354544
 1715.000000 3.905186
 1716.000000 3.688865
 1717.000000 3.843221
 1718.000000 4.234392
 1719.000000 4.298456
 1720.000000 4.515231
 1721.000000 3.586500
 1722.000000 3.323176
 1723.000000 2.484527
 1724.000000 1.110102
 1725.000000 0.261030
 1726.000000 0.949973
 1727.000000 1.145142
 1728.000000 1.116301
 1729.000000 1.163046
 1730.000000 1.066006
 1731.000000 1.048557
 1732.000000 1.017068
 1733.000000 0.839199
 1734.000000 1.145164
 1735.000000 1.318881
 1736.000000 0.745576
 1737.000000 1.156787
 1738.000000 1.117200
 1739.000000 1.107334
 1740.000000 0.674708
 1741.000000 0.884422
 1742.000000 3.141696
 1743.000000 1.276822
 1744.000000 1.883781
 1745.000000 1.121378
 1746.000000 1.178870
 1747.000000 0.386619
 1748.000000 2.164051
 1749.000000 1.151067
 1750.000000 0.299006
 1751.000000 0.453243
 1752.000000 1.829237
 1753.000000 2.744111
 1754.000000 1.347283
 1755.000000 3.411298
 1756.000000 3.162260
 1757.000000 3.366685
 1758.000000 3.581232
 1759.000000 3.728236
 1760.000000 3.412872
 1761.000000 3.473502
 1762.000000 3.140245
 1763.000000 2.839272
 1764.000000 2.322788
 1765.000000 2.492841
 1766.000000 1.388363
 1767.000000 1.455431
 1768.000000 0.744635
 1769.000000 2.034451
 1770.000000 2.897231
 1771.000000 4.192692
 1772.000000 4.238854
 1773.000000 4.211334
 1774.000000 2.855495
 1775.000000 3.197184
 1776.000000 3.962544
 1777.000000 3.405669
 1778.000000 2.884656
 1779.000000 3.541928
 1780.000000 3.931853
 1781.000000 2.996404
 1782.000000 4.686987
 1783.000000 3.393741
 1784.000000 5.041353
 1785.000000 3.509617
 1786.000000 3.379619
 1787.000000 3.367910
 1788.000000 2.055752
 1789.000000 3.216697
 1790.000000 1.883574
 1791.000000 2.513832
 1792.000000 2.462314
 1793.000000 3.343132
 1794.000000 2.988345
 1795.000000 2.382925
 1796.000000 2.826556
 1797.000000 2.906073
 1798.000000 1.878347
 1799.000000 3.031735
 1800.000000 3.046746
 1801.000000 2.575673
 1802.000000 3.526592
 1803.000000 3.948885
 1804.000000 3.732127
 1805.000000 3.486563
 1806.000000 2.138094
 1807.000000 3.104217
 1808.000000 3.279900
 1809.000000 3.161608
 1810.000000 3.462320
 1811.000000 3.526844
 1812.000000 3.730938
 1813.000000 3.554294
 1814.000000 3.561673
 1815.000000 3.693192
 1816.000000 3.682044
 1817.000000 3.938372
 1818.000000 3.321262
 1819.000000 3.444753
 1820.000000 3.108743
 1821.000000 3.311592
 1822.000000 3.346903
 1823.000000 3.322070
 1824.000000 3.190427
 1825.000000 3.081086
 1826.000000 3.030094
 1827.000000 3.320943
 1828.000000 3.590098
 1829.000000 3.548748
 1830.000000 2.926746
 1831.000000 2.885655
 1832.000000 3.033940
 1833.000000 2.762132
 1834.000000 2.786257
 1835.000000 2.681924
 1836.000000 3.207749
 1837.000000 3.550184
 1838.000000 2.932340
 1839.000000 2.869686
 1840.000000 3.381185
 1841.000000 3.564162
 1842.000000 3.662331
 1843.000000 3.553223
 1844.000000 3.846459
 1845.000000 3.743884
 1846.000000 3.747345
 1847.000000 3.903205
 1848.000000 3.700754
 1849.000000 4.249011
 1850.000000 4.151553
 1851.000000 3.913991
 1852.000000 3.792715
 1853.000000 3.534945
 1854.000000 3.773216
 1855.000000 3.321926
 1856.000000 3.113690
 1857.000000 2.921581
 1858.000000 2.358551
 1859.000000 3.056900
 1860.000000 3.172221
 1861.000000 3.522977
 1862.000000 3.327824
 1863.000000 3.471144
 1864.000000 2.215559
 1865.000000 3.584964
 1866.000000 2.721791
 1867.000000 2.353348
 1868.000000 3.435457
 1869.000000 2.801488
 1870.000000 2.401836
 1871.000000 3.409554
 1872.000000 3.780105
 1873.000000 4.208624
 1874.000000 3.657927
 1875.000000 3.632968
 1876.000000 3.608319
 1877.000000 3.435163
 1878.000000 3.507279
 1879.000000 3.554428
 1880.000000 3.541100
 1881.000000 3.403807
 1882.000000 3.612794
 1883.000000 4.223827
 1884.000000 4.074417
 1885.000000 3.886848
 1886.000000 3.920625
 1887.000000 4.045210
 1888.000000 4.011837
 1889.000000 3.813340
 1890.000000 4.162624
 1891.000000 4.157610
 1892.000000 4.551295
 1893.000000 4.233252
 1894.000000 4.787186
 1895.000000 5.051503
 1896.000000 5.066850
 1897.000000 5.036890
 1898.000000 4.179911
 1899.000000 4.471956
 1900.000000 4.080146
 1901.000000 4.216622
 1902.000000 4.343019
 1903.000000 4.353283
 1904.000000 1.699877
 1905.000000 2.127650
 1906.000000 3.092136
 1907.000000 2.967824
 1908.000000 2.881774
 1909.000000 1.421350
 1910.000000 2.253101
 1911.000000 3.905289
 1912.000000 4.184344
 1913.000000 2.814125
 1914.000000 2.737363
 1915.000000 3.681736
 1916.000000 3.967970
 1917.000000 3.164991
 1918.000000 4.030563
 1919.000000 3.583489
 1920.000000 1.974680
 1921.000000 2.448577
 1922.000000 2.717510
 1923.000000 2.995662
 1924.000000 3.294175
 1925.000000 3.498109
 1926.000000 3.210768
 1927.000000 3.026999
 1928.000000 2.370416
 1929.000000 0.574171
 1930.000000 1.743409
 1931.000000 2.624750
 1932.000000 2.214647
 1933.000000 2.071726
 1934.000000 1.515633
 1935.000000 2.030411
 1936.000000 2.541646
 1937.000000 2.557689
 1938.000000 1.845810
 1939.000000 2.183092
 1940.000000 1.888931
 1941.000000 2.664894
 1942.000000 2.584545
 1943.000000 2.844724
 1944.000000 2.881745
 1945.000000 2.745292
 1946.000000 2.702508
 1947.000000 2.748117
 1948.000000 2.775537
 1949.000000 2.524589
 1950.000000 2.832782
 1951.000000 2.499202
 1952.000000 2.709731
 1953.000000 2.867384
 1954.000000 2.868477
 1955.000000 2.534082
 1956.000000 2.474810
 1957.000000 2.611857
 1958.000000 2.638867
 1959.000000 3.246740
 1960.000000 3.269255
 1961.000000 3.197435
 1962.000000 3.385865
 1963.000000 3.220568
 1964.000000 2.989206
 1965.000000 3.318301
 1966.000000 3.482809
 1967.000000 3.209551
 1968.000000 3.327459
 1969.000000 3.769018
 1970.000000 2.663710
 1971.000000 2.200154
 1972.000000 1.037720
 1973.000000 3.011376
 1974.000000 1.303448
 1975.000000 0.890867
 1976.000000 1.820591
 1977.000000 1.728272
 1978.000000 0.884721
 1979.000000 1.887957
 1980.000000 1.548115
 1981.000000 3.313756
 1982.000000 3.359596
 1983.000000 4.077358
 1984.000000 3.600899
 1985.000000 3.750890
 1986.000000 3.106994
 1987.000000 3.377933
 1988.000000 2.978418
 1989.000000 2.944887
 1990.000000 2.739583
 1991.000000 2.513948
 1992.000000 3.254641
 1993.000000 3.167424
 1994.000000 3.786734
 1995.000000 2.795935
 1996.000000 2.057502
 1997.000000 3.325057
 1998.000000 2.507291
 1999.000000 2.102809
 2000.000000 2.734683
 2001.000000 2.270667
 2002.000000 2.499980
 2003.000000 2.507541
 2004.000000 2.776956
 2005.000000 3.190592
 2006.000000 2.914035
 2007.000000 2.796202
 2008.000000 2.761100
 2009.000000 3.452253
 2010.000000 3.284778
 2011.000000 2.953981
 2012.000000 3.158289
 2013.000000 2.643293
 2014.000000 3.064840
 2015.000000 3.065150
 2016.000000 2.820764
 2017.000000 3.010599
 2018.000000 3.918536
 2019.000000 4.036455
 2020.000000 3.684209
 2021.000000 3.758884
 2022.000000 3.696596
 2023.000000 3.835385
 2024.000000 4.155721
