#! FIELDS time r22.min
 0.000000 2.367505
 1.000000 2.575324
 2.000000 1.995810
 3.000000 2.391842
 4.000000 1.970731
 5.000000 0.741145
 6.000000 0.332005
 7.000000 0.537045
 8.000000 0.247359
 9.000000 2.048923
 10.000000 1.558086
 11.000000 1.688983
 12.000000 3.643032
 13.000000 3.938067
 14.000000 3.397216
 15.000000 3.724721
 16.000000 3.750965
 17.000000 3.753172
 18.000000 3.549642
 19.000000 3.437498
 20.000000 3.336115
 21.000000 3.414221
 22.000000 3.370631
 23.000000 3.350030
 24.000000 3.686573
 25.000000 1.797084
 26.000000 1.443381
 27.000000 1.784412
 28.000000 2.275699
 29.000000 2.271231
 30.000000 1.860452
 31.000000 2.023006
 32.000000 3.226085
 33.000000 3.332786
 34.000000 2.017024
 35.000000 2.708656
 36.000000 3.269447
 37.000000 2.936524
 38.000000 4.046052
 39.000000 3.484736
 40.000000 3.852147
 41.000000 3.792018
 42.000000 4.109197
 43.000000 3.084187
 44.000000 1.454842
 45.000000 1.035477
 46.000000 1.582560
 47.000000 1.885640
 48.000000 1.807493
 49.000000 2.179044
 50.000000 1.671282
 51.000000 1.651197
 52.000000 1.480696
 53.000000 2.019767
 54.000000 1.364648
 55.000000 1.349789
 56.000000 1.366347
 57.000000 1.260701
 58.000000 1.565286
 59.000000 1.533243
 60.000000 1.572975
 61.000000 1.134872
 62.000000 1.384155
 63.000000 1.657146
 64.000000 1.678477
 65.000000 1.423441
 66.000000 2.281302
 67.000000 3.336596
 68.000000 2.976207
 69.000000 3.266405
 70.000000 3.250743
 71.000000 3.103016
 72.000000 3.562609
 73.000000 4.089202
 74.000000 3.751860
 75.000000 2.787748
 76.000000 4.103552
 77.000000 3.768701
 78.000000 2.869278
 79.000000 3.290628
 80.000000 3.213130
 81.000000 3.413402
 82.000000 3.112499
 83.000000 3.225965
 84.000000 3.382005
 85.000000 2.782261
 86.000000 3.008082
 87.000000 3.568722
 88.000000 3.976857
 89.000000 3.478734
 90.000000 4.368441
 91.000000 4.432571
 92.000000 4.305084
 93.000000 3.879893
 94.000000 3.990273
 95.000000 4.506052
 96.000000 4.276736
 97.000000 2.868544
 98.000000 1.771498
 99.000000 1.505059
 100.000000 2.919233
 101.000000 2.000888
 102.000000 3.367790
 103.000000 2.578420
 104.000000 3.793583
 105.000000 3.343452
 106.000000 4.218822
 107.000000 2.426280
 108.000000 0.560688
 109.000000 0.832153
 110.000000 1.078566
 111.000000 1.642496
 112.000000 2.210093
 113.000000 2.817547
 114.000000 2.916967
 115.000000 2.734949
 116.000000 2.702377
 117.000000 2.941492
 118.000000 2.869140
 119.000000 2.463224
 120.000000 2.659010
 121.000000 2.476076
 122.000000 2.667470
 123.000000 2.672197
 124.000000 2.730912
 125.000000 2.480620
 126.000000 2.779269
 127.000000 1.808636
 128.000000 2.156594
 129.000000 1.332569
 130.000000 1.424860
 131.000000 1.538812
 132.000000 1.486530
 133.000000 1.130082
 134.000000 1.365907
 135.000000 1.486521
 136.000000 2.020647
 137.000000 1.742780
 138.000000 1.201963
 139.000000 1.554447
 140.000000 1.309290
 141.000000 1.268436
 142.000000 2.417038
 143.000000 2.302168
 144.000000 2.205933
 145.000000 1.499587
 146.000000 3.145722
 147.000000 3.146564
 148.000000 2.269717
 149.000000 2.310555
 150.000000 3.106206
 151.000000 3.191841
 152.000000 2.737010
 153.000000 3.377265
 154.000000 3.508013
 155.000000 3.622701
 156.000000 3.089284
 157.000000 2.354771
 158.000000 2.587708
 159.000000 2.441009
 160.000000 2.821870
 161.000000 3.583118
 162.000000 3.692764
 163.000000 3.135043
 164.000000 2.819703
 165.000000 3.386590
 166.000000 3.121669
 167.000000 2.630033
 168.000000 3.438670
 169.000000 3.249151
 170.000000 3.179660
 171.000000 2.949828
 172.000000 3.356615
 173.000000 3.267870
 174.000000 3.077138
 175.000000 3.300410
 176.000000 3.399085
 177.000000 3.218753
 178.000000 3.119896
 179.000000 3.250726
 180.000000 3.245514
 181.000000 3.333005
 182.000000 3.185871
 183.000000 3.057822
 184.000000 3.015893
 185.000000 3.387601
 186.000000 3.276156
 187.000000 3.439389
 188.000000 3.458521
 189.000000 3.347612
 190.000000 3.477686
 191.000000 3.567710
 192.000000 3.665851
 193.000000 3.376557
 194.000000 3.553784
 195.000000 3.409438
 196.000000 3.505130
 197.000000 3.476143
 198.000000 3.449521
 199.000000 3.309601
 200.000000 3.282633
 201.000000 3.280562
 202.000000 3.327752
 203.000000 3.420021
 204.000000 3.513885
 205.000000 2.901284
 206.000000 2.401707
 207.000000 2.337041
 208.000000 2.525268
 209.000000 2.738321
 210.000000 2.970384
 211.000000 2.864378
 212.000000 2.159573
 213.000000 2.127740
 214.000000 2.876208
 215.000000 2.828806
 216.000000 2.945817
 217.000000 2.345751
 218.000000 2.645360
 219.000000 3.021787
 220.000000 2.716361
 221.000000 2.968582
 222.000000 2.939016
 223.000000 3.064928
 224.000000 3.235616
 225.000000 3.410994
 226.000000 3.246379
 227.000000 3.161260
 228.000000 3.122380
 229.000000 3.076618
 230.000000 3.001389
 231.000000 3.066815
 232.000000 2.904488
 233.000000 3.288225
 234.000000 3.342215
 235.000000 3.269718
 236.000000 3.290308
 237.000000 3.282911
 238.000000 3.059271
 239.000000 3.224186
 240.000000 3.552527
 241.000000 3.460637
 242.000000 3.304535
 243.000000 3.536361
 244.000000 4.023667
 245.000000 3.683300
 246.000000 3.449009
 247.000000 3.450335
 248.000000 3.543202
 249.000000 3.582584
 250.000000 3.691593
 251.000000 3.926173
 252.000000 4.095786
 253.000000 4.065816
 254.000000 4.049717
 255.000000 3.537988
 256.000000 3.637229
 257.000000 3.088346
 258.000000 3.005031
 259.000000 3.359641
 260.000000 2.996324
 261.000000 2.929997
 262.000000 3.918107
 263.000000 3.843203
 264.000000 2.935219
 265.000000 1.503137
 266.000000 1.849548
 267.000000 2.735890
 268.000000 3.654692
 269.000000 3.950309
 270.000000 4.297910
 271.000000 4.178388
 272.000000 3.539427
 273.000000 4.303751
 274.000000 4.029243
 275.000000 3.270855
 276.000000 3.013297
 277.000000 3.000202
 278.000000 2.318276
 279.000000 3.312237
 280.000000 3.224289
 281.000000 4.037700
 282.000000 2.404114
 283.000000 2.823869
 284.000000 1.492632
 285.000000 3.476034
 286.000000 3.386479
 287.000000 4.326924
 288.000000 3.341061
 289.000000 2.086926
 290.000000 3.052261
 291.000000 3.406085
 292.000000 3.163520
 293.000000 3.540855
 294.000000 3.288971
 295.000000 2.732823
 296.000000 2.620565
 297.000000 3.266234
 298.000000 3.223683
 299.000000 2.462617
 300.000000 2.458964
 301.000000 2.652299
 302.000000 3.184308
 303.000000 3.671197
 304.000000 4.094793
 305.000000 3.428164
 306.000000 3.613001
 307.000000 3.691614
 308.000000 2.721727
 309.000000 2.703891
 310.000000 2.242680
 311.000000 1.291391
 312.000000 2.672493
 313.000000 3.384403
 314.000000 3.164628
 315.000000 2.823480
 316.000000 3.672698
 317.000000 3.536085
 318.000000 3.621756
 319.000000 3.062188
 320.000000 3.591162
 321.000000 3.015537
 322.000000 2.340360
 323.000000 2.748537
 324.000000 2.917885
 325.000000 3.649446
 326.000000 3.544855
 327.000000 3.392290
 328.000000 2.775080
 329.000000 3.594954
 330.000000 2.692866
 331.000000 3.230155
 332.000000 3.229527
 333.000000 2.540730
 334.000000 0.994742
 335.000000 2.560006
 336.000000 3.734364
 337.000000 3.515119
 338.000000 3.252380
 339.000000 3.357310
 340.000000 4.078692
 341.000000 3.870848
 342.000000 3.790991
 343.000000 3.900833
 344.000000 3.717949
 345.000000 3.609932
 346.000000 3.318541
 347.000000 3.689686
 348.000000 3.834597
 349.000000 3.692461
 350.000000 3.556774
 351.000000 3.389768
 352.000000 3.282179
 353.000000 3.545197
 354.000000 3.635808
 355.000000 2.945033
 356.000000 3.150352
 357.000000 3.292126
 358.000000 2.699450
 359.000000 2.988782
 360.000000 3.387126
 361.000000 3.587771
 362.000000 3.652177
 363.000000 3.906377
 364.000000 4.059696
 365.000000 3.908107
 366.000000 3.678984
 367.000000 3.706826
 368.000000 3.461875
 369.000000 3.782646
 370.000000 3.793311
 371.000000 3.485968
 372.000000 3.225638
 373.000000 3.452972
 374.000000 3.362262
 375.000000 3.364465
 376.000000 3.207230
 377.000000 3.376622
 378.000000 3.337223
 379.000000 3.472092
 380.000000 3.060754
 381.000000 3.164008
 382.000000 3.503890
 383.000000 3.372894
 384.000000 3.368975
 385.000000 3.328294
 386.000000 3.811105
 387.000000 3.674259
 388.000000 3.769761
 389.000000 3.810184
 390.000000 3.927750
 391.000000 4.001676
 392.000000 3.862193
 393.000000 4.011891
 394.000000 4.077562
 395.000000 3.772730
 396.000000 3.822929
 397.000000 3.709062
 398.000000 3.933998
 399.000000 4.008361
 400.000000 4.030826
 401.000000 4.107151
 402.000000 3.892725
 403.000000 4.090296
 404.000000 4.094734
 405.000000 4.043335
 406.000000 4.010862
 407.000000 3.985966
 408.000000 4.016233
 409.000000 3.833395
 410.000000 3.818961
 411.000000 4.052887
 412.000000 3.974298
 413.000000 3.931292
 414.000000 4.002347
 415.000000 4.038169
 416.000000 4.053581
 417.000000 4.137669
 418.000000 4.166253
 419.000000 4.180714
 420.000000 4.152183
 421.000000 4.135839
 422.000000 4.013666
 423.000000 4.163012
 424.000000 4.262553
 425.000000 4.050600
 426.000000 4.144822
 427.000000 4.154982
 428.000000 4.238920
 429.000000 3.122267
 430.000000 4.247320
 431.000000 4.225101
 432.000000 4.426184
 433.000000 4.446114
 434.000000 4.342204
 435.000000 4.198467
 436.000000 4.091055
 437.000000 4.227480
 438.000000 4.169728
 439.000000 4.262839
 440.000000 4.219446
 441.000000 3.977317
 442.000000 4.003301
 443.000000 3.439160
 444.000000 3.433562
 445.000000 3.675795
 446.000000 3.886824
 447.000000 4.183567
 448.000000 2.718375
 449.000000 4.094671
 450.000000 4.449172
 451.000000 4.757934
 452.000000 2.715819
 453.000000 3.351120
 454.000000 2.382944
 455.000000 3.348458
 456.000000 4.492921
 457.000000 3.416500
 458.000000 3.361676
 459.000000 3.865290
 460.000000 3.622300
 461.000000 2.753411
 462.000000 2.931610
 463.000000 3.731586
 464.000000 3.222885
 465.000000 3.265640
 466.000000 3.101106
 467.000000 2.208613
 468.000000 2.947006
 469.000000 3.417586
 470.000000 4.159137
 471.000000 4.306818
 472.000000 3.842795
 473.000000 3.219221
 474.000000 2.519207
 475.000000 2.280052
 476.000000 2.723901
 477.000000 1.898275
 478.000000 1.137729
 479.000000 1.465954
 480.000000 1.446324
 481.000000 2.339698
 482.000000 2.923191
 483.000000 3.548135
 484.000000 3.582437
 485.000000 3.396663
 486.000000 3.159736
 487.000000 3.570086
 488.000000 2.880135
 489.000000 2.079686
 490.000000 2.022588
 491.000000 0.195658
 492.000000 1.527267
 493.000000 2.116646
 494.000000 2.411902
 495.000000 2.728136
 496.000000 3.057487
 497.000000 3.173439
 498.000000 3.536939
 499.000000 3.454437
 500.000000 3.718605
 501.000000 4.103168
 502.000000 3.951445
 503.000000 3.669421
 504.000000 3.510066
 505.000000 2.533490
 506.000000 3.062648
 507.000000 3.275462
 508.000000 2.382277
 509.000000 2.865010
 510.000000 3.402642
 511.000000 3.082845
 512.000000 2.485530
 513.000000 2.976394
 514.000000 3.256556
 515.000000 3.189275
 516.000000 4.019161
 517.000000 3.377860
 518.000000 2.987368
 519.000000 1.608660
 520.000000 2.398519
 521.000000 3.131319
 522.000000 3.793131
 523.000000 1.996291
 524.000000 2.297242
 525.000000 2.101959
 526.000000 1.022922
 527.000000 0.920175
 528.000000 2.422319
 529.000000 2.867469
 530.000000 2.810804
 531.000000 3.077206
 532.000000 3.278420
 533.000000 3.130684
 534.000000 2.504905
 535.000000 2.459423
 536.000000 2.655510
 537.000000 3.225680
 538.000000 3.134539
 539.000000 3.115781
 540.000000 2.935289
 541.000000 2.536215
 542.000000 3.482209
 543.000000 2.793099
 544.000000 3.034203
 545.000000 1.918167
 546.000000 2.434847
 547.000000 2.773911
 548.000000 2.920370
 549.000000 3.056210
 550.000000 2.969395
 551.000000 2.959369
 552.000000 3.091368
 553.000000 3.123520
 554.000000 3.291305
 555.000000 3.352802
 556.000000 3.216483
 557.000000 2.785620
 558.000000 3.035051
 559.000000 2.987905
 560.000000 2.894704
 561.000000 2.962540
 562.000000 2.837342
 563.000000 2.672023
 564.000000 2.584062
 565.000000 2.640813
 566.000000 2.558095
 567.000000 2.696191
 568.000000 2.689872
 569.000000 2.314033
 570.000000 1.652731
 571.000000 1.599343
 572.000000 1.932223
 573.000000 1.750268
 574.000000 1.966226
 575.000000 2.123985
 576.000000 2.127205
 577.000000 1.827260
 578.000000 2.236584
 579.000000 3.573544
 580.000000 2.554087
 581.000000 3.357044
 582.000000 3.155738
 583.000000 3.358308
 584.000000 3.374393
 585.000000 2.264874
 586.000000 3.094738
 587.000000 3.214909
 588.000000 3.282328
 589.000000 3.537144
 590.000000 3.914159
 591.000000 2.641945
 592.000000 3.866837
 593.000000 4.063617
 594.000000 4.012500
 595.000000 4.203992
 596.000000 4.189283
 597.000000 4.334849
 598.000000 3.997455
 599.000000 4.045738
 600.000000 4.097719
 601.000000 4.412101
 602.000000 4.370170
 603.000000 4.265911
 604.000000 4.356616
 605.000000 4.156462
 606.000000 4.242606
 607.000000 4.287480
 608.000000 4.290341
 609.000000 4.243122
 610.000000 4.192647
 611.000000 4.293714
 612.000000 4.185687
 613.000000 4.380440
 614.000000 4.339412
 615.000000 4.483322
 616.000000 4.433696
 617.000000 4.387181
 618.000000 4.234759
 619.000000 4.454630
 620.000000 4.314241
 621.000000 4.376781
 622.000000 4.546286
 623.000000 4.475020
 624.000000 3.886081
 625.000000 4.529523
 626.000000 4.474057
 627.000000 3.609073
 628.000000 4.426339
 629.000000 3.505277
 630.000000 3.678005
 631.000000 3.681226
 632.000000 3.513421
 633.000000 3.644958
 634.000000 4.502066
 635.000000 4.526684
 636.000000 4.528472
 637.000000 3.562564
 638.000000 3.520859
 639.000000 4.522456
 640.000000 4.490238
 641.000000 3.664408
 642.000000 4.637061
 643.000000 3.658218
 644.000000 3.505243
 645.000000 3.576849
 646.000000 4.640975
 647.000000 4.654748
 648.000000 3.610447
 649.000000 3.624686
 650.000000 3.537080
 651.000000 3.512255
 652.000000 3.860646
 653.000000 4.309756
 654.000000 4.468913
 655.000000 4.567739
 656.000000 4.473342
 657.000000 4.467770
 658.000000 4.211687
 659.000000 4.097781
 660.000000 3.940850
 661.000000 3.916112
 662.000000 3.989086
 663.000000 3.981131
 664.000000 3.948934
 665.000000 4.037357
 666.000000 3.228027
 667.000000 3.345691
 668.000000 3.386346
 669.000000 3.477100
 670.000000 3.391803
 671.000000 3.309339
 672.000000 3.453215
 673.000000 3.819235
 674.000000 3.826415
 675.000000 3.985834
 676.000000 3.936795
 677.000000 3.853273
 678.000000 4.017497
 679.000000 4.171233
 680.000000 4.015969
 681.000000 3.957748
 682.000000 3.845516
 683.000000 3.899207
 684.000000 3.870493
 685.000000 3.759640
 686.000000 4.001464
 687.000000 3.915063
 688.000000 4.112554
 689.000000 4.114352
 690.000000 3.910116
 691.000000 3.432056
 692.000000 3.298389
 693.000000 3.315953
 694.000000 3.706717
 695.000000 3.433634
 696.000000 3.117916
 697.000000 3.329442
 698.000000 3.903198
 699.000000 3.764742
 700.000000 3.670870
 701.000000 3.504808
 702.000000 3.456832
 703.000000 3.323613
 704.000000 3.140716
 705.000000 2.481455
 706.000000 2.858830
 707.000000 3.409329
 708.000000 3.413861
 709.000000 3.986628
 710.000000 4.202070
 711.000000 3.819521
 712.000000 3.237395
 713.000000 3.699073
 714.000000 3.731932
 715.000000 3.935861
 716.000000 3.423490
 717.000000 3.494043
 718.000000 2.913493
 719.000000 2.519451
 720.000000 2.513362
 721.000000 1.310038
 722.000000 3.214088
 723.000000 3.360718
 724.000000 1.064314
 725.000000 0.397404
 726.000000 3.034184
 727.000000 2.911995
 728.000000 3.578602
 729.000000 3.104193
 730.000000 3.601177
 731.000000 3.328401
 732.000000 2.461969
 733.000000 3.071091
 734.000000 4.437371
 735.000000 4.418359
 736.000000 3.743900
 737.000000 3.295236
 738.000000 3.684045
 739.000000 3.025181
 740.000000 3.441307
 741.000000 2.526944
 742.000000 3.484435
 743.000000 3.173453
 744.000000 3.364292
 745.000000 2.923271
 746.000000 3.079227
 747.000000 2.889781
 748.000000 3.373317
 749.000000 3.257127
 750.000000 3.703962
 751.000000 3.254389
 752.000000 3.484708
 753.000000 3.454593
 754.000000 3.157018
 755.000000 2.668996
 756.000000 3.622521
 757.000000 2.257854
 758.000000 1.919204
 759.000000 2.093660
 760.000000 1.093204
 761.000000 1.680997
 762.000000 1.538862
 763.000000 1.794834
 764.000000 3.115519
 765.000000 3.435077
 766.000000 3.200570
 767.000000 3.670045
 768.000000 3.858521
 769.000000 3.219436
 770.000000 3.303259
 771.000000 3.622372
 772.000000 3.699326
 773.000000 3.376115
 774.000000 3.048663
 775.000000 2.626252
 776.000000 2.896302
 777.000000 3.112118
 778.000000 2.886318
 779.000000 2.868096
 780.000000 3.434383
 781.000000 3.043024
 782.000000 3.107465
 783.000000 2.774975
 784.000000 3.154660
 785.000000 3.506030
 786.000000 3.964075
 787.000000 3.154157
 788.000000 2.909799
 789.000000 3.670158
 790.000000 2.995707
 791.000000 3.122041
 792.000000 3.432135
 793.000000 4.110862
 794.000000 4.503109
 795.000000 4.099944
 796.000000 3.807014
 797.000000 4.246185
 798.000000 3.788221
 799.000000 2.974044
 800.000000 2.657314
 801.000000 2.231287
 802.000000 1.717918
 803.000000 3.063858
 804.000000 3.196087
 805.000000 2.832303
 806.000000 2.676417
 807.000000 2.213963
 808.000000 2.100617
 809.000000 2.751100
 810.000000 2.735829
 811.000000 3.061615
 812.000000 3.258566
 813.000000 3.332785
 814.000000 3.105620
 815.000000 2.684563
 816.000000 3.344371
 817.000000 3.936666
 818.000000 3.784467
 819.000000 4.026724
 820.000000 3.415617
 821.000000 3.243183
 822.000000 3.608788
 823.000000 3.246506
 824.000000 2.913022
 825.000000 2.393812
 826.000000 2.791155
 827.000000 2.897517
 828.000000 2.541572
 829.000000 3.299688
 830.000000 3.329547
 831.000000 3.382681
 832.000000 3.129153
 833.000000 3.264234
 834.000000 3.193428
 835.000000 3.370349
 836.000000 3.505063
 837.000000 3.210298
 838.000000 3.401518
 839.000000 3.006152
 840.000000 3.263826
 841.000000 3.713048
 842.000000 2.434715
 843.000000 2.751393
 844.000000 3.555481
 845.000000 3.369641
 846.000000 3.276363
 847.000000 3.330724
 848.000000 3.025248
 849.000000 3.797018
 850.000000 3.934739
 851.000000 3.405932
 852.000000 3.611500
 853.000000 3.453474
 854.000000 3.440598
 855.000000 4.550625
 856.000000 3.682916
 857.000000 3.355893
 858.000000 4.121560
 859.000000 3.495123
 860.000000 3.076061
 861.000000 3.276753
 862.000000 3.018256
 863.000000 3.261304
 864.000000 3.568375
 865.000000 3.591173
 866.000000 3.370556
 867.000000 3.903541
 868.000000 3.388802
 869.000000 2.862248
 870.000000 3.471366
 871.000000 3.502312
 872.000000 3.364430
 873.000000 3.770227
 874.000000 3.589324
 875.000000 3.748963
 876.000000 3.507088
 877.000000 3.453203
 878.000000 2.764441
 879.000000 3.864299
 880.000000 3.219500
 881.000000 4.291476
 882.000000 3.056629
 883.000000 3.755472
 884.000000 3.274722
 885.000000 3.801408
 886.000000 3.277180
 887.000000 3.654440
 888.000000 3.002286
 889.000000 3.348366
 890.000000 3.210214
 891.000000 3.187246
 892.000000 3.670590
 893.000000 3.665694
 894.000000 3.494472
 895.000000 3.232620
 896.000000 2.839035
 897.000000 3.249976
 898.000000 3.263350
 899.000000 3.338688
 900.000000 2.887805
 901.000000 2.959519
 902.000000 3.197719
 903.000000 4.072089
 904.000000 3.658831
 905.000000 3.540195
 906.000000 2.794864
 907.000000 2.244861
 908.000000 1.457251
 909.000000 1.412954
 910.000000 1.058676
 911.000000 1.049660
 912.000000 1.354237
 913.000000 1.362988
 914.000000 1.102408
 915.000000 1.262159
 916.000000 1.304553
 917.000000 1.289127
 918.000000 1.228306
 919.000000 1.178298
 920.000000 1.283678
 921.000000 1.734109
 922.000000 1.657035
 923.000000 1.992542
 924.000000 2.174046
 925.000000 1.818274
 926.000000 1.960563
 927.000000 1.952646
 928.000000 1.957773
 929.000000 2.086220
 930.000000 2.170165
 931.000000 2.057079
 932.000000 1.955897
 933.000000 1.892361
 934.000000 2.250587
 935.000000 1.844043
 936.000000 1.705441
 937.000000 1.600425
 938.000000 1.853289
 939.000000 1.994460
 940.000000 1.979515
 941.000000 1.893214
 942.000000 1.740685
 943.000000 1.808146
 944.000000 1.467355
 945.000000 1.403351
 946.000000 1.438564
 947.000000 1.436630
 948.000000 1.489435
 949.000000 1.316461
 950.000000 1.479376
 951.000000 1.533083
 952.000000 1.774978
 953.000000 1.628061
 954.000000 1.730878
 955.000000 1.792947
 956.000000 1.684420
 957.000000 1.742909
 958.000000 1.574635
 959.000000 1.705133
 960.000000 1.662158
 961.000000 1.671584
 962.000000 1.937079
 963.000000 1.890005
 964.000000 1.155346
 965.000000 1.703939
 966.000000 1.986458
 967.000000 1.826674
 968.000000 1.698804
 969.000000 1.711757
 970.000000 1.692053
 971.000000 1.428555
 972.000000 1.567848
 973.000000 1.578476
 974.000000 1.504160
 975.000000 1.504382
 976.000000 1.591079
 977.000000 1.606640
 978.000000 2.541832
 979.000000 2.495758
 980.000000 2.855799
 981.000000 2.210614
 982.000000 3.778758
 983.000000 2.776668
 984.000000 2.419657
 985.000000 4.038316
 986.000000 3.490651
 987.000000 3.920374
 988.000000 3.772375
 989.000000 3.542621
 990.000000 3.113760
 991.000000 2.835807
 992.000000 3.483166
 993.000000 3.488743
 994.000000 3.276946
 995.000000 2.587756
 996.000000 3.139576
 997.000000 2.984849
 998.000000 1.435861
 999.000000 1.912175
 1000.000000 1.757019
 1001.000000 0.440651
 1002.000000 0.233685
 1003.000000 0.192468
 1004.000000 0.567879
 1005.000000 0.617496
 1006.000000 0.449622
 1007.000000 0.482272
 1008.000000 0.513552
 1009.000000 1.374629
 1010.000000 1.119594
 1011.000000 0.786127
 1012.000000 1.738827
 1013.000000 1.812960
 1014.000000 1.609927
 1015.000000 1.916459
 1016.000000 1.785244
 1017.000000 1.725495
 1018.000000 1.785844
 1019.000000 1.398311
 1020.000000 1.293749
 1021.000000 1.326849
 1022.000000 1.327176
 1023.000000 1.215281
 1024.000000 1.414392
 1025.000000 1.465129
 1026.000000 1.307897
 1027.000000 1.593003
 1028.000000 1.611314
 1029.000000 1.641372
 1030.000000 1.444641
 1031.000000 1.846559
 1032.000000 1.710111
 1033.000000 1.836887
 1034.000000 1.766279
 1035.000000 2.052353
 1036.000000 2.056271
 1037.000000 1.960558
 1038.000000 1.961497
 1039.000000 2.040186
 1040.000000 1.177700
 1041.000000 2.596661
 1042.000000 2.806832
 1043.000000 3.398679
 1044.000000 2.977593
 1045.000000 3.434262
 1046.000000 3.952462
 1047.000000 3.951404
 1048.000000 3.662535
 1049.000000 3.962470
 1050.000000 3.994201
 1051.000000 4.157939
 1052.000000 3.783829
 1053.000000 3.357597
 1054.000000 3.774433
 1055.000000 3.706509
 1056.000000 2.983410
 1057.000000 3.106330
 1058.000000 3.462457
 1059.000000 3.328155
 1060.000000 3.320935
 1061.000000 3.537679
 1062.000000 3.634450
 1063.000000 3.591949
 1064.000000 4.127692
 1065.000000 3.802533
 1066.000000 3.677662
 1067.000000 3.230431
 1068.000000 3.543465
 1069.000000 3.672583
 1070.000000 3.534421
 1071.000000 3.562890
 1072.000000 2.830469
 1073.000000 3.085705
 1074.000000 1.957453
 1075.000000 2.243360
 1076.000000 1.205551
 1077.000000 2.017072
 1078.000000 2.999093
 1079.000000 3.144559
 1080.000000 3.392045
 1081.000000 1.671351
 1082.000000 1.544616
 1083.000000 2.051732
 1084.000000 2.600470
 1085.000000 1.230764
 1086.000000 3.210001
 1087.000000 3.092997
 1088.000000 3.149223
 1089.000000 4.074663
 1090.000000 3.917534
 1091.000000 3.351136
 1092.000000 3.169477
 1093.000000 3.626678
 1094.000000 3.393614
 1095.000000 3.452223
 1096.000000 3.223412
 1097.000000 3.985190
 1098.000000 3.267943
 1099.000000 2.944704
 1100.000000 2.996998
 1101.000000 2.986776
 1102.000000 2.666171
 1103.000000 2.323074
 1104.000000 2.289861
 1105.000000 2.717000
 1106.000000 2.827890
 1107.000000 2.685610
 1108.000000 2.615671
 1109.000000 2.407570
 1110.000000 2.740375
 1111.000000 2.518141
 1112.000000 2.457652
 1113.000000 2.453089
 1114.000000 2.407255
 1115.000000 2.476180
 1116.000000 2.272549
 1117.000000 2.107729
 1118.000000 2.188414
 1119.000000 2.368450
 1120.000000 2.361437
 1121.000000 2.367053
 1122.000000 2.399430
 1123.000000 2.418556
 1124.000000 2.263229
 1125.000000 2.377722
 1126.000000 2.550082
 1127.000000 2.451646
 1128.000000 2.587250
 1129.000000 2.662337
 1130.000000 2.810752
 1131.000000 2.770782
 1132.000000 2.747457
 1133.000000 2.613041
 1134.000000 2.638788
 1135.000000 2.563048
 1136.000000 2.678373
 1137.000000 2.600965
 1138.000000 2.518950
 1139.000000 2.616813
 1140.000000 2.674379
 1141.000000 2.660345
 1142.000000 2.496764
 1143.000000 2.600369
 1144.000000 2.749702
 1145.000000 2.623038
 1146.000000 2.601803
 1147.000000 2.567326
 1148.000000 2.864651
 1149.000000 2.694042
 1150.000000 2.689269
 1151.000000 2.592430
 1152.000000 2.706738
 1153.000000 2.756325
 1154.000000 2.628479
 1155.000000 2.665766
 1156.000000 2.798436
 1157.000000 2.799929
 1158.000000 2.590021
 1159.000000 2.602902
 1160.000000 2.511475
 1161.000000 2.556839
 1162.000000 2.798829
 1163.000000 2.740480
 1164.000000 2.652554
 1165.000000 2.725756
 1166.000000 2.873877
 1167.000000 2.722761
 1168.000000 2.581132
 1169.000000 2.703723
 1170.000000 2.681514
 1171.000000 2.822713
 1172.000000 2.763132
 1173.000000 2.689431
 1174.000000 2.775355
 1175.000000 2.565727
 1176.000000 2.688086
 1177.000000 2.683113
 1178.000000 2.653745
 1179.000000 2.644221
 1180.000000 2.746389
 1181.000000 2.579683
 1182.000000 2.630264
 1183.000000 2.686381
 1184.000000 2.536795
 1185.000000 2.556615
 1186.000000 2.595096
 1187.000000 2.526737
 1188.000000 2.387857
 1189.000000 2.330380
 1190.000000 2.443671
 1191.000000 2.603123
 1192.000000 2.487020
 1193.000000 2.515729
 1194.000000 2.579919
 1195.000000 2.547487
 1196.000000 2.664746
 1197.000000 2.680707
 1198.000000 2.632459
 1199.000000 2.587920
 1200.000000 2.589581
 1201.000000 2.631974
 1202.000000 2.534494
 1203.000000 2.618024
 1204.000000 2.591702
 1205.000000 2.668004
 1206.000000 2.578473
 1207.000000 2.452015
 1208.000000 2.543243
 1209.000000 2.602162
 1210.000000 2.720753
 1211.000000 2.647656
 1212.000000 2.674979
 1213.000000 2.745342
 1214.000000 2.789972
 1215.000000 3.100184
 1216.000000 2.904205
 1217.000000 2.706759
 1218.000000 2.815971
 1219.000000 2.688411
 1220.000000 2.665205
 1221.000000 2.608923
 1222.000000 2.881315
 1223.000000 2.748543
 1224.000000 2.896503
 1225.000000 2.876266
 1226.000000 3.155846
 1227.000000 3.076920
 1228.000000 3.266523
 1229.000000 3.095223
 1230.000000 3.246480
 1231.000000 3.073005
 1232.000000 2.996817
 1233.000000 3.123851
 1234.000000 3.111106
 1235.000000 3.309125
 1236.000000 3.176751
 1237.000000 3.378638
 1238.000000 3.208681
 1239.000000 3.192730
 1240.000000 2.973487
 1241.000000 2.927724
 1242.000000 2.811983
 1243.000000 2.715034
 1244.000000 2.514857
 1245.000000 2.895213
 1246.000000 2.828105
 1247.000000 2.838917
 1248.000000 2.575237
 1249.000000 2.797179
 1250.000000 2.682132
 1251.000000 2.900305
 1252.000000 2.679233
 1253.000000 2.797816
 1254.000000 2.313096
 1255.000000 2.807190
 1256.000000 2.920688
 1257.000000 2.999372
 1258.000000 3.051665
 1259.000000 3.122944
 1260.000000 2.991483
 1261.000000 3.015346
 1262.000000 3.097948
 1263.000000 3.056336
 1264.000000 3.053888
 1265.000000 2.984512
 1266.000000 2.883549
 1267.000000 2.791465
 1268.000000 2.892272
 1269.000000 2.779313
 1270.000000 2.563004
 1271.000000 2.745754
 1272.000000 2.770160
 1273.000000 2.791826
 1274.000000 2.990615
 1275.000000 3.139004
 1276.000000 2.961837
 1277.000000 2.907300
 1278.000000 3.135069
 1279.000000 2.982307
 1280.000000 2.625060
 1281.000000 2.787006
 1282.000000 2.852249
 1283.000000 2.962823
 1284.000000 2.867495
 1285.000000 2.928250
 1286.000000 3.071324
 1287.000000 3.025920
 1288.000000 2.771268
 1289.000000 2.848571
 1290.000000 2.663191
 1291.000000 2.782784
 1292.000000 2.823228
 1293.000000 2.759427
 1294.000000 2.883343
 1295.000000 2.728530
 1296.000000 2.674919
 1297.000000 2.765978
 1298.000000 2.707408
 1299.000000 2.661822
 1300.000000 2.746997
 1301.000000 2.467374
 1302.000000 2.437344
 1303.000000 2.435308
 1304.000000 2.557744
 1305.000000 2.507323
 1306.000000 2.459929
 1307.000000 2.448234
 1308.000000 2.329229
 1309.000000 2.455445
 1310.000000 2.465020
 1311.000000 2.503027
 1312.000000 2.392497
 1313.000000 2.314008
 1314.000000 2.292390
 1315.000000 2.285015
 1316.000000 2.266447
 1317.000000 2.218631
 1318.000000 2.360679
 1319.000000 2.365226
 1320.000000 2.448157
 1321.000000 2.247799
 1322.000000 2.444053
 1323.000000 2.360632
 1324.000000 2.346149
 1325.000000 2.320259
 1326.000000 2.237932
 1327.000000 2.343760
 1328.000000 2.439822
 1329.000000 2.505104
 1330.000000 2.574893
 1331.000000 2.446765
 1332.000000 2.462589
 1333.000000 2.686071
 1334.000000 2.820908
 1335.000000 2.548220
 1336.000000 2.318046
 1337.000000 2.516584
 1338.000000 2.739284
 1339.000000 2.718667
 1340.000000 2.527725
 1341.000000 2.526678
 1342.000000 2.491162
 1343.000000 2.562326
 1344.000000 2.830817
 1345.000000 2.663794
 1346.000000 2.685639
 1347.000000 3.127048
 1348.000000 3.008543
 1349.000000 3.224915
 1350.000000 3.140825
 1351.000000 3.057230
 1352.000000 3.026177
 1353.000000 2.943469
 1354.000000 3.151341
 1355.000000 3.052478
 1356.000000 3.224033
 1357.000000 3.364238
 1358.000000 3.279311
 1359.000000 3.273085
 1360.000000 3.328170
 1361.000000 3.248889
 1362.000000 3.266219
 1363.000000 3.303430
 1364.000000 3.218906
 1365.000000 3.354244
 1366.000000 3.419813
 1367.000000 3.349997
 1368.000000 3.375272
 1369.000000 3.424862
 1370.000000 3.422601
 1371.000000 3.309231
 1372.000000 3.354102
 1373.000000 3.210232
 1374.000000 2.989378
 1375.000000 3.199036
 1376.000000 2.962887
 1377.000000 2.981574
 1378.000000 3.238538
 1379.000000 2.875485
 1380.000000 3.124060
 1381.000000 2.997197
 1382.000000 3.172711
 1383.000000 3.416086
 1384.000000 3.542911
 1385.000000 3.332406
 1386.000000 3.167002
 1387.000000 3.368284
 1388.000000 3.483795
 1389.000000 3.285006
 1390.000000 3.242732
 1391.000000 3.240658
 1392.000000 3.462450
 1393.000000 3.500147
 1394.000000 3.410455
 1395.000000 3.318812
 1396.000000 3.203722
 1397.000000 3.082891
 1398.000000 3.193693
 1399.000000 3.040871
 1400.000000 3.260492
 1401.000000 3.257431
 1402.000000 3.122241
 1403.000000 3.007027
 1404.000000 2.923793
 1405.000000 2.828543
 1406.000000 2.986424
 1407.000000 3.071150
 1408.000000 2.935345
 1409.000000 3.002845
 1410.000000 2.806631
 1411.000000 2.847309
 1412.000000 3.008659
 1413.000000 2.757778
 1414.000000 2.765167
 1415.000000 2.657277
 1416.000000 2.636253
 1417.000000 2.725190
 1418.000000 2.871938
 1419.000000 2.831457
 1420.000000 2.556969
 1421.000000 2.526779
 1422.000000 2.803882
 1423.000000 2.917712
 1424.000000 3.104969
 1425.000000 3.109072
 1426.000000 2.897848
 1427.000000 3.030375
 1428.000000 2.926989
 1429.000000 3.099860
 1430.000000 2.514070
 1431.000000 2.587002
 1432.000000 2.633047
 1433.000000 2.751561
 1434.000000 2.796275
 1435.000000 2.495411
 1436.000000 2.804713
 1437.000000 2.926857
 1438.000000 2.947187
 1439.000000 2.987150
 1440.000000 2.872133
 1441.000000 2.785239
 1442.000000 2.912266
 1443.000000 2.742249
 1444.000000 2.877899
 1445.000000 2.899587
 1446.000000 3.309933
 1447.000000 3.229283
 1448.000000 3.070676
 1449.000000 3.391981
 1450.000000 3.241597
 1451.000000 3.209476
 1452.000000 2.961079
 1453.000000 3.044872
 1454.000000 3.259515
 1455.000000 3.321211
 1456.000000 3.304709
 1457.000000 3.273002
 1458.000000 3.164925
 1459.000000 3.303010
 1460.000000 3.221299
 1461.000000 3.182864
 1462.000000 3.156020
 1463.000000 3.197834
 1464.000000 3.154585
 1465.000000 3.100952
 1466.000000 3.076158
 1467.000000 3.151846
 1468.000000 3.044483
 1469.000000 2.989744
 1470.000000 2.826442
 1471.000000 2.836586
 1472.000000 2.762081
 1473.000000 2.740389
 1474.000000 2.668684
 1475.000000 2.525974
 1476.000000 2.470632
 1477.000000 2.488665
 1478.000000 2.479615
 1479.000000 2.447383
 1480.000000 2.552453
 1481.000000 2.476867
 1482.000000 2.428056
 1483.000000 2.551749
 1484.000000 2.514638
 1485.000000 2.494214
 1486.000000 2.512397
 1487.000000 2.590989
 1488.000000 2.532555
 1489.000000 2.629288
 1490.000000 2.608929
 1491.000000 2.645382
 1492.000000 2.686964
 1493.000000 2.554124
 1494.000000 2.613860
 1495.000000 2.872097
 1496.000000 2.813911
 1497.000000 2.800687
 1498.000000 2.818957
 1499.000000 2.819990
 1500.000000 2.958982
 1501.000000 2.748620
 1502.000000 2.816217
 1503.000000 2.882467
 1504.000000 2.929531
 1505.000000 3.023666
 1506.000000 2.810612
 1507.000000 2.703364
 1508.000000 2.623859
 1509.000000 2.871186
 1510.000000 2.571662
 1511.000000 2.584777
 1512.000000 2.358616
 1513.000000 2.620895
 1514.000000 2.627196
 1515.000000 2.605087
 1516.000000 2.737439
 1517.000000 2.721422
 1518.000000 2.725106
 1519.000000 2.895856
 1520.000000 2.965278
 1521.000000 2.941329
 1522.000000 3.072210
 1523.000000 2.967691
 1524.000000 2.925828
 1525.000000 2.833860
 1526.000000 2.863003
 1527.000000 2.864864
 1528.000000 3.130287
 1529.000000 3.082056
 1530.000000 3.003243
 1531.000000 2.991172
 1532.000000 3.051328
 1533.000000 3.171752
 1534.000000 3.141795
 1535.000000 3.010259
 1536.000000 2.957845
 1537.000000 2.922392
 1538.000000 3.050067
 1539.000000 2.916336
 1540.000000 3.122997
 1541.000000 2.973365
 1542.000000 3.131718
 1543.000000 3.199249
 1544.000000 3.381880
 1545.000000 3.427882
 1546.000000 3.578368
 1547.000000 3.476809
 1548.000000 3.474628
 1549.000000 3.563793
 1550.000000 3.614078
 1551.000000 3.765711
 1552.000000 3.669000
 1553.000000 3.718758
 1554.000000 3.739946
 1555.000000 3.695690
 1556.000000 3.600484
 1557.000000 3.498792
 1558.000000 3.318022
 1559.000000 3.270011
 1560.000000 2.905449
 1561.000000 2.694771
 1562.000000 2.926894
 1563.000000 2.862747
 1564.000000 2.766792
 1565.000000 3.047659
 1566.000000 3.062121
 1567.000000 2.955331
 1568.000000 2.890452
 1569.000000 3.096528
 1570.000000 3.267157
 1571.000000 3.240529
 1572.000000 3.265477
 1573.000000 3.186482
 1574.000000 3.369691
 1575.000000 3.212619
 1576.000000 3.278252
 1577.000000 3.100507
 1578.000000 2.881008
 1579.000000 3.093532
 1580.000000 3.139760
 1581.000000 3.177575
 1582.000000 3.145367
 1583.000000 2.834100
 1584.000000 3.139289
 1585.000000 3.174606
 1586.000000 3.132783
 1587.000000 3.200440
 1588.000000 3.056528
 1589.000000 3.061122
 1590.000000 3.111216
 1591.000000 3.302911
 1592.000000 3.270855
 1593.000000 3.270949
 1594.000000 3.320081
 1595.000000 3.353041
 1596.000000 3.150998
 1597.000000 3.350131
 1598.000000 3.187279
 1599.000000 2.896555
 1600.000000 2.961137
 1601.000000 3.117942
 1602.000000 2.966126
 1603.000000 2.808831
 1604.000000 2.874071
 1605.000000 2.937653
 1606.000000 3.050981
 1607.000000 3.117851
 1608.000000 3.166811
 1609.000000 3.286852
 1610.000000 3.257486
 1611.000000 3.192552
 1612.000000 3.021184
 1613.000000 2.842415
 1614.000000 2.929874
 1615.000000 2.731199
 1616.000000 2.868455
 1617.000000 3.001965
 1618.000000 2.891411
 1619.000000 2.675117
 1620.000000 2.571886
 1621.000000 2.817337
 1622.000000 2.768164
 1623.000000 3.020114
 1624.000000 2.894254
 1625.000000 2.715381
 1626.000000 2.857059
 1627.000000 2.994048
 1628.000000 2.874066
 1629.000000 2.856734
 1630.000000 2.933300
 1631.000000 2.837598
 1632.000000 2.819882
 1633.000000 2.833139
 1634.000000 2.730104
 1635.000000 2.666415
 1636.000000 2.344809
 1637.000000 2.351744
 1638.000000 2.421314
 1639.000000 2.298480
 1640.000000 2.385086
 1641.000000 2.460551
 1642.000000 2.698647
 1643.000000 2.555886
 1644.000000 2.633330
 1645.000000 2.663249
 1646.000000 2.653921
 1647.000000 2.875042
 1648.000000 2.934795
 1649.000000 2.963326
 1650.000000 3.067379
 1651.000000 2.964931
 1652.000000 2.990355
 1653.000000 2.981433
 1654.000000 3.189257
 1655.000000 3.081231
 1656.000000 3.000193
 1657.000000 3.045390
 1658.000000 2.785591
 1659.000000 2.949271
 1660.000000 3.043739
 1661.000000 3.016319
 1662.000000 2.897740
 1663.000000 2.673313
 1664.000000 2.694007
 1665.000000 2.552829
 1666.000000 2.158234
 1667.000000 2.041124
 1668.000000 1.823871
 1669.000000 1.913898
 1670.000000 1.652936
 1671.000000 1.532360
 1672.000000 1.615370
 1673.000000 1.722951
 1674.000000 1.448426
 1675.000000 1.278664
 1676.000000 1.287071
 1677.000000 1.178851
 1678.000000 1.354838
 1679.000000 1.940953
 1680.000000 2.007902
 1681.000000 2.540521
 1682.000000 2.995718
 1683.000000 2.812910
 1684.000000 2.309850
 1685.000000 1.059275
 1686.000000 1.534103
 1687.000000 1.584425
 1688.000000 1.449486
 1689.000000 1.415775
 1690.000000 3.510690
 1691.000000 3.631554
 1692.000000 2.909819
 1693.000000 3.807332
 1694.000000 3.398306
 1695.000000 3.171718
 1696.000000 3.007024
 1697.000000 2.885437
 1698.000000 2.386390
 1699.000000 1.206353
 1700.000000 2.013905
 1701.000000 2.013785
 1702.000000 3.248078
 1703.000000 3.499353
 1704.000000 4.321537
 1705.000000 4.546284
 1706.000000 3.011430
 1707.000000 2.372502
 1708.000000 2.145687
 1709.000000 3.597922
 1710.000000 3.282270
 1711.000000 3.332928
 1712.000000 3.397285
 1713.000000 2.935248
 1714.000000 3.042503
 1715.000000 3.963500
 1716.000000 3.604026
 1717.000000 4.130147
 1718.000000 3.362801
 1719.000000 3.565440
 1720.000000 4.071405
 1721.000000 4.250796
 1722.000000 3.691013
 1723.000000 3.198859
 1724.000000 3.017353
 1725.000000 1.873738
 1726.000000 2.162040
 1727.000000 1.683646
 1728.000000 1.733885
 1729.000000 1.952247
 1730.000000 1.396848
 1731.000000 2.012588
 1732.000000 1.624654
 1733.000000 1.684176
 1734.000000 1.620489
 1735.000000 1.666792
 1736.000000 2.030391
 1737.000000 1.757997
 1738.000000 2.222978
 1739.000000 2.500102
 1740.000000 2.267307
 1741.000000 1.940675
 1742.000000 3.484728
 1743.000000 2.243517
 1744.000000 3.012875
 1745.000000 1.696825
 1746.000000 1.659324
 1747.000000 1.972401
 1748.000000 2.940218
 1749.000000 2.429718
 1750.000000 1.978848
 1751.000000 2.527315
 1752.000000 2.788102
 1753.000000 2.425610
 1754.000000 2.489929
 1755.000000 2.767136
 1756.000000 2.020419
 1757.000000 1.175901
 1758.000000 1.219312
 1759.000000 1.387291
 1760.000000 0.899603
 1761.000000 1.172277
 1762.000000 0.901892
 1763.000000 0.858101
 1764.000000 0.398669
 1765.000000 0.944244
 1766.000000 1.812704
 1767.000000 2.024864
 1768.000000 2.165621
 1769.000000 2.028552
 1770.000000 3.321373
 1771.000000 4.431557
 1772.000000 4.609460
 1773.000000 3.793522
 1774.000000 3.326257
 1775.000000 2.679044
 1776.000000 3.096440
 1777.000000 2.630161
 1778.000000 3.878650
 1779.000000 2.415675
 1780.000000 2.515470
 1781.000000 3.212200
 1782.000000 3.480406
 1783.000000 3.403168
 1784.000000 4.038374
 1785.000000 3.042002
 1786.000000 2.776260
 1787.000000 2.515894
 1788.000000 2.813822
 1789.000000 3.709965
 1790.000000 3.160033
 1791.000000 3.616132
 1792.000000 3.365026
 1793.000000 3.828866
 1794.000000 3.548686
 1795.000000 3.443666
 1796.000000 3.494470
 1797.000000 3.465734
 1798.000000 3.181850
 1799.000000 2.939986
 1800.000000 3.263827
 1801.000000 3.016409
 1802.000000 3.792470
 1803.000000 3.632318
 1804.000000 2.844848
 1805.000000 2.646550
 1806.000000 2.478943
 1807.000000 2.623104
 1808.000000 2.750417
 1809.000000 2.851995
 1810.000000 2.929806
 1811.000000 3.176230
 1812.000000 2.957431
 1813.000000 2.828921
 1814.000000 2.976859
 1815.000000 2.753994
 1816.000000 2.580322
 1817.000000 2.836973
 1818.000000 2.598406
 1819.000000 2.769749
 1820.000000 2.664361
 1821.000000 2.826154
 1822.000000 2.892208
 1823.000000 2.717046
 1824.000000 2.755948
 1825.000000 2.667582
 1826.000000 2.621738
 1827.000000 2.726904
 1828.000000 2.445967
 1829.000000 2.355804
 1830.000000 1.448309
 1831.000000 1.181790
 1832.000000 3.469116
 1833.000000 3.226014
 1834.000000 2.846030
 1835.000000 3.023922
 1836.000000 1.611801
 1837.000000 2.771748
 1838.000000 2.617304
 1839.000000 3.285732
 1840.000000 3.641806
 1841.000000 3.476995
 1842.000000 3.526837
 1843.000000 3.472759
 1844.000000 3.458341
 1845.000000 3.555794
 1846.000000 3.524462
 1847.000000 3.590841
 1848.000000 3.382989
 1849.000000 3.924514
 1850.000000 3.802720
 1851.000000 3.482122
 1852.000000 3.287650
 1853.000000 3.636804
 1854.000000 3.263161
 1855.000000 3.377358
 1856.000000 3.179939
 1857.000000 3.146563
 1858.000000 2.022812
 1859.000000 2.729450
 1860.000000 3.224724
 1861.000000 3.464643
 1862.000000 3.075692
 1863.000000 3.826078
 1864.000000 2.978936
 1865.000000 3.973685
 1866.000000 2.875114
 1867.000000 2.599803
 1868.000000 2.565240
 1869.000000 2.423611
 1870.000000 2.778242
 1871.000000 3.420627
 1872.000000 2.906741
 1873.000000 3.714653
 1874.000000 4.107582
 1875.000000 4.023223
 1876.000000 3.653031
 1877.000000 3.509892
 1878.000000 3.505866
 1879.000000 3.505766
 1880.000000 3.540479
 1881.000000 3.388512
 1882.000000 3.642784
 1883.000000 3.778256
 1884.000000 3.731714
 1885.000000 3.686427
 1886.000000 3.697858
 1887.000000 3.699040
 1888.000000 3.753644
 1889.000000 3.465172
 1890.000000 3.680772
 1891.000000 4.297891
 1892.000000 3.795684
 1893.000000 3.681214
 1894.000000 3.935072
 1895.000000 4.081683
 1896.000000 3.905618
 1897.000000 3.956151
 1898.000000 4.422021
 1899.000000 3.832240
 1900.000000 3.434472
 1901.000000 3.420559
 1902.000000 3.405978
 1903.000000 3.341013
 1904.000000 2.057700
 1905.000000 2.654260
 1906.000000 2.965451
 1907.000000 3.469183
 1908.000000 3.348261
 1909.000000 3.173741
 1910.000000 3.591996
 1911.000000 2.172665
 1912.000000 3.207575
 1913.000000 3.869951
 1914.000000 3.979442
 1915.000000 2.265737
 1916.000000 2.862900
 1917.000000 3.103292
 1918.000000 3.998274
 1919.000000 2.300925
 1920.000000 0.241017
 1921.000000 0.296344
 1922.000000 0.451161
 1923.000000 0.880822
 1924.000000 0.927729
 1925.000000 1.231578
 1926.000000 1.987875
 1927.000000 2.000063
 1928.000000 1.858567
 1929.000000 1.164671
 1930.000000 1.624227
 1931.000000 1.404790
 1932.000000 1.992923
 1933.000000 2.273880
 1934.000000 2.129177
 1935.000000 2.092739
 1936.000000 2.217221
 1937.000000 2.291100
 1938.000000 1.861651
 1939.000000 2.342125
 1940.000000 2.055641
 1941.000000 2.475151
 1942.000000 2.602262
 1943.000000 2.850865
 1944.000000 2.838065
 1945.000000 2.546557
 1946.000000 2.801155
 1947.000000 2.696561
 1948.000000 2.735353
 1949.000000 2.703197
 1950.000000 2.914292
 1951.000000 2.750057
 1952.000000 2.890822
 1953.000000 2.783607
 1954.000000 2.714104
 1955.000000 2.504512
 1956.000000 2.546984
 1957.000000 2.555878
 1958.000000 2.530162
 1959.000000 2.555047
 1960.000000 2.488444
 1961.000000 2.354107
 1962.000000 2.062520
 1963.000000 2.456493
 1964.000000 2.016431
 1965.000000 2.913895
 1966.000000 2.800572
 1967.000000 1.603855
 1968.000000 2.414461
 1969.000000 2.799134
 1970.000000 2.441118
 1971.000000 1.915089
 1972.000000 2.627694
 1973.000000 2.022079
 1974.000000 2.036811
 1975.000000 1.428864
 1976.000000 1.821094
 1977.000000 1.239424
 1978.000000 1.604798
 1979.000000 2.686783
 1980.000000 1.998132
 1981.000000 3.146493
 1982.000000 3.333455
 1983.000000 4.085251
 1984.000000 3.806251
 1985.000000 3.249090
 1986.000000 2.951335
 1987.000000 3.542806
 1988.000000 3.417123
 1989.000000 3.162020
 1990.000000 3.163936
 1991.000000 3.036074
 1992.000000 3.262456
 1993.000000 3.404148
 1994.000000 3.583008
 1995.000000 2.336614
 1996.000000 1.382879
 1997.000000 3.429796
 1998.000000 2.866647
 1999.000000 2.666419
 2000.000000 2.994336
 2001.000000 2.583180
 2002.000000 2.391805
 2003.000000 2.580301
 2004.000000 2.423892
 2005.000000 2.713770
 2006.000000 2.256944
 2007.000000 2.433819
 2008.000000 2.266073
 2009.000000 2.951501
 2010.000000 2.639004
 2011.000000 2.376210
 2012.000000 2.699445
 2013.000000 2.400607
 2014.000000 2.871158
 2015.000000 2.951697
 2016.000000 2.447956
 2017.000000 3.057805
 2018.000000 3.587834
 2019.000000 3.999797
 2020.000000 3.665417
 2021.000000 3.722911
 2022.000000 3.655564
 2023.000000 3.602659
 2024.000000 3.611308
