#! FIELDS time g2.min
 0.000000 1.562393
 1.000000 1.686369
 2.000000 2.105780
 3.000000 2.578672
 4.000000 2.288491
 5.000000 2.114581
 6.000000 1.611133
 7.000000 1.549382
 8.000000 1.967592
 9.000000 2.809750
 10.000000 2.054484
 11.000000 2.451086
 12.000000 2.611417
 13.000000 2.599688
 14.000000 1.885679
 15.000000 1.965784
 16.000000 1.978573
 17.000000 2.049685
 18.000000 1.720530
 19.000000 1.782377
 20.000000 1.449471
 21.000000 1.846705
 22.000000 1.788907
 23.000000 2.358876
 24.000000 2.605706
 25.000000 0.834053
 26.000000 0.200462
 27.000000 0.294235
 28.000000 0.213359
 29.000000 0.450499
 30.000000 2.396940
 31.000000 2.377000
 32.000000 2.774946
 33.000000 2.585901
 34.000000 0.897607
 35.000000 1.383159
 36.000000 3.078589
 37.000000 2.898028
 38.000000 3.244790
 39.000000 2.558812
 40.000000 2.858987
 41.000000 2.923820
 42.000000 3.359111
 43.000000 2.588864
 44.000000 1.179854
 45.000000 1.562165
 46.000000 1.604240
 47.000000 2.090230
 48.000000 2.006151
 49.000000 2.219138
 50.000000 1.679692
 51.000000 1.940920
 52.000000 1.849900
 53.000000 1.791813
 54.000000 0.835781
 55.000000 1.116178
 56.000000 1.439945
 57.000000 1.194035
 58.000000 1.267722
 59.000000 1.170469
 60.000000 1.447666
 61.000000 1.062165
 62.000000 1.178837
 63.000000 1.878546
 64.000000 1.565397
 65.000000 1.184286
 66.000000 1.632884
 67.000000 2.559081
 68.000000 2.426310
 69.000000 2.456849
 70.000000 2.477048
 71.000000 2.682924
 72.000000 2.871298
 73.000000 3.114892
 74.000000 2.869100
 75.000000 2.391081
 76.000000 3.297946
 77.000000 3.155558
 78.000000 2.483745
 79.000000 2.690294
 80.000000 2.716035
 81.000000 2.686113
 82.000000 2.596348
 83.000000 2.884302
 84.000000 3.020110
 85.000000 3.092519
 86.000000 3.174280
 87.000000 2.486280
 88.000000 2.773161
 89.000000 3.401989
 90.000000 3.243883
 91.000000 3.289426
 92.000000 3.280123
 93.000000 2.675643
 94.000000 2.785504
 95.000000 3.513011
 96.000000 3.389566
 97.000000 1.125146
 98.000000 2.158803
 99.000000 0.892913
 100.000000 1.898889
 101.000000 1.018234
 102.000000 2.312307
 103.000000 1.234699
 104.000000 3.033796
 105.000000 2.468486
 106.000000 3.128743
 107.000000 2.281089
 108.000000 2.028322
 109.000000 1.733204
 110.000000 1.767123
 111.000000 1.827343
 112.000000 1.761495
 113.000000 2.382917
 114.000000 2.441923
 115.000000 2.056530
 116.000000 1.970864
 117.000000 2.462847
 118.000000 2.304240
 119.000000 2.085705
 120.000000 2.218743
 121.000000 2.187939
 122.000000 2.173633
 123.000000 1.750433
 124.000000 1.268329
 125.000000 1.034218
 126.000000 0.606502
 127.000000 0.233070
 128.000000 0.251445
 129.000000 0.378247
 130.000000 0.550426
 131.000000 0.629019
 132.000000 0.900307
 133.000000 1.000664
 134.000000 1.120343
 135.000000 1.132445
 136.000000 1.714463
 137.000000 1.212156
 138.000000 0.626441
 139.000000 0.550221
 140.000000 0.229233
 141.000000 0.205487
 142.000000 1.144308
 143.000000 1.833395
 144.000000 1.574460
 145.000000 1.050454
 146.000000 2.694705
 147.000000 2.977975
 148.000000 2.510710
 149.000000 2.603802
 150.000000 2.544143
 151.000000 2.323113
 152.000000 1.355973
 153.000000 2.468384
 154.000000 2.516742
 155.000000 2.563642
 156.000000 2.955788
 157.000000 2.424168
 158.000000 2.765033
 159.000000 2.878663
 160.000000 3.027056
 161.000000 2.911096
 162.000000 3.410750
 163.000000 2.563007
 164.000000 2.363557
 165.000000 3.214044
 166.000000 2.955451
 167.000000 2.752773
 168.000000 2.946821
 169.000000 3.142136
 170.000000 3.118048
 171.000000 3.019031
 172.000000 3.143319
 173.000000 3.212976
 174.000000 3.142033
 175.000000 3.220755
 176.000000 3.164526
 177.000000 3.091014
 178.000000 3.097920
 179.000000 3.182637
 180.000000 3.153892
 181.000000 3.169777
 182.000000 3.108344
 183.000000 3.087605
 184.000000 3.097852
 185.000000 3.057357
 186.000000 2.972173
 187.000000 3.025432
 188.000000 3.059752
 189.000000 3.017009
 190.000000 3.125530
 191.000000 3.145572
 192.000000 3.240163
 193.000000 3.127027
 194.000000 3.184971
 195.000000 3.170737
 196.000000 3.169248
 197.000000 3.181067
 198.000000 3.070326
 199.000000 3.122694
 200.000000 3.098571
 201.000000 3.164002
 202.000000 3.128685
 203.000000 3.166092
 204.000000 2.829321
 205.000000 2.668935
 206.000000 2.318385
 207.000000 2.556574
 208.000000 2.692592
 209.000000 2.768244
 210.000000 2.826034
 211.000000 2.830732
 212.000000 2.514962
 213.000000 2.371626
 214.000000 2.859158
 215.000000 2.956915
 216.000000 3.045607
 217.000000 2.769730
 218.000000 2.851318
 219.000000 3.039637
 220.000000 2.813992
 221.000000 2.985990
 222.000000 3.047335
 223.000000 3.070856
 224.000000 3.143981
 225.000000 3.221938
 226.000000 3.154591
 227.000000 3.174859
 228.000000 3.220238
 229.000000 3.160948
 230.000000 3.132337
 231.000000 3.140920
 232.000000 2.940524
 233.000000 3.266227
 234.000000 3.274104
 235.000000 3.150291
 236.000000 3.241646
 237.000000 3.188811
 238.000000 3.022014
 239.000000 3.224675
 240.000000 3.314436
 241.000000 3.325098
 242.000000 3.181838
 243.000000 3.148474
 244.000000 3.649351
 245.000000 3.534416
 246.000000 3.494197
 247.000000 3.475080
 248.000000 3.563360
 249.000000 3.511915
 250.000000 3.578874
 251.000000 3.627210
 252.000000 3.636316
 253.000000 3.352544
 254.000000 3.191648
 255.000000 2.997649
 256.000000 3.190795
 257.000000 2.891607
 258.000000 2.996355
 259.000000 3.169444
 260.000000 3.083648
 261.000000 3.207928
 262.000000 3.710815
 263.000000 3.507881
 264.000000 1.311045
 265.000000 1.841194
 266.000000 1.474269
 267.000000 1.950623
 268.000000 3.210025
 269.000000 3.441539
 270.000000 3.625372
 271.000000 3.565137
 272.000000 3.175181
 273.000000 3.564696
 274.000000 3.372305
 275.000000 2.905019
 276.000000 2.782578
 277.000000 2.537891
 278.000000 2.427493
 279.000000 2.422874
 280.000000 2.978084
 281.000000 3.469175
 282.000000 2.297238
 283.000000 2.424442
 284.000000 1.415066
 285.000000 3.080672
 286.000000 3.032750
 287.000000 3.507949
 288.000000 2.994943
 289.000000 1.952796
 290.000000 2.678715
 291.000000 2.771682
 292.000000 2.607446
 293.000000 2.771139
 294.000000 2.413951
 295.000000 2.172294
 296.000000 2.233836
 297.000000 2.801512
 298.000000 2.405375
 299.000000 1.719137
 300.000000 1.401673
 301.000000 1.908894
 302.000000 2.154151
 303.000000 2.668393
 304.000000 2.964294
 305.000000 2.981347
 306.000000 3.079418
 307.000000 2.824868
 308.000000 2.008824
 309.000000 2.286470
 310.000000 0.975115
 311.000000 0.240408
 312.000000 2.353035
 313.000000 2.711368
 314.000000 2.825769
 315.000000 2.611874
 316.000000 3.118181
 317.000000 2.972291
 318.000000 3.131030
 319.000000 2.766801
 320.000000 3.097756
 321.000000 2.472424
 322.000000 2.103166
 323.000000 2.661878
 324.000000 2.686066
 325.000000 2.856178
 326.000000 3.203197
 327.000000 3.130882
 328.000000 2.377903
 329.000000 2.947470
 330.000000 2.102545
 331.000000 2.672816
 332.000000 2.489034
 333.000000 0.959468
 334.000000 0.508867
 335.000000 2.350226
 336.000000 3.034471
 337.000000 3.031148
 338.000000 2.745042
 339.000000 3.116684
 340.000000 3.112257
 341.000000 3.032352
 342.000000 2.955605
 343.000000 2.986098
 344.000000 2.781851
 345.000000 2.745607
 346.000000 2.633979
 347.000000 2.869787
 348.000000 2.878307
 349.000000 2.854340
 350.000000 2.775467
 351.000000 2.310190
 352.000000 2.537626
 353.000000 2.816181
 354.000000 3.011709
 355.000000 3.045980
 356.000000 3.069466
 357.000000 2.729754
 358.000000 2.533716
 359.000000 2.751553
 360.000000 2.983406
 361.000000 2.887743
 362.000000 3.067839
 363.000000 3.176747
 364.000000 3.278102
 365.000000 3.299845
 366.000000 3.261065
 367.000000 3.313677
 368.000000 3.317515
 369.000000 3.311947
 370.000000 3.151420
 371.000000 3.126796
 372.000000 3.044584
 373.000000 2.991302
 374.000000 3.001194
 375.000000 3.122270
 376.000000 3.252950
 377.000000 3.336830
 378.000000 3.187373
 379.000000 3.121746
 380.000000 3.194261
 381.000000 3.176061
 382.000000 3.200473
 383.000000 3.199373
 384.000000 3.141312
 385.000000 3.221343
 386.000000 3.282888
 387.000000 3.216426
 388.000000 3.264036
 389.000000 3.219128
 390.000000 3.123766
 391.000000 3.234165
 392.000000 3.206912
 393.000000 3.230396
 394.000000 3.288297
 395.000000 3.201193
 396.000000 3.216003
 397.000000 3.123788
 398.000000 3.184262
 399.000000 3.072004
 400.000000 3.122544
 401.000000 3.125540
 402.000000 2.983653
 403.000000 3.168299
 404.000000 3.104255
 405.000000 3.076647
 406.000000 3.022446
 407.000000 2.982303
 408.000000 2.985105
 409.000000 2.865557
 410.000000 2.857422
 411.000000 3.026996
 412.000000 2.997572
 413.000000 2.993747
 414.000000 3.004475
 415.000000 3.081918
 416.000000 2.968998
 417.000000 3.103900
 418.000000 3.215894
 419.000000 3.260949
 420.000000 3.172115
 421.000000 3.421127
 422.000000 3.188163
 423.000000 3.228506
 424.000000 3.208792
 425.000000 3.219797
 426.000000 3.186882
 427.000000 3.214565
 428.000000 3.220866
 429.000000 2.766329
 430.000000 3.328664
 431.000000 3.288064
 432.000000 3.362808
 433.000000 3.382969
 434.000000 3.312149
 435.000000 3.336452
 436.000000 3.209486
 437.000000 3.193839
 438.000000 3.223068
 439.000000 3.269524
 440.000000 3.226530
 441.000000 3.029288
 442.000000 3.044559
 443.000000 2.992504
 444.000000 3.001294
 445.000000 3.086184
 446.000000 2.820969
 447.000000 3.511927
 448.000000 2.194220
 449.000000 3.571942
 450.000000 3.714637
 451.000000 3.921776
 452.000000 2.844690
 453.000000 2.989634
 454.000000 2.382883
 455.000000 3.215989
 456.000000 3.603296
 457.000000 2.801405
 458.000000 3.070103
 459.000000 3.401298
 460.000000 3.222777
 461.000000 2.706184
 462.000000 2.670045
 463.000000 3.013987
 464.000000 2.300199
 465.000000 1.615110
 466.000000 2.986963
 467.000000 2.245382
 468.000000 2.847059
 469.000000 3.065825
 470.000000 2.921106
 471.000000 2.934769
 472.000000 2.627416
 473.000000 1.736306
 474.000000 0.764520
 475.000000 1.225238
 476.000000 2.141234
 477.000000 1.166553
 478.000000 2.177996
 479.000000 1.799280
 480.000000 2.341175
 481.000000 2.788448
 482.000000 2.987726
 483.000000 3.362691
 484.000000 3.494039
 485.000000 3.302904
 486.000000 2.348508
 487.000000 3.124351
 488.000000 2.981431
 489.000000 1.880974
 490.000000 0.975125
 491.000000 0.726037
 492.000000 0.251736
 493.000000 1.734966
 494.000000 1.882119
 495.000000 2.167132
 496.000000 2.357458
 497.000000 2.875607
 498.000000 3.135785
 499.000000 3.089413
 500.000000 3.229128
 501.000000 3.395124
 502.000000 3.457412
 503.000000 3.239547
 504.000000 2.572232
 505.000000 2.406072
 506.000000 2.698238
 507.000000 2.962133
 508.000000 2.648633
 509.000000 2.842676
 510.000000 3.125939
 511.000000 3.059306
 512.000000 2.609776
 513.000000 2.602230
 514.000000 3.025945
 515.000000 3.072649
 516.000000 2.952449
 517.000000 2.371311
 518.000000 2.709929
 519.000000 2.161513
 520.000000 2.134208
 521.000000 2.784480
 522.000000 3.393413
 523.000000 2.466491
 524.000000 1.977314
 525.000000 1.724578
 526.000000 1.574080
 527.000000 1.487972
 528.000000 2.527792
 529.000000 2.595080
 530.000000 2.723541
 531.000000 2.500165
 532.000000 2.430081
 533.000000 2.938077
 534.000000 2.159001
 535.000000 2.275184
 536.000000 2.446365
 537.000000 2.951710
 538.000000 2.948483
 539.000000 2.806072
 540.000000 2.726865
 541.000000 2.224341
 542.000000 3.035214
 543.000000 2.762839
 544.000000 2.854025
 545.000000 1.441464
 546.000000 1.583680
 547.000000 1.330664
 548.000000 1.139297
 549.000000 1.453065
 550.000000 1.354279
 551.000000 1.538511
 552.000000 1.587430
 553.000000 1.420379
 554.000000 1.754298
 555.000000 1.875872
 556.000000 1.840858
 557.000000 1.248569
 558.000000 1.721840
 559.000000 1.681433
 560.000000 1.712461
 561.000000 1.783580
 562.000000 1.618650
 563.000000 1.348546
 564.000000 1.539702
 565.000000 1.810932
 566.000000 1.839698
 567.000000 2.051056
 568.000000 1.939937
 569.000000 1.618599
 570.000000 1.423256
 571.000000 1.364607
 572.000000 1.355007
 573.000000 0.720569
 574.000000 1.590661
 575.000000 1.558893
 576.000000 1.561294
 577.000000 1.127504
 578.000000 1.273051
 579.000000 2.863791
 580.000000 2.375698
 581.000000 2.837187
 582.000000 2.661379
 583.000000 2.512069
 584.000000 2.578361
 585.000000 1.702017
 586.000000 2.657364
 587.000000 2.689122
 588.000000 2.443840
 589.000000 2.801676
 590.000000 3.169369
 591.000000 2.552704
 592.000000 2.923205
 593.000000 2.991151
 594.000000 2.797320
 595.000000 3.166391
 596.000000 3.011750
 597.000000 3.256416
 598.000000 3.309451
 599.000000 3.172239
 600.000000 3.212882
 601.000000 3.273066
 602.000000 3.282099
 603.000000 3.276823
 604.000000 3.175519
 605.000000 3.033147
 606.000000 3.133685
 607.000000 3.179993
 608.000000 3.121268
 609.000000 3.045446
 610.000000 3.203509
 611.000000 3.191467
 612.000000 3.231935
 613.000000 3.282989
 614.000000 3.276779
 615.000000 3.392281
 616.000000 3.414645
 617.000000 3.395866
 618.000000 3.482276
 619.000000 3.357855
 620.000000 3.334641
 621.000000 3.349978
 622.000000 3.455948
 623.000000 3.377713
 624.000000 3.394125
 625.000000 3.366696
 626.000000 3.332064
 627.000000 3.358573
 628.000000 3.339793
 629.000000 3.218552
 630.000000 3.349358
 631.000000 3.256026
 632.000000 3.189452
 633.000000 3.265532
 634.000000 3.432622
 635.000000 3.442934
 636.000000 3.422853
 637.000000 3.325145
 638.000000 3.289106
 639.000000 3.394090
 640.000000 3.388933
 641.000000 3.505456
 642.000000 3.352232
 643.000000 3.555866
 644.000000 3.416082
 645.000000 3.474415
 646.000000 3.498162
 647.000000 3.475186
 648.000000 3.329273
 649.000000 3.341621
 650.000000 3.373164
 651.000000 3.419905
 652.000000 3.685928
 653.000000 2.999931
 654.000000 3.145845
 655.000000 3.103805
 656.000000 3.233286
 657.000000 3.351917
 658.000000 3.364247
 659.000000 3.460872
 660.000000 3.448679
 661.000000 3.381496
 662.000000 3.382495
 663.000000 3.355338
 664.000000 3.220107
 665.000000 3.476413
 666.000000 3.232751
 667.000000 3.301011
 668.000000 3.296482
 669.000000 3.377662
 670.000000 3.266261
 671.000000 3.283683
 672.000000 3.200409
 673.000000 3.478004
 674.000000 3.455419
 675.000000 3.534170
 676.000000 3.497237
 677.000000 3.500262
 678.000000 3.557869
 679.000000 3.610459
 680.000000 3.590175
 681.000000 3.515119
 682.000000 3.424471
 683.000000 3.356330
 684.000000 3.431310
 685.000000 3.501093
 686.000000 3.435989
 687.000000 3.392545
 688.000000 3.322029
 689.000000 3.454200
 690.000000 3.417396
 691.000000 3.232574
 692.000000 3.005295
 693.000000 3.284332
 694.000000 3.367561
 695.000000 3.351537
 696.000000 3.219698
 697.000000 3.362725
 698.000000 3.365545
 699.000000 3.355180
 700.000000 3.346831
 701.000000 3.221330
 702.000000 3.136690
 703.000000 2.932180
 704.000000 2.926559
 705.000000 1.728971
 706.000000 2.101193
 707.000000 3.229309
 708.000000 3.247602
 709.000000 3.321907
 710.000000 3.380193
 711.000000 3.202976
 712.000000 2.612287
 713.000000 3.144677
 714.000000 2.624724
 715.000000 2.925904
 716.000000 3.076594
 717.000000 3.285203
 718.000000 2.723797
 719.000000 2.433481
 720.000000 2.694829
 721.000000 2.017843
 722.000000 2.986422
 723.000000 3.222832
 724.000000 2.176878
 725.000000 1.381895
 726.000000 2.195562
 727.000000 2.478718
 728.000000 3.467536
 729.000000 3.033608
 730.000000 3.333890
 731.000000 3.145412
 732.000000 2.522674
 733.000000 3.020592
 734.000000 3.162308
 735.000000 3.222626
 736.000000 2.489570
 737.000000 2.482900
 738.000000 2.953495
 739.000000 1.586651
 740.000000 2.616118
 741.000000 1.233472
 742.000000 2.792509
 743.000000 2.209116
 744.000000 2.841840
 745.000000 2.698494
 746.000000 2.085530
 747.000000 2.171289
 748.000000 2.961595
 749.000000 3.061223
 750.000000 2.671513
 751.000000 2.609715
 752.000000 2.911469
 753.000000 2.918789
 754.000000 2.341264
 755.000000 2.456371
 756.000000 2.475826
 757.000000 2.381201
 758.000000 0.702590
 759.000000 1.422341
 760.000000 0.210797
 761.000000 0.175445
 762.000000 0.677596
 763.000000 0.916785
 764.000000 2.436208
 765.000000 2.792327
 766.000000 2.682159
 767.000000 2.948174
 768.000000 3.131640
 769.000000 2.662755
 770.000000 2.909054
 771.000000 3.056611
 772.000000 3.129753
 773.000000 2.985038
 774.000000 2.867741
 775.000000 2.235640
 776.000000 2.430180
 777.000000 2.640231
 778.000000 2.385446
 779.000000 2.332960
 780.000000 2.840264
 781.000000 2.458914
 782.000000 2.543241
 783.000000 2.201564
 784.000000 2.537625
 785.000000 2.797407
 786.000000 3.138970
 787.000000 2.547833
 788.000000 2.631424
 789.000000 2.919606
 790.000000 2.580438
 791.000000 2.412644
 792.000000 2.863472
 793.000000 3.270815
 794.000000 3.591607
 795.000000 3.295022
 796.000000 3.077875
 797.000000 3.292069
 798.000000 2.785059
 799.000000 2.016725
 800.000000 1.702911
 801.000000 1.520657
 802.000000 0.347389
 803.000000 2.437513
 804.000000 2.636125
 805.000000 2.221265
 806.000000 2.255622
 807.000000 1.731700
 808.000000 2.042225
 809.000000 2.254849
 810.000000 2.431836
 811.000000 2.598709
 812.000000 2.538244
 813.000000 2.720124
 814.000000 2.600918
 815.000000 2.306791
 816.000000 2.737077
 817.000000 3.091371
 818.000000 3.057017
 819.000000 3.232363
 820.000000 2.552573
 821.000000 2.464496
 822.000000 2.938485
 823.000000 2.627489
 824.000000 2.397393
 825.000000 2.048522
 826.000000 2.344813
 827.000000 2.490635
 828.000000 2.148688
 829.000000 2.773384
 830.000000 2.808396
 831.000000 2.829439
 832.000000 2.603818
 833.000000 2.625399
 834.000000 2.558362
 835.000000 2.752605
 836.000000 2.832774
 837.000000 2.608812
 838.000000 2.784065
 839.000000 2.464028
 840.000000 2.700464
 841.000000 3.024156
 842.000000 1.827495
 843.000000 1.727551
 844.000000 2.720864
 845.000000 2.656937
 846.000000 2.257867
 847.000000 2.606127
 848.000000 2.064065
 849.000000 2.985088
 850.000000 3.067053
 851.000000 2.599925
 852.000000 2.896870
 853.000000 2.915320
 854.000000 2.902063
 855.000000 3.628514
 856.000000 2.908813
 857.000000 2.706795
 858.000000 3.353985
 859.000000 2.849411
 860.000000 2.684735
 861.000000 2.866807
 862.000000 2.689382
 863.000000 2.714212
 864.000000 2.988756
 865.000000 2.933442
 866.000000 2.798281
 867.000000 3.165144
 868.000000 2.780041
 869.000000 2.267103
 870.000000 2.893335
 871.000000 2.812050
 872.000000 2.726099
 873.000000 3.138264
 874.000000 3.017824
 875.000000 3.143243
 876.000000 2.966513
 877.000000 2.847191
 878.000000 2.201955
 879.000000 3.257693
 880.000000 2.732697
 881.000000 3.509168
 882.000000 2.520955
 883.000000 3.030271
 884.000000 2.652146
 885.000000 3.085183
 886.000000 2.692401
 887.000000 2.987093
 888.000000 2.360922
 889.000000 2.712243
 890.000000 2.651835
 891.000000 2.456397
 892.000000 2.889886
 893.000000 2.909874
 894.000000 2.749098
 895.000000 2.458256
 896.000000 2.024764
 897.000000 2.658861
 898.000000 2.507535
 899.000000 2.710548
 900.000000 2.117491
 901.000000 2.228653
 902.000000 2.657697
 903.000000 3.385128
 904.000000 2.844973
 905.000000 2.774304
 906.000000 2.150575
 907.000000 1.972731
 908.000000 1.420623
 909.000000 1.439861
 910.000000 1.667967
 911.000000 2.212712
 912.000000 2.000047
 913.000000 2.191919
 914.000000 2.156132
 915.000000 1.864596
 916.000000 2.062168
 917.000000 1.905714
 918.000000 1.861827
 919.000000 1.902339
 920.000000 1.962719
 921.000000 2.104923
 922.000000 2.172748
 923.000000 2.353847
 924.000000 2.422048
 925.000000 2.084793
 926.000000 2.218373
 927.000000 2.153568
 928.000000 2.165537
 929.000000 2.353265
 930.000000 2.403117
 931.000000 2.419904
 932.000000 2.061921
 933.000000 1.871585
 934.000000 2.351600
 935.000000 2.015268
 936.000000 1.979738
 937.000000 1.626037
 938.000000 2.034121
 939.000000 1.942315
 940.000000 1.841096
 941.000000 1.495129
 942.000000 1.327807
 943.000000 1.350942
 944.000000 1.052659
 945.000000 1.100159
 946.000000 1.169402
 947.000000 1.085144
 948.000000 1.099060
 949.000000 1.314280
 950.000000 1.226260
 951.000000 1.190473
 952.000000 1.968523
 953.000000 1.783052
 954.000000 2.056906
 955.000000 1.510016
 956.000000 1.726928
 957.000000 1.838725
 958.000000 1.820566
 959.000000 1.590947
 960.000000 1.985135
 961.000000 2.062512
 962.000000 2.095914
 963.000000 2.168793
 964.000000 1.524868
 965.000000 1.966340
 966.000000 2.087224
 967.000000 2.048588
 968.000000 1.854896
 969.000000 1.770329
 970.000000 1.722750
 971.000000 1.024489
 972.000000 1.162253
 973.000000 1.115825
 974.000000 1.171726
 975.000000 0.762359
 976.000000 0.483576
 977.000000 0.567583
 978.000000 2.047299
 979.000000 1.784375
 980.000000 1.853575
 981.000000 1.319229
 982.000000 3.168560
 983.000000 2.069130
 984.000000 1.703441
 985.000000 3.241720
 986.000000 2.974278
 987.000000 3.009328
 988.000000 2.915352
 989.000000 2.684261
 990.000000 2.230064
 991.000000 2.373194
 992.000000 3.040028
 993.000000 2.993799
 994.000000 2.774166
 995.000000 1.886107
 996.000000 2.492047
 997.000000 2.316630
 998.000000 0.938478
 999.000000 1.889702
 1000.000000 1.881971
 1001.000000 0.634853
 1002.000000 0.690083
 1003.000000 0.580814
 1004.000000 0.812481
 1005.000000 1.018717
 1006.000000 0.370294
 1007.000000 0.599926
 1008.000000 0.278155
 1009.000000 0.245573
 1010.000000 0.184962
 1011.000000 0.237221
 1012.000000 1.138271
 1013.000000 1.114101
 1014.000000 0.515936
 1015.000000 1.361555
 1016.000000 1.481292
 1017.000000 1.281613
 1018.000000 1.254648
 1019.000000 0.958379
 1020.000000 0.862974
 1021.000000 0.972208
 1022.000000 0.741055
 1023.000000 0.590341
 1024.000000 0.477705
 1025.000000 0.423407
 1026.000000 0.546805
 1027.000000 0.781505
 1028.000000 0.595127
 1029.000000 0.517288
 1030.000000 0.470662
 1031.000000 0.867136
 1032.000000 0.605622
 1033.000000 0.690479
 1034.000000 0.688996
 1035.000000 1.132446
 1036.000000 1.000374
 1037.000000 1.105043
 1038.000000 1.191830
 1039.000000 0.984629
 1040.000000 0.760365
 1041.000000 1.876223
 1042.000000 1.697220
 1043.000000 2.336122
 1044.000000 2.107757
 1045.000000 2.579693
 1046.000000 3.150120
 1047.000000 3.462358
 1048.000000 3.164389
 1049.000000 3.192526
 1050.000000 3.112109
 1051.000000 3.372167
 1052.000000 2.780108
 1053.000000 2.487021
 1054.000000 3.002155
 1055.000000 3.141682
 1056.000000 2.580897
 1057.000000 2.749221
 1058.000000 2.804644
 1059.000000 2.599390
 1060.000000 2.979685
 1061.000000 3.001098
 1062.000000 2.963560
 1063.000000 3.003676
 1064.000000 3.345713
 1065.000000 3.198499
 1066.000000 3.357921
 1067.000000 3.017248
 1068.000000 3.180811
 1069.000000 3.238577
 1070.000000 3.220952
 1071.000000 3.312376
 1072.000000 2.778336
 1073.000000 2.876806
 1074.000000 2.182991
 1075.000000 2.184220
 1076.000000 1.223308
 1077.000000 1.296752
 1078.000000 1.915510
 1079.000000 2.548873
 1080.000000 2.982589
 1081.000000 1.460544
 1082.000000 1.347747
 1083.000000 2.274112
 1084.000000 2.325484
 1085.000000 1.719844
 1086.000000 2.935512
 1087.000000 2.906398
 1088.000000 2.197837
 1089.000000 3.403402
 1090.000000 3.338020
 1091.000000 2.685692
 1092.000000 2.913704
 1093.000000 3.169208
 1094.000000 3.046723
 1095.000000 2.888163
 1096.000000 2.471913
 1097.000000 2.924424
 1098.000000 2.445944
 1099.000000 2.313858
 1100.000000 2.362049
 1101.000000 1.512134
 1102.000000 1.684967
 1103.000000 0.800529
 1104.000000 0.243985
 1105.000000 1.731406
 1106.000000 1.256335
 1107.000000 1.238116
 1108.000000 1.778881
 1109.000000 1.874532
 1110.000000 2.112566
 1111.000000 2.009804
 1112.000000 1.984216
 1113.000000 1.909219
 1114.000000 1.838841
 1115.000000 1.808446
 1116.000000 1.524232
 1117.000000 1.504615
 1118.000000 1.669821
 1119.000000 1.769587
 1120.000000 1.618146
 1121.000000 1.662581
 1122.000000 1.681363
 1123.000000 1.687112
 1124.000000 1.596148
 1125.000000 1.792347
 1126.000000 1.913067
 1127.000000 1.660789
 1128.000000 1.980094
 1129.000000 2.247939
 1130.000000 2.161111
 1131.000000 2.291895
 1132.000000 2.255556
 1133.000000 2.118518
 1134.000000 2.006132
 1135.000000 1.901320
 1136.000000 1.997307
 1137.000000 2.004911
 1138.000000 1.664578
 1139.000000 2.002865
 1140.000000 2.075428
 1141.000000 2.055556
 1142.000000 2.053653
 1143.000000 1.895492
 1144.000000 1.957342
 1145.000000 2.067642
 1146.000000 2.011305
 1147.000000 2.043256
 1148.000000 1.642366
 1149.000000 1.748821
 1150.000000 1.984306
 1151.000000 2.188815
 1152.000000 2.221542
 1153.000000 2.154131
 1154.000000 2.140598
 1155.000000 2.255223
 1156.000000 2.239239
 1157.000000 2.226410
 1158.000000 2.222986
 1159.000000 2.244307
 1160.000000 2.190598
 1161.000000 2.206399
 1162.000000 2.192929
 1163.000000 2.155908
 1164.000000 2.151436
 1165.000000 2.226920
 1166.000000 2.117778
 1167.000000 2.143464
 1168.000000 2.168195
 1169.000000 2.228251
 1170.000000 2.255190
 1171.000000 2.193248
 1172.000000 2.138775
 1173.000000 2.213887
 1174.000000 2.242005
 1175.000000 2.158967
 1176.000000 2.291891
 1177.000000 2.240593
 1178.000000 2.136057
 1179.000000 2.183804
 1180.000000 2.045097
 1181.000000 2.056611
 1182.000000 2.078127
 1183.000000 2.035312
 1184.000000 1.875563
 1185.000000 1.716414
 1186.000000 1.608736
 1187.000000 1.778198
 1188.000000 1.517726
 1189.000000 1.490436
 1190.000000 1.731259
 1191.000000 1.744082
 1192.000000 1.690007
 1193.000000 1.942611
 1194.000000 1.833325
 1195.000000 1.865444
 1196.000000 1.776472
 1197.000000 1.723203
 1198.000000 1.701416
 1199.000000 1.553257
 1200.000000 1.560588
 1201.000000 1.655481
 1202.000000 1.607688
 1203.000000 1.385682
 1204.000000 1.397484
 1205.000000 1.337823
 1206.000000 1.429763
 1207.000000 1.448893
 1208.000000 1.354753
 1209.000000 1.764020
 1210.000000 1.795634
 1211.000000 1.762521
 1212.000000 1.574412
 1213.000000 1.770627
 1214.000000 1.532967
 1215.000000 1.681786
 1216.000000 1.741729
 1217.000000 1.851446
 1218.000000 1.742634
 1219.000000 1.644384
 1220.000000 1.735766
 1221.000000 1.674166
 1222.000000 1.818263
 1223.000000 1.845107
 1224.000000 1.729486
 1225.000000 2.187820
 1226.000000 2.267608
 1227.000000 2.170471
 1228.000000 2.387596
 1229.000000 2.369623
 1230.000000 2.365228
 1231.000000 2.343276
 1232.000000 2.398391
 1233.000000 2.384714
 1234.000000 2.639510
 1235.000000 2.477902
 1236.000000 2.553529
 1237.000000 2.616212
 1238.000000 2.455288
 1239.000000 2.432869
 1240.000000 2.247958
 1241.000000 2.198921
 1242.000000 2.203803
 1243.000000 2.445558
 1244.000000 2.415546
 1245.000000 2.473134
 1246.000000 2.418738
 1247.000000 2.490192
 1248.000000 2.407520
 1249.000000 2.418458
 1250.000000 2.373067
 1251.000000 2.520884
 1252.000000 2.462885
 1253.000000 2.454556
 1254.000000 2.383537
 1255.000000 2.468738
 1256.000000 2.419423
 1257.000000 2.414756
 1258.000000 2.540755
 1259.000000 2.514274
 1260.000000 2.440807
 1261.000000 2.406388
 1262.000000 2.470522
 1263.000000 2.437000
 1264.000000 2.477625
 1265.000000 2.406421
 1266.000000 2.373373
 1267.000000 2.406154
 1268.000000 2.368442
 1269.000000 2.314612
 1270.000000 2.223104
 1271.000000 2.255033
 1272.000000 2.476776
 1273.000000 2.312894
 1274.000000 2.386073
 1275.000000 2.600631
 1276.000000 2.496445
 1277.000000 2.527589
 1278.000000 2.456999
 1279.000000 2.549337
 1280.000000 2.396449
 1281.000000 2.433465
 1282.000000 2.452364
 1283.000000 2.508485
 1284.000000 2.320509
 1285.000000 2.335912
 1286.000000 2.506998
 1287.000000 2.459564
 1288.000000 2.190362
 1289.000000 2.295191
 1290.000000 2.344555
 1291.000000 2.304602
 1292.000000 2.342584
 1293.000000 2.338550
 1294.000000 2.328558
 1295.000000 2.352248
 1296.000000 2.396592
 1297.000000 2.384880
 1298.000000 2.321011
 1299.000000 2.268161
 1300.000000 2.185264
 1301.000000 1.895333
 1302.000000 1.964965
 1303.000000 2.045554
 1304.000000 1.955587
 1305.000000 2.058596
 1306.000000 1.957227
 1307.000000 1.801336
 1308.000000 1.650474
 1309.000000 1.944747
 1310.000000 1.906398
 1311.000000 2.023590
 1312.000000 1.831339
 1313.000000 1.977221
 1314.000000 2.025947
 1315.000000 2.041269
 1316.000000 1.993218
 1317.000000 1.888763
 1318.000000 2.043823
 1319.000000 1.963146
 1320.000000 1.910274
 1321.000000 1.944469
 1322.000000 1.852308
 1323.000000 1.796266
 1324.000000 1.895805
 1325.000000 1.785542
 1326.000000 1.832738
 1327.000000 1.823339
 1328.000000 2.004856
 1329.000000 2.013575
 1330.000000 2.102586
 1331.000000 1.957991
 1332.000000 2.044038
 1333.000000 2.279719
 1334.000000 2.323062
 1335.000000 2.200956
 1336.000000 1.869502
 1337.000000 2.009662
 1338.000000 1.791753
 1339.000000 1.852973
 1340.000000 1.960783
 1341.000000 2.006652
 1342.000000 1.921108
 1343.000000 1.956419
 1344.000000 1.990001
 1345.000000 2.099447
 1346.000000 2.063695
 1347.000000 2.216727
 1348.000000 2.100741
 1349.000000 2.168620
 1350.000000 2.150478
 1351.000000 2.227312
 1352.000000 2.277512
 1353.000000 2.155331
 1354.000000 2.069659
 1355.000000 2.072072
 1356.000000 2.226432
 1357.000000 2.274928
 1358.000000 2.245944
 1359.000000 2.270557
 1360.000000 2.157597
 1361.000000 2.312390
 1362.000000 2.263112
 1363.000000 2.239116
 1364.000000 2.043378
 1365.000000 2.186105
 1366.000000 2.320433
 1367.000000 2.348731
 1368.000000 2.400159
 1369.000000 2.325752
 1370.000000 2.255008
 1371.000000 1.936878
 1372.000000 2.064343
 1373.000000 1.860053
 1374.000000 1.739057
 1375.000000 1.733726
 1376.000000 1.800761
 1377.000000 1.937448
 1378.000000 2.041172
 1379.000000 1.795182
 1380.000000 1.725226
 1381.000000 1.891193
 1382.000000 1.850324
 1383.000000 2.168882
 1384.000000 2.383958
 1385.000000 2.132448
 1386.000000 2.122109
 1387.000000 2.369203
 1388.000000 2.232157
 1389.000000 2.300112
 1390.000000 2.225520
 1391.000000 2.197019
 1392.000000 2.277214
 1393.000000 2.290089
 1394.000000 2.398473
 1395.000000 2.339103
 1396.000000 2.275185
 1397.000000 2.464336
 1398.000000 2.613244
 1399.000000 2.634452
 1400.000000 2.456284
 1401.000000 2.407411
 1402.000000 2.332095
 1403.000000 2.242766
 1404.000000 2.327552
 1405.000000 2.165987
 1406.000000 2.403778
 1407.000000 2.357994
 1408.000000 2.178599
 1409.000000 2.376836
 1410.000000 2.295953
 1411.000000 2.216588
 1412.000000 2.245003
 1413.000000 2.214301
 1414.000000 2.237183
 1415.000000 2.428447
 1416.000000 2.321719
 1417.000000 2.374503
 1418.000000 2.440952
 1419.000000 2.378618
 1420.000000 2.432996
 1421.000000 2.477441
 1422.000000 2.472978
 1423.000000 2.417089
 1424.000000 2.436775
 1425.000000 2.156373
 1426.000000 2.158904
 1427.000000 2.366046
 1428.000000 2.331611
 1429.000000 2.295040
 1430.000000 2.492366
 1431.000000 2.593504
 1432.000000 2.504013
 1433.000000 2.763659
 1434.000000 2.550784
 1435.000000 2.581027
 1436.000000 2.582839
 1437.000000 2.569247
 1438.000000 2.528185
 1439.000000 2.620988
 1440.000000 2.615161
 1441.000000 2.571456
 1442.000000 2.484394
 1443.000000 2.597934
 1444.000000 2.510182
 1445.000000 2.536932
 1446.000000 2.441078
 1447.000000 2.437917
 1448.000000 2.459890
 1449.000000 2.458594
 1450.000000 2.471170
 1451.000000 2.428943
 1452.000000 2.435356
 1453.000000 2.623770
 1454.000000 2.697749
 1455.000000 2.598709
 1456.000000 2.548055
 1457.000000 2.434098
 1458.000000 2.436631
 1459.000000 2.485326
 1460.000000 2.485339
 1461.000000 2.538734
 1462.000000 2.498974
 1463.000000 2.546840
 1464.000000 2.622159
 1465.000000 2.436149
 1466.000000 2.430789
 1467.000000 2.572961
 1468.000000 2.513576
 1469.000000 2.348324
 1470.000000 2.236925
 1471.000000 2.107396
 1472.000000 2.145315
 1473.000000 2.192368
 1474.000000 2.117263
 1475.000000 2.182288
 1476.000000 2.093404
 1477.000000 2.145639
 1478.000000 2.061394
 1479.000000 2.013310
 1480.000000 2.048857
 1481.000000 1.851019
 1482.000000 1.960695
 1483.000000 2.033593
 1484.000000 1.938596
 1485.000000 1.751329
 1486.000000 1.839765
 1487.000000 1.949264
 1488.000000 1.751235
 1489.000000 1.735248
 1490.000000 1.846890
 1491.000000 1.769944
 1492.000000 1.992610
 1493.000000 1.963952
 1494.000000 2.047543
 1495.000000 2.018878
 1496.000000 1.995279
 1497.000000 1.889186
 1498.000000 1.954835
 1499.000000 1.897092
 1500.000000 2.042580
 1501.000000 1.919451
 1502.000000 1.952048
 1503.000000 1.778203
 1504.000000 2.036716
 1505.000000 1.844733
 1506.000000 1.934179
 1507.000000 1.924453
 1508.000000 1.943212
 1509.000000 1.872576
 1510.000000 1.950343
 1511.000000 1.871391
 1512.000000 1.805758
 1513.000000 1.749674
 1514.000000 1.804149
 1515.000000 1.735749
 1516.000000 1.898707
 1517.000000 1.876525
 1518.000000 1.826336
 1519.000000 1.930804
 1520.000000 2.102940
 1521.000000 2.054030
 1522.000000 2.284334
 1523.000000 2.219796
 1524.000000 2.355000
 1525.000000 2.344330
 1526.000000 2.338577
 1527.000000 2.314319
 1528.000000 2.357935
 1529.000000 2.366985
 1530.000000 2.424912
 1531.000000 2.398146
 1532.000000 2.483962
 1533.000000 2.509362
 1534.000000 2.529308
 1535.000000 2.513019
 1536.000000 2.403883
 1537.000000 2.390657
 1538.000000 2.460175
 1539.000000 2.426124
 1540.000000 2.399158
 1541.000000 2.444431
 1542.000000 2.459292
 1543.000000 2.606438
 1544.000000 2.570936
 1545.000000 2.703949
 1546.000000 2.606718
 1547.000000 2.590205
 1548.000000 2.456083
 1549.000000 2.620414
 1550.000000 2.434109
 1551.000000 2.452172
 1552.000000 2.281449
 1553.000000 2.407432
 1554.000000 2.498684
 1555.000000 2.474086
 1556.000000 2.374337
 1557.000000 2.342437
 1558.000000 2.330774
 1559.000000 2.312516
 1560.000000 2.454472
 1561.000000 2.435204
 1562.000000 2.498430
 1563.000000 2.483184
 1564.000000 2.491368
 1565.000000 2.476290
 1566.000000 2.542551
 1567.000000 2.409248
 1568.000000 2.406214
 1569.000000 2.530493
 1570.000000 2.576855
 1571.000000 2.413746
 1572.000000 2.477495
 1573.000000 2.434464
 1574.000000 2.618711
 1575.000000 2.381499
 1576.000000 2.364735
 1577.000000 2.308841
 1578.000000 2.270465
 1579.000000 2.381240
 1580.000000 2.356122
 1581.000000 2.326090
 1582.000000 2.388055
 1583.000000 2.314527
 1584.000000 2.344906
 1585.000000 2.355799
 1586.000000 2.369211
 1587.000000 2.235452
 1588.000000 2.108904
 1589.000000 2.059420
 1590.000000 1.998199
 1591.000000 1.853454
 1592.000000 2.040892
 1593.000000 1.964575
 1594.000000 2.105689
 1595.000000 2.203141
 1596.000000 2.076056
 1597.000000 2.210025
 1598.000000 2.280191
 1599.000000 2.423359
 1600.000000 2.383597
 1601.000000 2.447895
 1602.000000 2.184109
 1603.000000 2.108502
 1604.000000 2.217482
 1605.000000 2.164225
 1606.000000 2.229569
 1607.000000 2.255757
 1608.000000 2.349413
 1609.000000 2.563742
 1610.000000 2.527821
 1611.000000 2.496228
 1612.000000 2.572239
 1613.000000 2.527963
 1614.000000 2.483175
 1615.000000 2.512251
 1616.000000 2.544722
 1617.000000 2.646725
 1618.000000 2.585210
 1619.000000 2.531674
 1620.000000 2.524996
 1621.000000 2.536264
 1622.000000 2.536644
 1623.000000 2.567194
 1624.000000 2.394386
 1625.000000 2.396415
 1626.000000 2.490824
 1627.000000 2.489463
 1628.000000 2.550817
 1629.000000 2.494881
 1630.000000 2.567244
 1631.000000 2.405565
 1632.000000 2.519296
 1633.000000 2.537451
 1634.000000 2.428258
 1635.000000 2.201622
 1636.000000 2.348445
 1637.000000 2.273253
 1638.000000 2.329965
 1639.000000 2.154970
 1640.000000 2.071691
 1641.000000 1.894447
 1642.000000 2.103684
 1643.000000 2.071991
 1644.000000 1.966168
 1645.000000 2.002143
 1646.000000 1.978474
 1647.000000 1.997864
 1648.000000 1.925391
 1649.000000 2.002785
 1650.000000 2.230316
 1651.000000 1.883964
 1652.000000 2.027069
 1653.000000 1.917849
 1654.000000 2.177627
 1655.000000 2.021329
 1656.000000 1.929374
 1657.000000 2.128830
 1658.000000 1.596818
 1659.000000 1.830239
 1660.000000 2.025134
 1661.000000 1.940065
 1662.000000 1.569464
 1663.000000 1.537241
 1664.000000 1.375049
 1665.000000 1.235391
 1666.000000 0.620127
 1667.000000 0.709449
 1668.000000 0.435842
 1669.000000 0.228659
 1670.000000 0.310825
 1671.000000 0.260776
 1672.000000 0.227748
 1673.000000 0.266154
 1674.000000 0.240986
 1675.000000 0.228199
 1676.000000 0.267483
 1677.000000 0.170368
 1678.000000 0.189022
 1679.000000 1.790072
 1680.000000 2.243396
 1681.000000 2.529265
 1682.000000 2.807908
 1683.000000 2.601458
 1684.000000 2.419673
 1685.000000 0.475581
 1686.000000 1.978389
 1687.000000 1.650827
 1688.000000 1.626963
 1689.000000 1.262855
 1690.000000 3.142513
 1691.000000 2.871141
 1692.000000 2.345191
 1693.000000 3.298781
 1694.000000 2.814891
 1695.000000 2.551268
 1696.000000 2.083793
 1697.000000 1.436173
 1698.000000 1.999167
 1699.000000 0.718266
 1700.000000 0.199213
 1701.000000 0.560458
 1702.000000 2.393428
 1703.000000 2.889390
 1704.000000 3.643605
 1705.000000 3.470330
 1706.000000 1.613675
 1707.000000 0.329375
 1708.000000 1.164682
 1709.000000 3.003599
 1710.000000 2.358908
 1711.000000 2.481308
 1712.000000 2.427409
 1713.000000 1.783691
 1714.000000 2.185376
 1715.000000 2.977178
 1716.000000 3.048350
 1717.000000 3.114175
 1718.000000 3.064223
 1719.000000 3.256302
 1720.000000 3.391035
 1721.000000 3.297946
 1722.000000 3.020674
 1723.000000 2.495999
 1724.000000 1.558002
 1725.000000 0.455343
 1726.000000 0.222517
 1727.000000 0.207894
 1728.000000 0.205154
 1729.000000 0.234976
 1730.000000 0.183219
 1731.000000 0.224666
 1732.000000 0.243049
 1733.000000 0.183930
 1734.000000 0.186104
 1735.000000 0.253241
 1736.000000 0.440703
 1737.000000 0.202832
 1738.000000 0.209142
 1739.000000 0.248796
 1740.000000 0.190423
 1741.000000 0.170092
 1742.000000 2.232779
 1743.000000 0.680773
 1744.000000 2.022639
 1745.000000 1.533344
 1746.000000 1.245378
 1747.000000 1.014304
 1748.000000 2.361438
 1749.000000 1.594877
 1750.000000 0.956988
 1751.000000 2.475217
 1752.000000 2.973145
 1753.000000 2.883397
 1754.000000 2.605498
 1755.000000 3.084423
 1756.000000 2.468064
 1757.000000 0.944869
 1758.000000 1.362486
 1759.000000 0.928500
 1760.000000 0.882381
 1761.000000 0.966319
 1762.000000 1.341874
 1763.000000 1.065539
 1764.000000 1.582718
 1765.000000 1.870662
 1766.000000 2.276042
 1767.000000 1.857144
 1768.000000 1.696820
 1769.000000 1.122507
 1770.000000 2.698379
 1771.000000 3.436703
 1772.000000 3.744425
 1773.000000 3.234351
 1774.000000 2.982725
 1775.000000 2.494614
 1776.000000 2.220525
 1777.000000 1.778763
 1778.000000 3.434622
 1779.000000 1.883010
 1780.000000 1.559237
 1781.000000 2.935821
 1782.000000 2.541557
 1783.000000 3.182736
 1784.000000 2.898898
 1785.000000 3.037603
 1786.000000 2.809784
 1787.000000 2.542625
 1788.000000 2.823050
 1789.000000 3.468576
 1790.000000 3.154414
 1791.000000 3.321764
 1792.000000 3.055723
 1793.000000 3.340787
 1794.000000 3.240777
 1795.000000 3.315449
 1796.000000 3.298273
 1797.000000 3.310959
 1798.000000 3.087781
 1799.000000 2.799612
 1800.000000 2.851998
 1801.000000 2.739702
 1802.000000 3.163383
 1803.000000 2.973155
 1804.000000 2.099655
 1805.000000 2.380148
 1806.000000 2.439268
 1807.000000 2.265477
 1808.000000 2.055198
 1809.000000 2.185686
 1810.000000 2.272450
 1811.000000 2.104053
 1812.000000 2.132679
 1813.000000 1.964185
 1814.000000 1.994821
 1815.000000 1.771763
 1816.000000 1.717853
 1817.000000 1.740232
 1818.000000 1.451577
 1819.000000 1.545814
 1820.000000 1.537530
 1821.000000 1.766896
 1822.000000 1.574002
 1823.000000 1.759648
 1824.000000 2.034114
 1825.000000 1.842192
 1826.000000 1.751282
 1827.000000 1.653956
 1828.000000 1.872846
 1829.000000 1.803945
 1830.000000 1.508560
 1831.000000 2.238209
 1832.000000 3.116174
 1833.000000 2.759296
 1834.000000 2.442584
 1835.000000 2.070342
 1836.000000 1.888635
 1837.000000 2.417598
 1838.000000 2.521473
 1839.000000 3.177423
 1840.000000 3.244455
 1841.000000 3.169664
 1842.000000 3.231662
 1843.000000 3.202987
 1844.000000 3.253996
 1845.000000 3.218830
 1846.000000 3.223515
 1847.000000 2.543041
 1848.000000 3.217348
 1849.000000 3.060192
 1850.000000 3.085878
 1851.000000 3.171271
 1852.000000 3.159935
 1853.000000 2.813682
 1854.000000 3.130463
 1855.000000 2.930215
 1856.000000 2.756841
 1857.000000 2.734525
 1858.000000 1.790508
 1859.000000 2.204037
 1860.000000 2.455154
 1861.000000 2.825308
 1862.000000 2.879648
 1863.000000 2.676100
 1864.000000 1.773592
 1865.000000 2.940472
 1866.000000 1.506457
 1867.000000 1.015229
 1868.000000 1.512284
 1869.000000 1.979884
 1870.000000 2.280557
 1871.000000 2.800175
 1872.000000 2.882696
 1873.000000 3.204959
 1874.000000 3.160481
 1875.000000 3.184645
 1876.000000 3.254442
 1877.000000 3.184701
 1878.000000 3.152842
 1879.000000 3.130885
 1880.000000 3.081084
 1881.000000 3.075602
 1882.000000 3.175008
 1883.000000 3.347296
 1884.000000 3.248465
 1885.000000 3.192464
 1886.000000 3.176622
 1887.000000 3.230316
 1888.000000 3.189897
 1889.000000 3.044942
 1890.000000 3.229232
 1891.000000 3.358894
 1892.000000 3.249321
 1893.000000 3.210891
 1894.000000 3.160582
 1895.000000 3.250445
 1896.000000 3.255234
 1897.000000 3.332129
 1898.000000 3.383026
 1899.000000 3.120128
 1900.000000 2.545311
 1901.000000 2.572418
 1902.000000 2.596944
 1903.000000 2.598161
 1904.000000 1.398628
 1905.000000 2.373091
 1906.000000 2.530638
 1907.000000 3.196065
 1908.000000 3.055300
 1909.000000 2.893566
 1910.000000 3.290841
 1911.000000 1.749088
 1912.000000 2.787903
 1913.000000 3.438321
 1914.000000 3.323523
 1915.000000 2.205518
 1916.000000 2.667726
 1917.000000 2.387511
 1918.000000 2.881132
 1919.000000 2.410905
 1920.000000 1.066923
 1921.000000 1.614541
 1922.000000 1.162796
 1923.000000 0.465836
 1924.000000 1.465441
 1925.000000 1.056512
 1926.000000 0.260896
 1927.000000 1.203984
 1928.000000 0.535578
 1929.000000 0.338779
 1930.000000 0.270902
 1931.000000 1.112122
 1932.000000 0.224584
 1933.000000 0.683525
 1934.000000 0.242128
 1935.000000 0.202902
 1936.000000 0.231744
 1937.000000 1.766240
 1938.000000 0.241822
 1939.000000 0.854214
 1940.000000 0.451819
 1941.000000 0.280757
 1942.000000 0.368456
 1943.000000 0.894454
 1944.000000 1.196017
 1945.000000 0.950843
 1946.000000 0.763370
 1947.000000 0.613349
 1948.000000 0.667269
 1949.000000 0.441616
 1950.000000 0.786025
 1951.000000 0.749368
 1952.000000 1.052138
 1953.000000 0.684631
 1954.000000 0.307163
 1955.000000 0.187686
 1956.000000 0.208414
 1957.000000 0.227522
 1958.000000 0.181279
 1959.000000 0.210424
 1960.000000 0.424423
 1961.000000 0.274135
 1962.000000 0.189605
 1963.000000 0.791406
 1964.000000 0.510492
 1965.000000 2.004265
 1966.000000 2.419547
 1967.000000 2.159152
 1968.000000 1.911069
 1969.000000 2.900875
 1970.000000 2.660076
 1971.000000 2.358159
 1972.000000 2.873690
 1973.000000 1.782385
 1974.000000 2.460645
 1975.000000 2.051332
 1976.000000 2.417029
 1977.000000 1.925465
 1978.000000 2.099204
 1979.000000 2.852200
 1980.000000 2.045894
 1981.000000 3.103163
 1982.000000 3.173238
 1983.000000 3.503724
 1984.000000 3.323268
 1985.000000 3.086944
 1986.000000 3.017402
 1987.000000 2.372542
 1988.000000 2.392884
 1989.000000 2.101703
 1990.000000 2.201304
 1991.000000 2.027365
 1992.000000 2.917045
 1993.000000 2.768364
 1994.000000 2.801314
 1995.000000 2.493173
 1996.000000 2.314649
 1997.000000 2.904364
 1998.000000 2.499750
 1999.000000 2.133033
 2000.000000 2.290508
 2001.000000 2.663028
 2002.000000 2.397039
 2003.000000 2.050451
 2004.000000 2.443073
 2005.000000 2.700634
 2006.000000 2.476046
 2007.000000 2.135467
 2008.000000 2.676934
 2009.000000 3.088739
 2010.000000 3.041700
 2011.000000 2.914380
 2012.000000 2.930039
 2013.000000 2.353373
 2014.000000 3.064533
 2015.000000 2.375491
 2016.000000 2.401909
 2017.000000 2.851831
 2018.000000 3.314848
 2019.000000 3.217356
 2020.000000 2.909940
 2021.000000 2.807380
 2022.000000 2.969572
 2023.000000 2.906051
 2024.000000 3.166588
