#! FIELDS time r35.min
 0.000000 2.117872
 1.000000 2.147288
 2.000000 2.539637
 3.000000 3.099083
 4.000000 2.393719
 5.000000 2.283269
 6.000000 1.910891
 7.000000 1.935507
 8.000000 2.252086
 9.000000 3.428046
 10.000000 2.490495
 11.000000 2.861871
 12.000000 3.585778
 13.000000 3.471330
 14.000000 2.793457
 15.000000 2.660511
 16.000000 2.864606
 17.000000 2.845665
 18.000000 2.756688
 19.000000 2.777515
 20.000000 2.579667
 21.000000 2.456511
 22.000000 2.714265
 23.000000 2.753538
 24.000000 3.878975
 25.000000 2.247397
 26.000000 1.748293
 27.000000 1.607287
 28.000000 0.986215
 29.000000 1.049344
 30.000000 2.618998
 31.000000 2.740266
 32.000000 3.699854
 33.000000 3.720107
 34.000000 2.214129
 35.000000 2.991778
 36.000000 3.317133
 37.000000 3.181376
 38.000000 4.177568
 39.000000 3.704292
 40.000000 3.531503
 41.000000 3.934031
 42.000000 4.610629
 43.000000 3.503766
 44.000000 1.923860
 45.000000 1.498346
 46.000000 1.703605
 47.000000 2.016660
 48.000000 2.164197
 49.000000 2.288262
 50.000000 1.767851
 51.000000 2.148080
 52.000000 2.078946
 53.000000 2.359060
 54.000000 2.065988
 55.000000 2.140944
 56.000000 1.977550
 57.000000 1.927109
 58.000000 1.908305
 59.000000 1.905287
 60.000000 2.068605
 61.000000 1.906795
 62.000000 1.907411
 63.000000 2.279176
 64.000000 2.292935
 65.000000 2.328527
 66.000000 3.200309
 67.000000 3.977961
 68.000000 3.485283
 69.000000 3.806409
 70.000000 3.908306
 71.000000 3.719466
 72.000000 4.096704
 73.000000 4.526905
 74.000000 4.238219
 75.000000 3.258131
 76.000000 4.230223
 77.000000 3.915452
 78.000000 3.342746
 79.000000 3.170053
 80.000000 3.052252
 81.000000 3.141048
 82.000000 2.865544
 83.000000 3.247922
 84.000000 3.517912
 85.000000 3.431290
 86.000000 3.420859
 87.000000 3.519123
 88.000000 3.832316
 89.000000 4.022360
 90.000000 4.032371
 91.000000 4.091482
 92.000000 4.035186
 93.000000 4.141563
 94.000000 4.221377
 95.000000 4.239553
 96.000000 3.848309
 97.000000 3.437115
 98.000000 2.940141
 99.000000 2.044727
 100.000000 3.124933
 101.000000 2.843394
 102.000000 3.818771
 103.000000 3.268048
 104.000000 3.604168
 105.000000 3.096112
 106.000000 3.964496
 107.000000 3.178866
 108.000000 2.117655
 109.000000 2.197931
 110.000000 2.303474
 111.000000 2.360625
 112.000000 2.586678
 113.000000 2.978175
 114.000000 3.218128
 115.000000 3.022612
 116.000000 3.094361
 117.000000 3.151866
 118.000000 3.027075
 119.000000 2.646856
 120.000000 2.822559
 121.000000 3.015031
 122.000000 3.088011
 123.000000 2.949680
 124.000000 3.113252
 125.000000 2.854048
 126.000000 2.845863
 127.000000 2.574717
 128.000000 2.586585
 129.000000 1.914609
 130.000000 1.820847
 131.000000 1.681140
 132.000000 1.843563
 133.000000 2.065568
 134.000000 1.806027
 135.000000 2.127980
 136.000000 2.403217
 137.000000 2.225029
 138.000000 1.908753
 139.000000 1.797600
 140.000000 1.756961
 141.000000 1.927197
 142.000000 3.000945
 143.000000 2.936272
 144.000000 2.410224
 145.000000 2.249789
 146.000000 3.762863
 147.000000 3.659270
 148.000000 3.375673
 149.000000 3.473932
 150.000000 3.584999
 151.000000 3.593526
 152.000000 2.660670
 153.000000 3.075579
 154.000000 3.178295
 155.000000 3.588024
 156.000000 4.010715
 157.000000 3.316431
 158.000000 3.669491
 159.000000 3.334765
 160.000000 3.552156
 161.000000 4.241920
 162.000000 3.894294
 163.000000 3.933459
 164.000000 3.712396
 165.000000 3.277386
 166.000000 2.758500
 167.000000 2.358916
 168.000000 4.128312
 169.000000 3.126737
 170.000000 3.115458
 171.000000 2.840982
 172.000000 3.111773
 173.000000 3.271919
 174.000000 3.219561
 175.000000 3.291739
 176.000000 3.177513
 177.000000 3.057567
 178.000000 3.087130
 179.000000 3.216443
 180.000000 3.138317
 181.000000 3.192919
 182.000000 3.141844
 183.000000 3.035644
 184.000000 3.082148
 185.000000 2.942988
 186.000000 2.893872
 187.000000 2.941133
 188.000000 3.046403
 189.000000 3.024653
 190.000000 3.127503
 191.000000 3.125872
 192.000000 3.321333
 193.000000 3.068814
 194.000000 3.190081
 195.000000 3.161510
 196.000000 3.126893
 197.000000 3.241264
 198.000000 3.042788
 199.000000 3.084671
 200.000000 3.117062
 201.000000 3.199688
 202.000000 3.126202
 203.000000 3.164299
 204.000000 3.930140
 205.000000 3.708009
 206.000000 3.367905
 207.000000 3.333877
 208.000000 3.456787
 209.000000 3.709246
 210.000000 3.892883
 211.000000 3.786429
 212.000000 3.313909
 213.000000 3.339814
 214.000000 3.626043
 215.000000 3.717519
 216.000000 3.819272
 217.000000 3.487999
 218.000000 3.679617
 219.000000 3.899964
 220.000000 3.671249
 221.000000 3.828697
 222.000000 3.777824
 223.000000 3.939539
 224.000000 4.032656
 225.000000 4.227693
 226.000000 3.985527
 227.000000 3.949650
 228.000000 3.973542
 229.000000 3.906960
 230.000000 3.818812
 231.000000 3.887201
 232.000000 3.791041
 233.000000 4.032279
 234.000000 4.035759
 235.000000 4.073364
 236.000000 4.005832
 237.000000 3.998893
 238.000000 3.770471
 239.000000 3.882009
 240.000000 4.097654
 241.000000 4.132625
 242.000000 4.143672
 243.000000 4.191626
 244.000000 4.400377
 245.000000 4.375990
 246.000000 4.434860
 247.000000 4.263891
 248.000000 4.422526
 249.000000 4.276864
 250.000000 4.362563
 251.000000 4.380440
 252.000000 4.425133
 253.000000 4.297805
 254.000000 4.399074
 255.000000 4.186594
 256.000000 4.310374
 257.000000 4.145049
 258.000000 4.138260
 259.000000 4.338439
 260.000000 4.462197
 261.000000 4.123567
 262.000000 4.905950
 263.000000 4.798207
 264.000000 3.281282
 265.000000 3.250091
 266.000000 2.580641
 267.000000 3.225131
 268.000000 4.584237
 269.000000 4.923092
 270.000000 5.167325
 271.000000 5.075662
 272.000000 4.650261
 273.000000 5.061135
 274.000000 4.739171
 275.000000 4.307028
 276.000000 4.187716
 277.000000 3.581778
 278.000000 3.358638
 279.000000 2.718407
 280.000000 4.153258
 281.000000 4.753930
 282.000000 3.343905
 283.000000 3.592134
 284.000000 2.999518
 285.000000 4.323441
 286.000000 4.339885
 287.000000 4.688653
 288.000000 4.132805
 289.000000 3.276056
 290.000000 3.907586
 291.000000 3.045230
 292.000000 2.565108
 293.000000 2.657964
 294.000000 2.184202
 295.000000 2.176528
 296.000000 3.179481
 297.000000 3.671713
 298.000000 3.492609
 299.000000 3.078517
 300.000000 2.622161
 301.000000 2.566216
 302.000000 1.829744
 303.000000 2.550518
 304.000000 3.101504
 305.000000 4.220694
 306.000000 4.386515
 307.000000 3.518852
 308.000000 3.329446
 309.000000 3.622632
 310.000000 2.581492
 311.000000 2.350529
 312.000000 3.576302
 313.000000 3.721943
 314.000000 4.153874
 315.000000 3.917113
 316.000000 4.437618
 317.000000 3.480434
 318.000000 4.608844
 319.000000 4.220050
 320.000000 4.623073
 321.000000 3.966362
 322.000000 3.830705
 323.000000 4.103122
 324.000000 3.875255
 325.000000 3.160052
 326.000000 4.278611
 327.000000 4.394995
 328.000000 3.545630
 329.000000 4.113246
 330.000000 3.279507
 331.000000 3.719307
 332.000000 3.427246
 333.000000 1.656533
 334.000000 1.868764
 335.000000 2.883047
 336.000000 4.382833
 337.000000 4.517073
 338.000000 4.307892
 339.000000 4.246535
 340.000000 3.629347
 341.000000 3.259229
 342.000000 3.218721
 343.000000 3.265820
 344.000000 3.182650
 345.000000 3.290032
 346.000000 3.412139
 347.000000 3.662226
 348.000000 3.412240
 349.000000 3.513313
 350.000000 3.692850
 351.000000 3.457187
 352.000000 3.596250
 353.000000 3.847590
 354.000000 3.776022
 355.000000 3.662953
 356.000000 3.738890
 357.000000 3.608185
 358.000000 3.355725
 359.000000 3.397507
 360.000000 3.349041
 361.000000 3.322376
 362.000000 3.321697
 363.000000 3.403837
 364.000000 3.567033
 365.000000 3.602419
 366.000000 3.372304
 367.000000 3.600376
 368.000000 3.511574
 369.000000 3.417702
 370.000000 3.496670
 371.000000 3.473940
 372.000000 3.427455
 373.000000 3.572349
 374.000000 3.463187
 375.000000 3.410133
 376.000000 3.566832
 377.000000 3.567540
 378.000000 3.485349
 379.000000 3.364412
 380.000000 3.474107
 381.000000 3.385086
 382.000000 3.265608
 383.000000 3.437339
 384.000000 3.495970
 385.000000 3.321830
 386.000000 3.420496
 387.000000 3.293775
 388.000000 3.345519
 389.000000 3.330566
 390.000000 3.297308
 391.000000 3.377806
 392.000000 3.305912
 393.000000 3.382387
 394.000000 3.460977
 395.000000 3.317209
 396.000000 3.423322
 397.000000 3.279312
 398.000000 3.429607
 399.000000 3.155214
 400.000000 3.250787
 401.000000 3.232456
 402.000000 2.905551
 403.000000 3.234817
 404.000000 3.320525
 405.000000 3.250374
 406.000000 3.185827
 407.000000 3.194340
 408.000000 3.278581
 409.000000 3.237406
 410.000000 3.259543
 411.000000 3.352634
 412.000000 3.284575
 413.000000 3.357842
 414.000000 3.376549
 415.000000 3.332192
 416.000000 3.292151
 417.000000 3.320415
 418.000000 3.353089
 419.000000 3.340236
 420.000000 3.316173
 421.000000 4.545409
 422.000000 3.204291
 423.000000 3.318509
 424.000000 3.435754
 425.000000 3.349242
 426.000000 3.309674
 427.000000 3.435590
 428.000000 3.330182
 429.000000 4.132433
 430.000000 3.443902
 431.000000 3.469858
 432.000000 3.588224
 433.000000 3.588289
 434.000000 3.408384
 435.000000 3.550627
 436.000000 3.297452
 437.000000 3.400789
 438.000000 3.348611
 439.000000 3.407891
 440.000000 3.365210
 441.000000 3.131521
 442.000000 3.261616
 443.000000 4.444849
 444.000000 4.454315
 445.000000 4.561032
 446.000000 3.215878
 447.000000 4.931985
 448.000000 3.130561
 449.000000 5.062533
 450.000000 5.237135
 451.000000 5.531772
 452.000000 3.796352
 453.000000 3.719147
 454.000000 2.678003
 455.000000 4.036332
 456.000000 5.077656
 457.000000 4.227581
 458.000000 4.458335
 459.000000 4.821436
 460.000000 4.629564
 461.000000 4.013685
 462.000000 3.778192
 463.000000 3.821037
 464.000000 2.918869
 465.000000 3.111500
 466.000000 3.816276
 467.000000 3.413354
 468.000000 4.015319
 469.000000 4.183542
 470.000000 3.787475
 471.000000 3.956526
 472.000000 3.551838
 473.000000 2.975556
 474.000000 2.713522
 475.000000 0.832572
 476.000000 2.090376
 477.000000 1.620720
 478.000000 3.249107
 479.000000 3.261725
 480.000000 3.007051
 481.000000 3.563959
 482.000000 3.728879
 483.000000 4.307236
 484.000000 4.473440
 485.000000 4.127081
 486.000000 3.245920
 487.000000 3.674277
 488.000000 3.436424
 489.000000 2.103280
 490.000000 0.829655
 491.000000 1.741284
 492.000000 2.297705
 493.000000 2.928324
 494.000000 2.927130
 495.000000 2.839419
 496.000000 3.056656
 497.000000 3.481611
 498.000000 3.967726
 499.000000 4.016998
 500.000000 4.192036
 501.000000 4.093355
 502.000000 4.937516
 503.000000 4.684030
 504.000000 2.869505
 505.000000 4.000377
 506.000000 4.091638
 507.000000 4.111464
 508.000000 3.641078
 509.000000 4.111082
 510.000000 4.366854
 511.000000 4.216151
 512.000000 3.790444
 513.000000 3.455313
 514.000000 3.456135
 515.000000 3.702533
 516.000000 3.386286
 517.000000 2.795994
 518.000000 3.862264
 519.000000 3.274591
 520.000000 3.411213
 521.000000 3.857840
 522.000000 4.620239
 523.000000 3.227956
 524.000000 2.773122
 525.000000 2.655072
 526.000000 2.435072
 527.000000 2.866249
 528.000000 3.106789
 529.000000 2.596578
 530.000000 2.896230
 531.000000 2.727380
 532.000000 2.931066
 533.000000 3.840272
 534.000000 3.539693
 535.000000 3.587276
 536.000000 3.737639
 537.000000 4.291440
 538.000000 4.283978
 539.000000 4.149038
 540.000000 4.084655
 541.000000 3.486322
 542.000000 4.116010
 543.000000 3.991239
 544.000000 3.848122
 545.000000 3.167263
 546.000000 2.975396
 547.000000 2.505073
 548.000000 2.319836
 549.000000 2.637956
 550.000000 2.517613
 551.000000 2.478799
 552.000000 2.608495
 553.000000 2.464382
 554.000000 2.600272
 555.000000 2.812231
 556.000000 2.906336
 557.000000 2.758521
 558.000000 2.863598
 559.000000 2.784449
 560.000000 2.892268
 561.000000 2.792597
 562.000000 2.767466
 563.000000 2.642621
 564.000000 2.725053
 565.000000 2.768857
 566.000000 2.703445
 567.000000 2.777878
 568.000000 2.715300
 569.000000 2.531766
 570.000000 2.622615
 571.000000 2.481005
 572.000000 2.641110
 573.000000 2.594766
 574.000000 2.885767
 575.000000 2.764012
 576.000000 2.904642
 577.000000 3.097594
 578.000000 3.057466
 579.000000 4.216321
 580.000000 3.516190
 581.000000 4.000453
 582.000000 3.425831
 583.000000 3.574694
 584.000000 3.816231
 585.000000 3.220341
 586.000000 4.057329
 587.000000 3.843101
 588.000000 3.850960
 589.000000 3.874551
 590.000000 4.406684
 591.000000 3.737785
 592.000000 3.226446
 593.000000 3.206245
 594.000000 3.107388
 595.000000 3.909451
 596.000000 3.635982
 597.000000 3.735548
 598.000000 3.885686
 599.000000 3.793585
 600.000000 3.759773
 601.000000 3.858937
 602.000000 3.761889
 603.000000 3.788120
 604.000000 3.673209
 605.000000 3.701121
 606.000000 3.559584
 607.000000 3.632209
 608.000000 3.542750
 609.000000 3.482474
 610.000000 3.522863
 611.000000 3.549008
 612.000000 3.565478
 613.000000 3.675964
 614.000000 3.485695
 615.000000 3.772281
 616.000000 3.755061
 617.000000 3.703347
 618.000000 4.821826
 619.000000 3.640584
 620.000000 3.536123
 621.000000 3.619861
 622.000000 3.707782
 623.000000 3.687232
 624.000000 4.796099
 625.000000 3.637164
 626.000000 3.588678
 627.000000 4.781204
 628.000000 3.606551
 629.000000 4.671724
 630.000000 4.666532
 631.000000 4.674750
 632.000000 4.604748
 633.000000 4.727425
 634.000000 3.694874
 635.000000 3.745289
 636.000000 3.741571
 637.000000 4.642274
 638.000000 4.687950
 639.000000 3.646549
 640.000000 3.664871
 641.000000 4.758379
 642.000000 3.831389
 643.000000 4.770944
 644.000000 4.728373
 645.000000 4.718163
 646.000000 3.872541
 647.000000 3.899246
 648.000000 4.571492
 649.000000 4.589486
 650.000000 4.521341
 651.000000 4.644463
 652.000000 4.639363
 653.000000 3.753776
 654.000000 3.890560
 655.000000 3.892576
 656.000000 4.000158
 657.000000 3.954398
 658.000000 3.937451
 659.000000 4.043194
 660.000000 3.992274
 661.000000 3.957238
 662.000000 4.000493
 663.000000 3.919673
 664.000000 3.851080
 665.000000 4.039965
 666.000000 3.829369
 667.000000 3.971232
 668.000000 3.947848
 669.000000 4.061710
 670.000000 4.066404
 671.000000 3.957562
 672.000000 3.987163
 673.000000 3.874540
 674.000000 3.808830
 675.000000 3.903067
 676.000000 3.850936
 677.000000 3.868461
 678.000000 3.949520
 679.000000 4.074045
 680.000000 4.033986
 681.000000 3.892507
 682.000000 3.750866
 683.000000 3.712621
 684.000000 3.809560
 685.000000 3.866763
 686.000000 3.965474
 687.000000 3.715914
 688.000000 3.711627
 689.000000 3.938124
 690.000000 3.932033
 691.000000 3.894782
 692.000000 3.803306
 693.000000 3.975726
 694.000000 3.750609
 695.000000 3.958418
 696.000000 3.791341
 697.000000 4.021329
 698.000000 3.924265
 699.000000 3.763418
 700.000000 3.723225
 701.000000 3.595639
 702.000000 3.438519
 703.000000 3.429262
 704.000000 3.500708
 705.000000 2.606317
 706.000000 3.042563
 707.000000 3.766187
 708.000000 3.783096
 709.000000 4.133081
 710.000000 4.359418
 711.000000 4.230498
 712.000000 3.774095
 713.000000 4.328800
 714.000000 3.431163
 715.000000 3.664684
 716.000000 4.099913
 717.000000 4.011924
 718.000000 3.538383
 719.000000 3.212299
 720.000000 3.358727
 721.000000 2.393450
 722.000000 3.540478
 723.000000 4.130126
 724.000000 2.714636
 725.000000 1.926056
 726.000000 3.610598
 727.000000 3.325792
 728.000000 4.364895
 729.000000 4.040057
 730.000000 4.638221
 731.000000 4.450489
 732.000000 3.783159
 733.000000 4.189711
 734.000000 3.654572
 735.000000 3.633731
 736.000000 3.155637
 737.000000 3.178419
 738.000000 4.352341
 739.000000 3.052110
 740.000000 3.868152
 741.000000 3.273845
 742.000000 4.216561
 743.000000 3.382603
 744.000000 3.225466
 745.000000 2.768010
 746.000000 2.361618
 747.000000 2.322954
 748.000000 3.356564
 749.000000 3.485287
 750.000000 3.952661
 751.000000 3.847683
 752.000000 4.073713
 753.000000 4.025808
 754.000000 3.860782
 755.000000 3.578170
 756.000000 3.404050
 757.000000 3.408384
 758.000000 2.334794
 759.000000 2.489996
 760.000000 1.523328
 761.000000 1.763138
 762.000000 1.750657
 763.000000 1.796073
 764.000000 3.082709
 765.000000 3.191739
 766.000000 2.996056
 767.000000 3.702442
 768.000000 4.028180
 769.000000 3.637444
 770.000000 3.769981
 771.000000 4.057670
 772.000000 4.219895
 773.000000 3.966844
 774.000000 3.582794
 775.000000 1.978983
 776.000000 2.267669
 777.000000 2.692141
 778.000000 2.201711
 779.000000 2.163578
 780.000000 3.021891
 781.000000 2.450375
 782.000000 2.620419
 783.000000 2.305491
 784.000000 2.706636
 785.000000 3.222239
 786.000000 3.789200
 787.000000 2.884980
 788.000000 3.695831
 789.000000 3.402817
 790.000000 3.794878
 791.000000 3.929699
 792.000000 4.068987
 793.000000 4.065789
 794.000000 4.585677
 795.000000 4.104100
 796.000000 3.691155
 797.000000 4.191369
 798.000000 4.033431
 799.000000 3.314812
 800.000000 2.955639
 801.000000 3.179291
 802.000000 2.643223
 803.000000 3.277506
 804.000000 3.121015
 805.000000 3.087499
 806.000000 2.909101
 807.000000 2.387715
 808.000000 2.270175
 809.000000 2.858049
 810.000000 2.559013
 811.000000 2.953697
 812.000000 3.150237
 813.000000 3.007049
 814.000000 3.269000
 815.000000 2.826014
 816.000000 3.642357
 817.000000 4.217350
 818.000000 4.129836
 819.000000 4.265104
 820.000000 4.104205
 821.000000 3.902659
 822.000000 3.537684
 823.000000 3.710074
 824.000000 3.385787
 825.000000 3.061619
 826.000000 3.009652
 827.000000 2.901802
 828.000000 2.295767
 829.000000 2.941026
 830.000000 3.013427
 831.000000 3.061439
 832.000000 2.745306
 833.000000 2.975520
 834.000000 2.940668
 835.000000 3.134358
 836.000000 3.075226
 837.000000 2.784460
 838.000000 3.182991
 839.000000 2.882913
 840.000000 3.023140
 841.000000 3.694693
 842.000000 3.194840
 843.000000 3.506690
 844.000000 4.124876
 845.000000 3.749493
 846.000000 3.694735
 847.000000 3.840655
 848.000000 3.712840
 849.000000 4.290931
 850.000000 4.400616
 851.000000 4.059397
 852.000000 3.540464
 853.000000 3.129366
 854.000000 3.157500
 855.000000 4.738694
 856.000000 4.326556
 857.000000 4.066900
 858.000000 4.142800
 859.000000 4.088534
 860.000000 3.621477
 861.000000 3.552710
 862.000000 3.304780
 863.000000 3.709363
 864.000000 4.084647
 865.000000 3.443877
 866.000000 2.960795
 867.000000 3.922513
 868.000000 3.592045
 869.000000 3.055626
 870.000000 3.384075
 871.000000 4.029493
 872.000000 4.004119
 873.000000 3.757707
 874.000000 3.512826
 875.000000 3.689540
 876.000000 3.360520
 877.000000 3.830928
 878.000000 3.375071
 879.000000 3.594990
 880.000000 2.949358
 881.000000 4.281383
 882.000000 3.379713
 883.000000 4.387891
 884.000000 3.939798
 885.000000 4.430913
 886.000000 4.031111
 887.000000 3.708017
 888.000000 3.775749
 889.000000 3.923085
 890.000000 3.852463
 891.000000 3.723730
 892.000000 4.024652
 893.000000 4.175936
 894.000000 4.144011
 895.000000 3.977466
 896.000000 3.528102
 897.000000 3.569059
 898.000000 3.727706
 899.000000 3.913761
 900.000000 3.582506
 901.000000 3.674060
 902.000000 3.849165
 903.000000 4.328466
 904.000000 4.325301
 905.000000 4.220960
 906.000000 3.573981
 907.000000 2.777641
 908.000000 2.316261
 909.000000 2.124197
 910.000000 2.170588
 911.000000 2.323387
 912.000000 2.297025
 913.000000 2.368587
 914.000000 2.276811
 915.000000 2.266504
 916.000000 2.172602
 917.000000 2.195243
 918.000000 2.192296
 919.000000 2.153769
 920.000000 2.284753
 921.000000 2.416092
 922.000000 2.434678
 923.000000 2.542780
 924.000000 2.698918
 925.000000 2.389531
 926.000000 2.473759
 927.000000 2.363523
 928.000000 2.519422
 929.000000 2.578259
 930.000000 2.696387
 931.000000 2.573505
 932.000000 2.539261
 933.000000 2.417747
 934.000000 2.494198
 935.000000 2.436575
 936.000000 2.452514
 937.000000 2.428086
 938.000000 2.554181
 939.000000 2.666569
 940.000000 2.597770
 941.000000 2.563431
 942.000000 2.489496
 943.000000 2.446278
 944.000000 2.345366
 945.000000 2.347650
 946.000000 2.356272
 947.000000 2.422215
 948.000000 2.267697
 949.000000 2.419607
 950.000000 2.328754
 951.000000 2.350424
 952.000000 2.503505
 953.000000 2.505382
 954.000000 2.645990
 955.000000 2.634467
 956.000000 2.565582
 957.000000 2.517182
 958.000000 2.451534
 959.000000 2.626471
 960.000000 2.579371
 961.000000 2.598778
 962.000000 2.709146
 963.000000 2.636629
 964.000000 2.376187
 965.000000 2.655808
 966.000000 2.622725
 967.000000 2.478235
 968.000000 2.510308
 969.000000 2.514143
 970.000000 2.530620
 971.000000 2.608294
 972.000000 2.508941
 973.000000 2.477986
 974.000000 2.409598
 975.000000 2.509838
 976.000000 2.614116
 977.000000 2.550511
 978.000000 3.423835
 979.000000 3.445742
 980.000000 3.445255
 981.000000 2.802287
 982.000000 3.913215
 983.000000 3.462591
 984.000000 3.172256
 985.000000 4.140709
 986.000000 3.489658
 987.000000 4.313329
 988.000000 3.816272
 989.000000 3.467199
 990.000000 3.156279
 991.000000 3.471138
 992.000000 4.295735
 993.000000 4.299797
 994.000000 4.090902
 995.000000 3.588299
 996.000000 4.007513
 997.000000 3.865980
 998.000000 2.611142
 999.000000 2.879239
 1000.000000 2.520190
 1001.000000 1.939826
 1002.000000 1.727848
 1003.000000 1.486642
 1004.000000 1.863796
 1005.000000 2.206992
 1006.000000 1.770796
 1007.000000 2.103229
 1008.000000 1.940593
 1009.000000 1.715882
 1010.000000 1.280096
 1011.000000 1.030428
 1012.000000 1.072802
 1013.000000 1.389767
 1014.000000 1.315507
 1015.000000 1.236321
 1016.000000 1.449591
 1017.000000 1.130480
 1018.000000 1.117920
 1019.000000 1.232378
 1020.000000 1.197082
 1021.000000 1.273981
 1022.000000 1.008209
 1023.000000 0.959746
 1024.000000 0.606883
 1025.000000 0.523272
 1026.000000 0.664043
 1027.000000 0.519037
 1028.000000 0.649407
 1029.000000 0.431057
 1030.000000 0.450752
 1031.000000 0.661334
 1032.000000 0.272569
 1033.000000 0.292241
 1034.000000 0.331255
 1035.000000 0.280002
 1036.000000 0.282230
 1037.000000 0.246236
 1038.000000 0.267453
 1039.000000 0.886738
 1040.000000 1.431716
 1041.000000 2.530298
 1042.000000 2.905653
 1043.000000 3.744337
 1044.000000 3.528917
 1045.000000 3.476947
 1046.000000 3.884602
 1047.000000 4.298118
 1048.000000 4.472228
 1049.000000 4.154896
 1050.000000 4.340547
 1051.000000 4.227134
 1052.000000 3.773009
 1053.000000 3.209473
 1054.000000 3.418226
 1055.000000 4.217790
 1056.000000 3.698019
 1057.000000 3.867074
 1058.000000 3.296544
 1059.000000 3.115239
 1060.000000 4.081263
 1061.000000 4.393554
 1062.000000 4.391039
 1063.000000 4.386297
 1064.000000 4.399582
 1065.000000 4.268872
 1066.000000 4.454782
 1067.000000 4.074698
 1068.000000 4.338882
 1069.000000 4.453572
 1070.000000 4.327438
 1071.000000 4.375718
 1072.000000 3.706346
 1073.000000 3.621757
 1074.000000 3.038698
 1075.000000 3.260834
 1076.000000 2.466613
 1077.000000 2.678587
 1078.000000 3.170395
 1079.000000 3.606660
 1080.000000 3.555444
 1081.000000 2.099624
 1082.000000 2.186954
 1083.000000 3.160952
 1084.000000 3.529434
 1085.000000 2.823816
 1086.000000 3.820531
 1087.000000 3.794266
 1088.000000 2.766436
 1089.000000 4.695728
 1090.000000 4.500252
 1091.000000 3.877362
 1092.000000 3.897713
 1093.000000 4.229496
 1094.000000 3.847420
 1095.000000 3.516927
 1096.000000 3.480400
 1097.000000 3.711311
 1098.000000 3.417232
 1099.000000 3.361964
 1100.000000 3.240789
 1101.000000 2.785020
 1102.000000 1.854615
 1103.000000 1.469244
 1104.000000 1.757232
 1105.000000 3.066106
 1106.000000 2.562708
 1107.000000 2.181071
 1108.000000 1.368185
 1109.000000 1.245315
 1110.000000 1.567030
 1111.000000 1.425080
 1112.000000 1.199723
 1113.000000 1.098013
 1114.000000 1.153139
 1115.000000 1.240966
 1116.000000 0.900806
 1117.000000 0.707016
 1118.000000 0.860963
 1119.000000 1.117424
 1120.000000 1.228774
 1121.000000 1.207098
 1122.000000 1.144246
 1123.000000 1.244976
 1124.000000 1.160054
 1125.000000 1.220183
 1126.000000 1.065219
 1127.000000 0.998938
 1128.000000 1.349663
 1129.000000 1.437528
 1130.000000 1.495971
 1131.000000 1.598060
 1132.000000 1.538752
 1133.000000 1.464937
 1134.000000 1.445998
 1135.000000 1.381828
 1136.000000 1.395709
 1137.000000 1.381625
 1138.000000 1.455379
 1139.000000 1.463993
 1140.000000 1.527085
 1141.000000 1.501426
 1142.000000 1.500063
 1143.000000 1.388398
 1144.000000 1.625311
 1145.000000 1.560431
 1146.000000 1.453970
 1147.000000 1.473130
 1148.000000 1.539398
 1149.000000 1.501036
 1150.000000 1.533852
 1151.000000 1.582421
 1152.000000 1.671157
 1153.000000 1.497418
 1154.000000 1.502728
 1155.000000 1.525236
 1156.000000 1.725165
 1157.000000 1.618030
 1158.000000 1.717928
 1159.000000 1.570726
 1160.000000 1.635112
 1161.000000 1.591172
 1162.000000 1.588706
 1163.000000 1.620472
 1164.000000 1.539211
 1165.000000 1.640345
 1166.000000 1.602731
 1167.000000 1.558605
 1168.000000 1.602736
 1169.000000 1.555177
 1170.000000 1.779870
 1171.000000 1.737480
 1172.000000 1.806400
 1173.000000 1.657274
 1174.000000 1.741357
 1175.000000 1.724151
 1176.000000 1.764970
 1177.000000 1.797214
 1178.000000 1.652617
 1179.000000 1.678804
 1180.000000 1.627107
 1181.000000 1.623302
 1182.000000 1.725986
 1183.000000 1.767725
 1184.000000 1.733453
 1185.000000 1.700817
 1186.000000 1.607056
 1187.000000 1.634350
 1188.000000 1.701601
 1189.000000 1.551868
 1190.000000 1.703598
 1191.000000 1.670020
 1192.000000 1.677166
 1193.000000 1.677722
 1194.000000 1.670463
 1195.000000 1.629801
 1196.000000 1.702246
 1197.000000 1.779537
 1198.000000 1.755853
 1199.000000 1.767158
 1200.000000 1.753808
 1201.000000 1.881900
 1202.000000 1.780497
 1203.000000 1.895048
 1204.000000 1.815772
 1205.000000 1.792188
 1206.000000 1.781275
 1207.000000 1.841457
 1208.000000 1.847919
 1209.000000 1.776340
 1210.000000 1.785538
 1211.000000 1.707452
 1212.000000 1.785205
 1213.000000 1.733415
 1214.000000 1.644549
 1215.000000 1.862977
 1216.000000 1.829346
 1217.000000 1.822051
 1218.000000 1.857276
 1219.000000 1.807189
 1220.000000 1.757114
 1221.000000 1.696928
 1222.000000 1.665779
 1223.000000 1.666863
 1224.000000 2.033438
 1225.000000 1.887838
 1226.000000 2.001036
 1227.000000 1.945794
 1228.000000 2.213677
 1229.000000 2.049934
 1230.000000 2.076630
 1231.000000 1.943896
 1232.000000 2.170617
 1233.000000 2.129531
 1234.000000 2.268416
 1235.000000 2.272151
 1236.000000 2.239854
 1237.000000 2.415239
 1238.000000 2.273248
 1239.000000 2.123588
 1240.000000 2.014676
 1241.000000 2.131224
 1242.000000 1.994211
 1243.000000 1.961243
 1244.000000 1.918170
 1245.000000 1.914986
 1246.000000 1.931095
 1247.000000 1.896102
 1248.000000 1.863546
 1249.000000 1.947971
 1250.000000 1.718706
 1251.000000 2.001588
 1252.000000 1.960911
 1253.000000 1.887414
 1254.000000 1.777230
 1255.000000 1.897817
 1256.000000 1.828876
 1257.000000 1.859337
 1258.000000 1.912813
 1259.000000 1.948348
 1260.000000 1.887454
 1261.000000 1.871682
 1262.000000 1.973234
 1263.000000 2.010071
 1264.000000 1.980365
 1265.000000 1.817398
 1266.000000 1.740292
 1267.000000 1.723811
 1268.000000 1.684420
 1269.000000 1.669269
 1270.000000 1.485535
 1271.000000 1.643125
 1272.000000 1.788190
 1273.000000 1.751757
 1274.000000 1.854563
 1275.000000 2.054008
 1276.000000 1.898038
 1277.000000 1.888686
 1278.000000 1.902207
 1279.000000 2.100003
 1280.000000 1.850873
 1281.000000 1.894792
 1282.000000 1.996898
 1283.000000 1.996195
 1284.000000 1.805116
 1285.000000 1.739591
 1286.000000 1.956911
 1287.000000 1.886736
 1288.000000 1.874526
 1289.000000 1.770033
 1290.000000 1.815568
 1291.000000 1.750951
 1292.000000 1.682750
 1293.000000 1.625812
 1294.000000 1.791803
 1295.000000 1.963479
 1296.000000 2.018698
 1297.000000 1.804711
 1298.000000 1.789629
 1299.000000 1.540781
 1300.000000 1.716728
 1301.000000 1.947282
 1302.000000 1.803952
 1303.000000 1.837770
 1304.000000 1.628272
 1305.000000 1.869235
 1306.000000 1.786343
 1307.000000 1.685985
 1308.000000 1.520880
 1309.000000 1.763735
 1310.000000 1.643040
 1311.000000 1.919441
 1312.000000 1.873383
 1313.000000 1.819749
 1314.000000 1.946428
 1315.000000 2.045223
 1316.000000 2.114637
 1317.000000 1.959207
 1318.000000 1.947347
 1319.000000 1.802177
 1320.000000 1.808453
 1321.000000 1.910325
 1322.000000 1.441313
 1323.000000 1.649479
 1324.000000 1.563884
 1325.000000 1.642082
 1326.000000 1.527548
 1327.000000 1.742791
 1328.000000 1.649659
 1329.000000 1.829127
 1330.000000 2.122220
 1331.000000 1.804793
 1332.000000 1.885141
 1333.000000 2.045797
 1334.000000 1.789241
 1335.000000 1.707078
 1336.000000 2.000457
 1337.000000 1.953043
 1338.000000 2.001386
 1339.000000 1.906301
 1340.000000 1.822150
 1341.000000 1.800370
 1342.000000 1.851041
 1343.000000 2.029323
 1344.000000 2.044263
 1345.000000 1.902972
 1346.000000 2.139284
 1347.000000 1.969586
 1348.000000 2.074594
 1349.000000 1.891581
 1350.000000 1.947200
 1351.000000 1.955240
 1352.000000 1.892030
 1353.000000 1.794533
 1354.000000 1.954044
 1355.000000 1.816499
 1356.000000 1.744616
 1357.000000 1.936699
 1358.000000 1.947360
 1359.000000 1.876847
 1360.000000 1.837468
 1361.000000 1.901276
 1362.000000 1.992710
 1363.000000 1.945709
 1364.000000 1.895888
 1365.000000 1.727153
 1366.000000 1.891653
 1367.000000 1.843439
 1368.000000 1.949944
 1369.000000 1.720635
 1370.000000 1.893968
 1371.000000 1.850331
 1372.000000 1.701635
 1373.000000 1.837080
 1374.000000 1.809744
 1375.000000 1.840568
 1376.000000 1.752599
 1377.000000 1.940895
 1378.000000 1.710185
 1379.000000 1.663368
 1380.000000 1.892085
 1381.000000 1.854191
 1382.000000 1.779975
 1383.000000 2.013101
 1384.000000 1.946746
 1385.000000 2.000467
 1386.000000 2.017291
 1387.000000 2.174210
 1388.000000 1.798063
 1389.000000 1.770596
 1390.000000 1.604343
 1391.000000 1.637755
 1392.000000 1.789730
 1393.000000 1.789087
 1394.000000 1.775436
 1395.000000 1.968352
 1396.000000 1.557261
 1397.000000 1.859757
 1398.000000 2.332638
 1399.000000 2.196547
 1400.000000 2.032690
 1401.000000 1.797983
 1402.000000 1.851168
 1403.000000 1.658235
 1404.000000 1.799202
 1405.000000 1.777904
 1406.000000 1.951444
 1407.000000 1.966422
 1408.000000 1.643394
 1409.000000 1.872929
 1410.000000 1.776469
 1411.000000 1.660268
 1412.000000 1.669951
 1413.000000 1.653867
 1414.000000 1.731879
 1415.000000 1.834630
 1416.000000 1.748627
 1417.000000 1.825861
 1418.000000 1.956984
 1419.000000 2.037883
 1420.000000 1.937889
 1421.000000 1.963978
 1422.000000 1.920168
 1423.000000 1.993656
 1424.000000 1.979090
 1425.000000 1.813965
 1426.000000 1.657641
 1427.000000 1.917077
 1428.000000 2.087288
 1429.000000 1.747227
 1430.000000 1.839463
 1431.000000 2.103830
 1432.000000 1.995839
 1433.000000 2.282636
 1434.000000 2.105631
 1435.000000 2.157252
 1436.000000 2.021007
 1437.000000 2.168883
 1438.000000 2.145876
 1439.000000 2.136200
 1440.000000 2.104951
 1441.000000 2.108038
 1442.000000 2.079798
 1443.000000 2.134114
 1444.000000 2.074945
 1445.000000 2.064698
 1446.000000 2.088463
 1447.000000 2.103145
 1448.000000 2.129412
 1449.000000 2.146914
 1450.000000 2.076851
 1451.000000 2.084653
 1452.000000 1.980502
 1453.000000 2.120179
 1454.000000 2.193431
 1455.000000 2.109592
 1456.000000 1.987390
 1457.000000 1.782390
 1458.000000 1.685187
 1459.000000 1.958784
 1460.000000 1.879020
 1461.000000 1.962098
 1462.000000 1.981287
 1463.000000 2.069719
 1464.000000 2.031005
 1465.000000 1.767265
 1466.000000 2.074517
 1467.000000 2.024950
 1468.000000 2.029166
 1469.000000 1.754568
 1470.000000 2.003685
 1471.000000 1.776345
 1472.000000 1.772127
 1473.000000 2.039494
 1474.000000 1.782478
 1475.000000 1.794339
 1476.000000 1.882363
 1477.000000 1.903338
 1478.000000 1.708299
 1479.000000 1.805218
 1480.000000 1.823765
 1481.000000 1.899614
 1482.000000 1.891088
 1483.000000 1.875994
 1484.000000 1.932596
 1485.000000 1.927355
 1486.000000 1.794098
 1487.000000 1.739516
 1488.000000 1.762830
 1489.000000 1.854964
 1490.000000 1.806679
 1491.000000 1.856762
 1492.000000 1.847081
 1493.000000 1.817937
 1494.000000 1.961040
 1495.000000 1.905630
 1496.000000 1.855319
 1497.000000 1.854920
 1498.000000 1.838008
 1499.000000 1.813955
 1500.000000 1.739093
 1501.000000 1.770771
 1502.000000 1.826217
 1503.000000 1.941374
 1504.000000 1.964584
 1505.000000 1.766323
 1506.000000 1.834233
 1507.000000 1.964317
 1508.000000 1.810959
 1509.000000 1.933289
 1510.000000 1.914897
 1511.000000 1.934957
 1512.000000 1.975905
 1513.000000 1.988206
 1514.000000 1.870211
 1515.000000 1.945902
 1516.000000 1.877373
 1517.000000 1.793234
 1518.000000 1.782861
 1519.000000 1.947441
 1520.000000 1.937786
 1521.000000 1.922317
 1522.000000 2.033290
 1523.000000 1.967676
 1524.000000 1.910138
 1525.000000 1.899280
 1526.000000 1.999345
 1527.000000 1.917881
 1528.000000 2.008184
 1529.000000 1.903706
 1530.000000 1.923623
 1531.000000 1.880636
 1532.000000 2.040833
 1533.000000 1.993181
 1534.000000 2.077106
 1535.000000 2.127062
 1536.000000 2.087577
 1537.000000 1.994233
 1538.000000 2.147626
 1539.000000 2.184206
 1540.000000 2.187987
 1541.000000 2.190933
 1542.000000 2.160933
 1543.000000 2.145009
 1544.000000 2.087177
 1545.000000 2.299473
 1546.000000 2.119565
 1547.000000 2.031468
 1548.000000 2.028419
 1549.000000 2.060660
 1550.000000 1.923161
 1551.000000 2.094140
 1552.000000 1.998511
 1553.000000 2.258542
 1554.000000 2.143030
 1555.000000 2.195515
 1556.000000 2.082620
 1557.000000 2.122300
 1558.000000 2.299206
 1559.000000 1.979012
 1560.000000 2.000972
 1561.000000 1.930336
 1562.000000 2.190994
 1563.000000 2.066164
 1564.000000 2.093732
 1565.000000 1.938660
 1566.000000 1.989483
 1567.000000 1.746390
 1568.000000 1.784280
 1569.000000 1.900064
 1570.000000 2.014477
 1571.000000 1.873673
 1572.000000 1.991626
 1573.000000 1.882010
 1574.000000 2.194512
 1575.000000 1.905568
 1576.000000 1.923068
 1577.000000 1.984606
 1578.000000 1.767816
 1579.000000 1.954642
 1580.000000 2.090055
 1581.000000 2.117058
 1582.000000 2.218395
 1583.000000 2.124553
 1584.000000 2.134366
 1585.000000 2.086486
 1586.000000 2.016103
 1587.000000 1.732555
 1588.000000 1.750569
 1589.000000 1.557227
 1590.000000 1.730463
 1591.000000 1.825590
 1592.000000 1.926293
 1593.000000 1.823080
 1594.000000 1.852758
 1595.000000 1.919400
 1596.000000 1.779704
 1597.000000 1.751551
 1598.000000 1.880806
 1599.000000 1.800411
 1600.000000 1.800571
 1601.000000 1.950783
 1602.000000 1.650300
 1603.000000 1.578769
 1604.000000 1.520995
 1605.000000 1.690305
 1606.000000 1.949219
 1607.000000 1.941106
 1608.000000 2.072187
 1609.000000 2.196566
 1610.000000 2.083792
 1611.000000 2.161806
 1612.000000 2.229851
 1613.000000 2.344083
 1614.000000 2.321433
 1615.000000 2.215073
 1616.000000 2.225000
 1617.000000 2.253943
 1618.000000 2.177888
 1619.000000 2.060324
 1620.000000 2.179263
 1621.000000 2.057429
 1622.000000 2.014708
 1623.000000 2.081365
 1624.000000 1.887782
 1625.000000 1.977671
 1626.000000 1.995505
 1627.000000 1.964211
 1628.000000 1.905491
 1629.000000 1.919882
 1630.000000 1.993624
 1631.000000 1.811200
 1632.000000 1.978381
 1633.000000 2.058422
 1634.000000 1.892131
 1635.000000 1.885881
 1636.000000 1.921355
 1637.000000 1.776999
 1638.000000 1.783132
 1639.000000 1.488861
 1640.000000 1.668566
 1641.000000 1.632781
 1642.000000 1.669422
 1643.000000 1.635648
 1644.000000 1.719320
 1645.000000 1.429248
 1646.000000 1.484095
 1647.000000 1.636317
 1648.000000 1.509660
 1649.000000 1.375313
 1650.000000 1.580284
 1651.000000 1.725914
 1652.000000 1.595707
 1653.000000 1.628818
 1654.000000 1.895238
 1655.000000 1.531157
 1656.000000 1.602479
 1657.000000 1.470826
 1658.000000 0.888439
 1659.000000 0.929033
 1660.000000 1.127957
 1661.000000 1.293895
 1662.000000 1.185289
 1663.000000 1.073108
 1664.000000 0.803908
 1665.000000 0.411419
 1666.000000 0.306034
 1667.000000 0.257437
 1668.000000 0.777938
 1669.000000 0.773547
 1670.000000 0.752636
 1671.000000 0.822847
 1672.000000 0.877827
 1673.000000 0.896442
 1674.000000 1.188021
 1675.000000 1.299241
 1676.000000 1.169527
 1677.000000 1.394871
 1678.000000 2.562753
 1679.000000 3.134701
 1680.000000 3.288758
 1681.000000 4.026187
 1682.000000 4.085513
 1683.000000 4.067922
 1684.000000 3.813259
 1685.000000 2.893678
 1686.000000 2.953440
 1687.000000 2.870333
 1688.000000 2.992389
 1689.000000 3.187729
 1690.000000 4.555895
 1691.000000 3.545637
 1692.000000 3.281969
 1693.000000 4.610992
 1694.000000 3.951743
 1695.000000 3.776501
 1696.000000 3.343388
 1697.000000 3.072816
 1698.000000 3.180172
 1699.000000 1.774162
 1700.000000 1.608766
 1701.000000 2.042353
 1702.000000 3.249373
 1703.000000 3.840146
 1704.000000 5.146222
 1705.000000 4.803845
 1706.000000 3.435935
 1707.000000 2.755358
 1708.000000 1.886131
 1709.000000 3.848134
 1710.000000 3.078088
 1711.000000 3.118335
 1712.000000 3.353638
 1713.000000 3.036897
 1714.000000 2.657478
 1715.000000 3.884482
 1716.000000 4.372346
 1717.000000 3.694052
 1718.000000 3.511305
 1719.000000 4.434489
 1720.000000 4.859957
 1721.000000 4.649498
 1722.000000 4.518320
 1723.000000 4.001380
 1724.000000 3.494485
 1725.000000 2.402576
 1726.000000 1.691101
 1727.000000 1.659925
 1728.000000 1.735425
 1729.000000 1.408434
 1730.000000 1.484990
 1731.000000 0.851430
 1732.000000 0.994057
 1733.000000 0.883633
 1734.000000 0.925527
 1735.000000 1.009036
 1736.000000 1.645133
 1737.000000 1.776986
 1738.000000 1.680996
 1739.000000 2.421607
 1740.000000 2.201861
 1741.000000 2.200364
 1742.000000 2.964406
 1743.000000 1.951917
 1744.000000 3.092758
 1745.000000 2.652175
 1746.000000 2.408583
 1747.000000 2.690778
 1748.000000 3.446022
 1749.000000 2.559569
 1750.000000 2.125640
 1751.000000 2.943277
 1752.000000 3.344867
 1753.000000 3.481720
 1754.000000 3.389853
 1755.000000 3.933773
 1756.000000 3.353409
 1757.000000 2.437813
 1758.000000 2.365210
 1759.000000 2.133076
 1760.000000 2.200299
 1761.000000 2.157203
 1762.000000 2.205229
 1763.000000 2.003578
 1764.000000 1.832886
 1765.000000 1.281067
 1766.000000 2.662332
 1767.000000 2.198150
 1768.000000 2.183431
 1769.000000 1.834020
 1770.000000 3.651041
 1771.000000 4.437097
 1772.000000 4.478756
 1773.000000 4.598000
 1774.000000 4.040393
 1775.000000 3.817320
 1776.000000 3.882113
 1777.000000 3.005536
 1778.000000 4.357426
 1779.000000 3.232416
 1780.000000 2.589550
 1781.000000 3.250437
 1782.000000 3.277681
 1783.000000 3.493037
 1784.000000 3.505814
 1785.000000 3.501485
 1786.000000 3.188522
 1787.000000 2.722809
 1788.000000 3.481308
 1789.000000 4.421486
 1790.000000 4.255001
 1791.000000 4.515050
 1792.000000 4.245979
 1793.000000 4.601895
 1794.000000 4.449206
 1795.000000 4.432626
 1796.000000 4.386029
 1797.000000 4.123984
 1798.000000 3.503310
 1799.000000 2.871493
 1800.000000 2.945315
 1801.000000 2.966822
 1802.000000 3.446241
 1803.000000 3.206250
 1804.000000 2.953772
 1805.000000 2.343439
 1806.000000 2.153445
 1807.000000 1.584245
 1808.000000 1.362401
 1809.000000 1.645606
 1810.000000 1.630258
 1811.000000 1.291052
 1812.000000 1.433130
 1813.000000 1.353205
 1814.000000 1.272940
 1815.000000 0.979550
 1816.000000 0.867094
 1817.000000 0.914425
 1818.000000 0.683595
 1819.000000 1.126229
 1820.000000 0.854950
 1821.000000 1.290417
 1822.000000 1.004186
 1823.000000 1.136712
 1824.000000 1.305660
 1825.000000 1.072437
 1826.000000 1.181732
 1827.000000 0.825323
 1828.000000 0.964138
 1829.000000 0.839008
 1830.000000 1.702170
 1831.000000 2.714205
 1832.000000 4.107847
 1833.000000 3.786503
 1834.000000 3.321705
 1835.000000 2.984501
 1836.000000 2.472756
 1837.000000 2.936912
 1838.000000 3.388843
 1839.000000 3.698630
 1840.000000 3.602622
 1841.000000 3.387893
 1842.000000 3.558086
 1843.000000 3.525561
 1844.000000 3.588407
 1845.000000 3.546947
 1846.000000 3.600240
 1847.000000 3.595619
 1848.000000 3.626002
 1849.000000 3.677423
 1850.000000 3.649257
 1851.000000 3.578381
 1852.000000 3.580035
 1853.000000 3.722274
 1854.000000 3.368838
 1855.000000 3.772340
 1856.000000 3.681042
 1857.000000 3.617144
 1858.000000 2.844154
 1859.000000 3.089020
 1860.000000 3.325576
 1861.000000 4.141507
 1862.000000 3.905671
 1863.000000 3.674921
 1864.000000 2.803004
 1865.000000 3.994418
 1866.000000 3.226252
 1867.000000 3.135695
 1868.000000 2.763860
 1869.000000 2.004954
 1870.000000 3.466017
 1871.000000 4.131285
 1872.000000 3.117427
 1873.000000 3.288377
 1874.000000 4.261101
 1875.000000 4.307418
 1876.000000 4.147388
 1877.000000 4.183605
 1878.000000 4.140203
 1879.000000 4.154927
 1880.000000 4.116977
 1881.000000 4.172615
 1882.000000 4.247500
 1883.000000 4.143792
 1884.000000 4.088448
 1885.000000 4.018927
 1886.000000 4.033291
 1887.000000 4.015508
 1888.000000 3.968191
 1889.000000 3.912960
 1890.000000 4.071174
 1891.000000 4.381637
 1892.000000 4.230071
 1893.000000 4.141397
 1894.000000 4.040760
 1895.000000 4.103102
 1896.000000 4.059541
 1897.000000 4.253695
 1898.000000 4.207764
 1899.000000 4.021808
 1900.000000 2.762744
 1901.000000 2.847492
 1902.000000 3.053279
 1903.000000 3.178536
 1904.000000 2.718316
 1905.000000 3.401766
 1906.000000 3.335188
 1907.000000 4.365173
 1908.000000 4.129195
 1909.000000 4.088200
 1910.000000 4.670027
 1911.000000 3.397295
 1912.000000 4.019594
 1913.000000 4.703855
 1914.000000 4.543546
 1915.000000 3.273518
 1916.000000 2.931234
 1917.000000 3.749811
 1918.000000 3.487442
 1919.000000 3.243936
 1920.000000 2.659124
 1921.000000 2.719459
 1922.000000 2.285306
 1923.000000 2.032780
 1924.000000 2.046317
 1925.000000 1.856500
 1926.000000 1.644360
 1927.000000 1.302515
 1928.000000 1.070903
 1929.000000 1.804455
 1930.000000 1.652815
 1931.000000 1.971609
 1932.000000 1.243427
 1933.000000 1.525409
 1934.000000 1.306860
 1935.000000 1.478850
 1936.000000 1.952857
 1937.000000 2.838729
 1938.000000 1.352853
 1939.000000 1.280046
 1940.000000 1.750320
 1941.000000 1.539815
 1942.000000 0.787733
 1943.000000 0.663012
 1944.000000 0.607327
 1945.000000 0.712444
 1946.000000 0.764605
 1947.000000 0.492262
 1948.000000 0.645253
 1949.000000 0.774793
 1950.000000 0.236326
 1951.000000 0.285845
 1952.000000 0.255544
 1953.000000 0.262908
 1954.000000 0.514850
 1955.000000 0.643481
 1956.000000 0.621065
 1957.000000 0.611929
 1958.000000 0.613053
 1959.000000 0.516111
 1960.000000 0.721534
 1961.000000 0.565939
 1962.000000 0.751594
 1963.000000 0.666913
 1964.000000 0.957317
 1965.000000 2.361685
 1966.000000 2.863821
 1967.000000 2.934214
 1968.000000 3.386558
 1969.000000 3.877035
 1970.000000 3.540506
 1971.000000 3.475914
 1972.000000 3.909241
 1973.000000 3.169530
 1974.000000 3.804797
 1975.000000 3.243553
 1976.000000 3.536412
 1977.000000 3.222647
 1978.000000 3.461205
 1979.000000 3.980935
 1980.000000 3.621775
 1981.000000 4.447984
 1982.000000 4.533717
 1983.000000 4.931875
 1984.000000 4.390026
 1985.000000 4.480784
 1986.000000 4.183731
 1987.000000 3.078294
 1988.000000 3.037616
 1989.000000 2.671111
 1990.000000 3.053292
 1991.000000 2.694246
 1992.000000 4.253852
 1993.000000 3.965189
 1994.000000 3.136304
 1995.000000 3.299018
 1996.000000 3.264234
 1997.000000 3.704287
 1998.000000 3.597643
 1999.000000 3.507676
 2000.000000 3.355677
 2001.000000 3.854367
 2002.000000 3.150110
 2003.000000 3.483970
 2004.000000 3.739517
 2005.000000 3.922591
 2006.000000 3.715447
 2007.000000 3.490680
 2008.000000 3.561428
 2009.000000 4.026181
 2010.000000 3.716727
 2011.000000 3.806189
 2012.000000 3.775701
 2013.000000 2.887605
 2014.000000 3.545935
 2015.000000 3.415961
 2016.000000 3.394277
 2017.000000 3.628420
 2018.000000 4.080307
 2019.000000 4.246849
 2020.000000 4.087844
 2021.000000 4.099872
 2022.000000 4.109555
 2023.000000 4.201478
 2024.000000 4.270064
