#! FIELDS time r2.min
 0.000000 2.292856
 1.000000 2.129240
 2.000000 2.774882
 3.000000 3.428882
 4.000000 2.438067
 5.000000 2.205428
 6.000000 2.135865
 7.000000 2.395365
 8.000000 2.496924
 9.000000 3.367302
 10.000000 2.230573
 11.000000 2.531485
 12.000000 3.617947
 13.000000 3.627323
 14.000000 3.119565
 15.000000 3.370589
 16.000000 3.540245
 17.000000 3.790754
 18.000000 3.466441
 19.000000 3.594617
 20.000000 3.318169
 21.000000 3.988992
 22.000000 3.971083
 23.000000 3.182433
 24.000000 3.018945
 25.000000 0.594494
 26.000000 2.913029
 27.000000 3.948835
 28.000000 3.603793
 29.000000 3.519846
 30.000000 2.120963
 31.000000 2.650286
 32.000000 3.575640
 33.000000 4.106456
 34.000000 3.066002
 35.000000 3.040210
 36.000000 4.290471
 37.000000 4.267393
 38.000000 4.771373
 39.000000 4.079174
 40.000000 3.899764
 41.000000 3.504460
 42.000000 3.161919
 43.000000 4.297175
 44.000000 3.766630
 45.000000 3.158704
 46.000000 3.407663
 47.000000 3.360496
 48.000000 3.372094
 49.000000 3.415033
 50.000000 2.961129
 51.000000 3.046537
 52.000000 2.594627
 53.000000 2.913512
 54.000000 2.574754
 55.000000 2.402552
 56.000000 2.525621
 57.000000 2.619435
 58.000000 2.842242
 59.000000 2.800442
 60.000000 2.637727
 61.000000 2.447454
 62.000000 2.160194
 63.000000 2.435336
 64.000000 2.510667
 65.000000 2.587472
 66.000000 3.382050
 67.000000 4.140327
 68.000000 3.817655
 69.000000 4.069317
 70.000000 4.118088
 71.000000 3.824454
 72.000000 4.250496
 73.000000 4.540032
 74.000000 4.323367
 75.000000 3.341476
 76.000000 3.985963
 77.000000 3.662098
 78.000000 3.417358
 79.000000 3.503063
 80.000000 3.319847
 81.000000 3.500225
 82.000000 3.219945
 83.000000 3.582547
 84.000000 3.056185
 85.000000 3.228926
 86.000000 3.020521
 87.000000 3.394689
 88.000000 3.369637
 89.000000 3.642757
 90.000000 3.724200
 91.000000 3.744087
 92.000000 3.678454
 93.000000 4.141945
 94.000000 4.124221
 95.000000 3.716110
 96.000000 3.230690
 97.000000 3.737028
 98.000000 3.435500
 99.000000 2.824862
 100.000000 3.247489
 101.000000 3.246797
 102.000000 3.909466
 103.000000 3.695424
 104.000000 2.940104
 105.000000 2.290847
 106.000000 3.290998
 107.000000 3.407841
 108.000000 2.911267
 109.000000 2.602102
 110.000000 2.462215
 111.000000 2.730708
 112.000000 2.531790
 113.000000 3.223255
 114.000000 3.347398
 115.000000 3.037149
 116.000000 3.283153
 117.000000 3.100865
 118.000000 2.872126
 119.000000 2.513757
 120.000000 2.730303
 121.000000 2.748281
 122.000000 2.747467
 123.000000 2.586003
 124.000000 2.675792
 125.000000 2.436204
 126.000000 2.163054
 127.000000 2.019429
 128.000000 1.849072
 129.000000 1.427063
 130.000000 1.280187
 131.000000 1.230942
 132.000000 1.962973
 133.000000 2.439538
 134.000000 2.137813
 135.000000 2.434189
 136.000000 2.515554
 137.000000 2.516499
 138.000000 2.167859
 139.000000 2.252049
 140.000000 2.233449
 141.000000 2.215520
 142.000000 3.315232
 143.000000 3.148267
 144.000000 2.668490
 145.000000 2.641746
 146.000000 3.888985
 147.000000 3.821538
 148.000000 3.625238
 149.000000 3.690993
 150.000000 3.634095
 151.000000 3.659488
 152.000000 2.802656
 153.000000 2.905846
 154.000000 3.141152
 155.000000 3.523394
 156.000000 4.105523
 157.000000 3.502526
 158.000000 3.847563
 159.000000 3.584164
 160.000000 3.636191
 161.000000 4.369873
 162.000000 3.829340
 163.000000 4.130388
 164.000000 3.996526
 165.000000 3.042122
 166.000000 2.543344
 167.000000 2.194283
 168.000000 4.258273
 169.000000 3.074079
 170.000000 3.035834
 171.000000 2.765570
 172.000000 2.974673
 173.000000 3.106726
 174.000000 3.285488
 175.000000 3.199026
 176.000000 3.271123
 177.000000 3.149701
 178.000000 3.319294
 179.000000 3.259319
 180.000000 3.336162
 181.000000 3.267395
 182.000000 3.560520
 183.000000 3.232729
 184.000000 3.267609
 185.000000 3.225813
 186.000000 3.326609
 187.000000 3.241950
 188.000000 3.390645
 189.000000 3.273237
 190.000000 3.410320
 191.000000 3.288000
 192.000000 3.584785
 193.000000 3.365108
 194.000000 3.483083
 195.000000 3.576980
 196.000000 3.381010
 197.000000 3.507585
 198.000000 3.347609
 199.000000 3.387375
 200.000000 3.449562
 201.000000 3.489834
 202.000000 3.448262
 203.000000 3.547583
 204.000000 3.605995
 205.000000 3.516439
 206.000000 3.213666
 207.000000 3.330017
 208.000000 3.472376
 209.000000 3.732246
 210.000000 3.937848
 211.000000 3.764461
 212.000000 3.399828
 213.000000 3.476726
 214.000000 3.688790
 215.000000 3.900820
 216.000000 3.985719
 217.000000 3.695075
 218.000000 3.820612
 219.000000 4.036962
 220.000000 3.887170
 221.000000 3.992157
 222.000000 3.960396
 223.000000 3.981901
 224.000000 4.099436
 225.000000 4.206214
 226.000000 3.957638
 227.000000 3.905894
 228.000000 3.963511
 229.000000 3.971535
 230.000000 3.884393
 231.000000 3.946408
 232.000000 3.844918
 233.000000 4.114461
 234.000000 4.077525
 235.000000 4.118046
 236.000000 4.085959
 237.000000 3.966571
 238.000000 3.813479
 239.000000 4.083975
 240.000000 4.338471
 241.000000 4.437512
 242.000000 4.666494
 243.000000 4.547620
 244.000000 3.130952
 245.000000 2.551759
 246.000000 1.078911
 247.000000 1.452458
 248.000000 2.514693
 249.000000 3.270761
 250.000000 3.171063
 251.000000 2.596645
 252.000000 3.173409
 253.000000 3.254800
 254.000000 3.023874
 255.000000 2.936519
 256.000000 2.755342
 257.000000 3.564091
 258.000000 3.049898
 259.000000 2.725601
 260.000000 1.566010
 261.000000 1.391042
 262.000000 3.043323
 263.000000 2.510135
 264.000000 4.416099
 265.000000 3.112577
 266.000000 3.533120
 267.000000 3.669362
 268.000000 2.899118
 269.000000 3.029725
 270.000000 2.723052
 271.000000 3.172551
 272.000000 2.190083
 273.000000 3.243462
 274.000000 3.523224
 275.000000 2.356291
 276.000000 2.868071
 277.000000 3.309009
 278.000000 2.814653
 279.000000 3.968823
 280.000000 2.088514
 281.000000 2.401702
 282.000000 3.294223
 283.000000 3.570891
 284.000000 2.523767
 285.000000 3.653884
 286.000000 3.021408
 287.000000 3.187910
 288.000000 3.834465
 289.000000 2.560353
 290.000000 3.129993
 291.000000 3.630703
 292.000000 4.070819
 293.000000 3.862686
 294.000000 3.771542
 295.000000 3.516583
 296.000000 3.095495
 297.000000 3.286323
 298.000000 2.802754
 299.000000 1.345960
 300.000000 1.599385
 301.000000 1.473337
 302.000000 2.142375
 303.000000 3.036345
 304.000000 3.988470
 305.000000 3.487500
 306.000000 3.483663
 307.000000 3.485073
 308.000000 2.528069
 309.000000 3.201511
 310.000000 2.507347
 311.000000 2.137084
 312.000000 2.481293
 313.000000 3.345048
 314.000000 3.437454
 315.000000 3.336709
 316.000000 3.994437
 317.000000 4.124744
 318.000000 3.103442
 319.000000 2.034666
 320.000000 3.207907
 321.000000 1.999119
 322.000000 2.122059
 323.000000 3.157544
 324.000000 3.150578
 325.000000 4.048786
 326.000000 4.016459
 327.000000 3.990090
 328.000000 3.163509
 329.000000 3.309618
 330.000000 2.618448
 331.000000 3.350685
 332.000000 2.602127
 333.000000 1.827986
 334.000000 2.572230
 335.000000 3.483484
 336.000000 3.548360
 337.000000 3.679265
 338.000000 3.549814
 339.000000 4.063673
 340.000000 3.308603
 341.000000 3.940734
 342.000000 4.053148
 343.000000 3.755977
 344.000000 3.582478
 345.000000 3.150965
 346.000000 3.090215
 347.000000 3.623318
 348.000000 3.292140
 349.000000 3.176809
 350.000000 2.562666
 351.000000 2.599305
 352.000000 2.806920
 353.000000 2.931600
 354.000000 3.450978
 355.000000 3.256207
 356.000000 3.458603
 357.000000 2.924164
 358.000000 2.792258
 359.000000 3.460525
 360.000000 3.562022
 361.000000 3.385386
 362.000000 3.472325
 363.000000 3.804191
 364.000000 3.947010
 365.000000 4.210460
 366.000000 4.302796
 367.000000 4.387185
 368.000000 4.289772
 369.000000 4.439051
 370.000000 4.336688
 371.000000 4.274829
 372.000000 4.214578
 373.000000 4.299491
 374.000000 3.939693
 375.000000 3.887974
 376.000000 3.954433
 377.000000 4.153219
 378.000000 4.046411
 379.000000 4.156657
 380.000000 4.056963
 381.000000 4.013321
 382.000000 3.970606
 383.000000 4.214326
 384.000000 4.212063
 385.000000 4.174321
 386.000000 3.825680
 387.000000 3.897446
 388.000000 3.903347
 389.000000 4.382965
 390.000000 4.249635
 391.000000 4.227599
 392.000000 3.943722
 393.000000 4.028077
 394.000000 4.067021
 395.000000 3.936509
 396.000000 3.933402
 397.000000 3.679812
 398.000000 3.788639
 399.000000 3.533829
 400.000000 3.604429
 401.000000 3.699074
 402.000000 3.719703
 403.000000 3.906630
 404.000000 3.870302
 405.000000 3.816168
 406.000000 3.679624
 407.000000 3.802045
 408.000000 3.927535
 409.000000 3.838971
 410.000000 3.748560
 411.000000 3.874019
 412.000000 3.863329
 413.000000 3.733455
 414.000000 3.673391
 415.000000 3.851372
 416.000000 3.496699
 417.000000 3.864704
 418.000000 3.699751
 419.000000 4.078030
 420.000000 4.579981
 421.000000 2.856540
 422.000000 4.626445
 423.000000 4.747782
 424.000000 4.672827
 425.000000 4.937327
 426.000000 5.095012
 427.000000 5.103736
 428.000000 5.199329
 429.000000 3.424506
 430.000000 4.785790
 431.000000 4.350753
 432.000000 4.361359
 433.000000 4.341799
 434.000000 4.546850
 435.000000 4.862808
 436.000000 5.105434
 437.000000 5.247072
 438.000000 5.207643
 439.000000 5.003601
 440.000000 5.170188
 441.000000 5.046862
 442.000000 4.737090
 443.000000 3.277597
 444.000000 2.959820
 445.000000 2.776873
 446.000000 3.912182
 447.000000 3.272878
 448.000000 3.491361
 449.000000 3.273506
 450.000000 3.587054
 451.000000 3.943506
 452.000000 4.215740
 453.000000 4.637162
 454.000000 4.342258
 455.000000 4.812098
 456.000000 3.800215
 457.000000 2.031001
 458.000000 2.812228
 459.000000 3.692892
 460.000000 3.739726
 461.000000 3.110025
 462.000000 2.438241
 463.000000 2.458415
 464.000000 0.706540
 465.000000 3.276489
 466.000000 4.264141
 467.000000 3.822767
 468.000000 4.281451
 469.000000 4.591066
 470.000000 4.383896
 471.000000 4.203104
 472.000000 4.041359
 473.000000 4.011019
 474.000000 3.514910
 475.000000 3.872554
 476.000000 3.626237
 477.000000 3.092725
 478.000000 2.296261
 479.000000 1.603271
 480.000000 1.377744
 481.000000 0.241471
 482.000000 0.255627
 483.000000 1.240391
 484.000000 2.636732
 485.000000 3.302586
 486.000000 3.911660
 487.000000 4.120308
 488.000000 3.400103
 489.000000 3.630931
 490.000000 3.895202
 491.000000 2.892725
 492.000000 2.874929
 493.000000 3.637436
 494.000000 3.066463
 495.000000 4.212352
 496.000000 4.085504
 497.000000 3.064810
 498.000000 3.524523
 499.000000 3.494292
 500.000000 3.751923
 501.000000 4.347536
 502.000000 3.399492
 503.000000 2.891275
 504.000000 3.940127
 505.000000 2.111926
 506.000000 2.581998
 507.000000 2.881479
 508.000000 2.630636
 509.000000 2.841038
 510.000000 3.261443
 511.000000 3.026560
 512.000000 2.066761
 513.000000 3.476311
 514.000000 3.495900
 515.000000 3.377899
 516.000000 4.130541
 517.000000 3.148813
 518.000000 3.775477
 519.000000 3.333450
 520.000000 3.387761
 521.000000 3.581725
 522.000000 4.444310
 523.000000 3.337016
 524.000000 3.231446
 525.000000 2.401123
 526.000000 1.449806
 527.000000 2.262834
 528.000000 2.639273
 529.000000 2.587869
 530.000000 2.729841
 531.000000 3.842995
 532.000000 3.851867
 533.000000 2.686138
 534.000000 0.792330
 535.000000 0.746089
 536.000000 1.321295
 537.000000 2.687452
 538.000000 2.950770
 539.000000 2.783499
 540.000000 3.057001
 541.000000 2.681717
 542.000000 3.308706
 543.000000 2.436544
 544.000000 2.359952
 545.000000 2.481785
 546.000000 3.051980
 547.000000 3.009088
 548.000000 3.348293
 549.000000 3.426991
 550.000000 2.453182
 551.000000 2.126795
 552.000000 2.451564
 553.000000 2.692188
 554.000000 3.636077
 555.000000 3.732177
 556.000000 2.868307
 557.000000 2.357308
 558.000000 2.882724
 559.000000 2.519806
 560.000000 2.696890
 561.000000 2.693886
 562.000000 2.983955
 563.000000 2.445092
 564.000000 2.478023
 565.000000 2.672190
 566.000000 2.792345
 567.000000 2.941435
 568.000000 3.059156
 569.000000 2.868739
 570.000000 2.702848
 571.000000 2.462334
 572.000000 1.935834
 573.000000 1.991863
 574.000000 1.889479
 575.000000 1.793480
 576.000000 1.791694
 577.000000 1.863671
 578.000000 2.074762
 579.000000 3.429299
 580.000000 2.753272
 581.000000 3.284122
 582.000000 3.244432
 583.000000 3.723244
 584.000000 3.781673
 585.000000 2.929819
 586.000000 3.407109
 587.000000 3.328526
 588.000000 1.549093
 589.000000 2.450962
 590.000000 2.819275
 591.000000 3.722980
 592.000000 4.634268
 593.000000 4.120988
 594.000000 4.031644
 595.000000 4.341108
 596.000000 4.389948
 597.000000 4.654752
 598.000000 4.524389
 599.000000 4.424131
 600.000000 4.511475
 601.000000 4.832117
 602.000000 4.905381
 603.000000 4.639793
 604.000000 4.559886
 605.000000 4.168152
 606.000000 4.437679
 607.000000 4.529549
 608.000000 4.374069
 609.000000 4.367029
 610.000000 4.496053
 611.000000 4.597764
 612.000000 4.515005
 613.000000 4.489997
 614.000000 4.677585
 615.000000 4.656866
 616.000000 4.624911
 617.000000 4.655208
 618.000000 3.637525
 619.000000 4.927973
 620.000000 4.758523
 621.000000 4.952592
 622.000000 5.046279
 623.000000 4.911242
 624.000000 3.063246
 625.000000 4.836421
 626.000000 4.818073
 627.000000 2.873729
 628.000000 4.846846
 629.000000 2.733267
 630.000000 2.928753
 631.000000 2.968974
 632.000000 2.922500
 633.000000 3.275585
 634.000000 4.776688
 635.000000 4.912574
 636.000000 4.896592
 637.000000 2.868750
 638.000000 2.899736
 639.000000 4.799478
 640.000000 4.771731
 641.000000 3.097908
 642.000000 4.788478
 643.000000 3.077679
 644.000000 3.149447
 645.000000 3.643846
 646.000000 4.989233
 647.000000 4.832041
 648.000000 3.812425
 649.000000 3.940488
 650.000000 3.733783
 651.000000 3.777566
 652.000000 3.747643
 653.000000 4.571869
 654.000000 4.768668
 655.000000 4.559042
 656.000000 4.653125
 657.000000 4.676573
 658.000000 4.528075
 659.000000 4.505065
 660.000000 4.051338
 661.000000 3.810610
 662.000000 3.884515
 663.000000 3.779069
 664.000000 3.691896
 665.000000 3.825858
 666.000000 3.867438
 667.000000 4.017103
 668.000000 4.066654
 669.000000 4.133630
 670.000000 4.116295
 671.000000 4.036162
 672.000000 4.069441
 673.000000 4.013870
 674.000000 4.074494
 675.000000 4.114730
 676.000000 4.032693
 677.000000 4.022477
 678.000000 4.117617
 679.000000 4.304036
 680.000000 3.975847
 681.000000 3.880721
 682.000000 3.645362
 683.000000 3.513669
 684.000000 3.632271
 685.000000 3.690740
 686.000000 3.792106
 687.000000 3.611735
 688.000000 3.588244
 689.000000 3.762693
 690.000000 3.887854
 691.000000 3.879597
 692.000000 3.690949
 693.000000 3.919931
 694.000000 3.706842
 695.000000 3.992200
 696.000000 4.045259
 697.000000 4.140063
 698.000000 3.663278
 699.000000 3.718740
 700.000000 3.622679
 701.000000 3.485256
 702.000000 3.277309
 703.000000 2.922548
 704.000000 3.379154
 705.000000 1.924181
 706.000000 2.543644
 707.000000 3.557116
 708.000000 3.454786
 709.000000 3.800227
 710.000000 4.185332
 711.000000 3.567209
 712.000000 2.976906
 713.000000 3.617576
 714.000000 2.989229
 715.000000 3.532922
 716.000000 3.322111
 717.000000 3.725252
 718.000000 2.499931
 719.000000 1.987089
 720.000000 2.499570
 721.000000 1.948947
 722.000000 3.131741
 723.000000 3.579165
 724.000000 2.465761
 725.000000 2.025703
 726.000000 3.212684
 727.000000 3.044147
 728.000000 3.566425
 729.000000 3.284532
 730.000000 3.688101
 731.000000 3.287409
 732.000000 2.343465
 733.000000 2.822704
 734.000000 4.558750
 735.000000 4.487509
 736.000000 3.855169
 737.000000 3.077490
 738.000000 3.825065
 739.000000 2.852901
 740.000000 3.754926
 741.000000 3.048367
 742.000000 4.115142
 743.000000 2.691158
 744.000000 4.004580
 745.000000 3.693925
 746.000000 3.232139
 747.000000 3.073209
 748.000000 3.848277
 749.000000 3.905729
 750.000000 3.509980
 751.000000 3.315837
 752.000000 3.690764
 753.000000 3.922031
 754.000000 3.667846
 755.000000 3.356994
 756.000000 3.222266
 757.000000 3.025494
 758.000000 1.918615
 759.000000 2.456740
 760.000000 1.951855
 761.000000 1.767528
 762.000000 1.579463
 763.000000 1.484284
 764.000000 2.515437
 765.000000 2.584598
 766.000000 2.609743
 767.000000 3.202185
 768.000000 3.961672
 769.000000 3.689171
 770.000000 4.094853
 771.000000 4.282294
 772.000000 4.391617
 773.000000 4.150303
 774.000000 3.909494
 775.000000 1.800456
 776.000000 2.149336
 777.000000 2.400920
 778.000000 1.605178
 779.000000 1.461608
 780.000000 2.543592
 781.000000 1.916329
 782.000000 2.101220
 783.000000 1.560546
 784.000000 2.358247
 785.000000 2.926674
 786.000000 3.539336
 787.000000 2.348703
 788.000000 3.830137
 789.000000 2.966355
 790.000000 3.731582
 791.000000 3.950272
 792.000000 4.120506
 793.000000 3.854594
 794.000000 4.505770
 795.000000 3.866854
 796.000000 3.667298
 797.000000 3.960265
 798.000000 3.600915
 799.000000 2.734390
 800.000000 2.381368
 801.000000 3.257412
 802.000000 2.645605
 803.000000 3.382873
 804.000000 3.358537
 805.000000 3.207981
 806.000000 3.193828
 807.000000 2.740981
 808.000000 2.692348
 809.000000 3.167135
 810.000000 2.885342
 811.000000 3.178091
 812.000000 3.169016
 813.000000 3.169930
 814.000000 2.934738
 815.000000 2.508234
 816.000000 3.259726
 817.000000 4.001674
 818.000000 3.914058
 819.000000 3.961258
 820.000000 4.167728
 821.000000 4.103791
 822.000000 3.565454
 823.000000 3.195393
 824.000000 2.796840
 825.000000 3.253337
 826.000000 2.595863
 827.000000 1.999651
 828.000000 1.157932
 829.000000 2.202094
 830.000000 2.366323
 831.000000 2.397743
 832.000000 1.898894
 833.000000 2.036239
 834.000000 2.101575
 835.000000 2.680987
 836.000000 3.252156
 837.000000 2.652494
 838.000000 3.213327
 839.000000 2.560908
 840.000000 2.987191
 841.000000 3.423860
 842.000000 2.721423
 843.000000 2.994781
 844.000000 3.580058
 845.000000 3.128614
 846.000000 2.954697
 847.000000 3.106474
 848.000000 3.015247
 849.000000 3.578638
 850.000000 3.734845
 851.000000 3.477951
 852.000000 3.202515
 853.000000 3.471578
 854.000000 3.323311
 855.000000 4.113371
 856.000000 4.035899
 857.000000 3.744675
 858.000000 4.066928
 859.000000 3.964195
 860.000000 3.767818
 861.000000 3.907513
 862.000000 3.640696
 863.000000 3.811546
 864.000000 4.187158
 865.000000 3.184465
 866.000000 2.757544
 867.000000 3.600878
 868.000000 3.304089
 869.000000 2.577116
 870.000000 3.010864
 871.000000 3.981149
 872.000000 3.948624
 873.000000 3.223411
 874.000000 3.210156
 875.000000 3.456759
 876.000000 3.207650
 877.000000 3.852808
 878.000000 3.386963
 879.000000 3.419189
 880.000000 2.695094
 881.000000 4.049927
 882.000000 3.047838
 883.000000 4.226106
 884.000000 3.776706
 885.000000 4.257603
 886.000000 3.936220
 887.000000 3.409272
 888.000000 3.746116
 889.000000 3.967293
 890.000000 3.745501
 891.000000 3.372521
 892.000000 3.755987
 893.000000 3.963584
 894.000000 3.957069
 895.000000 3.769706
 896.000000 3.256188
 897.000000 3.307860
 898.000000 3.421577
 899.000000 3.649953
 900.000000 3.299870
 901.000000 3.441761
 902.000000 3.675099
 903.000000 3.956930
 904.000000 4.046723
 905.000000 3.917896
 906.000000 3.189381
 907.000000 2.486696
 908.000000 1.877256
 909.000000 1.821410
 910.000000 1.790800
 911.000000 1.791592
 912.000000 1.874807
 913.000000 1.849010
 914.000000 1.836362
 915.000000 1.716887
 916.000000 1.674815
 917.000000 1.737870
 918.000000 1.765906
 919.000000 1.699638
 920.000000 1.894369
 921.000000 1.983828
 922.000000 2.085596
 923.000000 2.308376
 924.000000 2.410059
 925.000000 2.134207
 926.000000 2.341197
 927.000000 2.153463
 928.000000 2.196116
 929.000000 2.276613
 930.000000 2.372057
 931.000000 2.355129
 932.000000 2.183537
 933.000000 2.156828
 934.000000 2.337041
 935.000000 2.121513
 936.000000 2.085210
 937.000000 2.029345
 938.000000 2.176776
 939.000000 2.323712
 940.000000 2.324957
 941.000000 2.210800
 942.000000 2.149740
 943.000000 2.152393
 944.000000 1.986085
 945.000000 1.930578
 946.000000 1.942396
 947.000000 1.888402
 948.000000 1.761117
 949.000000 1.910643
 950.000000 1.933550
 951.000000 1.962012
 952.000000 1.989523
 953.000000 1.959995
 954.000000 2.311522
 955.000000 2.334850
 956.000000 2.289834
 957.000000 2.290210
 958.000000 2.224162
 959.000000 2.207677
 960.000000 2.265567
 961.000000 2.184632
 962.000000 2.395710
 963.000000 2.250101
 964.000000 1.866412
 965.000000 2.279419
 966.000000 2.169776
 967.000000 2.230660
 968.000000 2.242853
 969.000000 2.356807
 970.000000 2.262731
 971.000000 2.196866
 972.000000 2.183402
 973.000000 2.251187
 974.000000 2.221880
 975.000000 2.171129
 976.000000 2.258452
 977.000000 2.140062
 978.000000 3.041631
 979.000000 3.046034
 980.000000 3.020826
 981.000000 2.329037
 982.000000 3.672052
 983.000000 3.152592
 984.000000 2.862759
 985.000000 3.897271
 986.000000 3.238772
 987.000000 3.943465
 988.000000 3.582105
 989.000000 3.236215
 990.000000 2.692689
 991.000000 2.952336
 992.000000 4.016864
 993.000000 4.006287
 994.000000 3.839765
 995.000000 3.285992
 996.000000 3.632689
 997.000000 3.509404
 998.000000 1.991741
 999.000000 2.378152
 1000.000000 2.272284
 1001.000000 1.502865
 1002.000000 1.077794
 1003.000000 0.928564
 1004.000000 1.165548
 1005.000000 1.056188
 1006.000000 0.951472
 1007.000000 1.001570
 1008.000000 0.932090
 1009.000000 1.446902
 1010.000000 1.111937
 1011.000000 0.574172
 1012.000000 1.745509
 1013.000000 1.749810
 1014.000000 1.833200
 1015.000000 2.097097
 1016.000000 2.099916
 1017.000000 2.042768
 1018.000000 1.704277
 1019.000000 1.844859
 1020.000000 1.628076
 1021.000000 1.677634
 1022.000000 1.581903
 1023.000000 1.415186
 1024.000000 1.326145
 1025.000000 1.261906
 1026.000000 1.360085
 1027.000000 1.633602
 1028.000000 1.582014
 1029.000000 1.168412
 1030.000000 1.200531
 1031.000000 1.443270
 1032.000000 1.082945
 1033.000000 1.381161
 1034.000000 1.387695
 1035.000000 1.273598
 1036.000000 1.354068
 1037.000000 1.545877
 1038.000000 1.547275
 1039.000000 1.761749
 1040.000000 1.885969
 1041.000000 2.952192
 1042.000000 3.063212
 1043.000000 3.702584
 1044.000000 3.358956
 1045.000000 3.672486
 1046.000000 3.887191
 1047.000000 3.714665
 1048.000000 4.047255
 1049.000000 4.121812
 1050.000000 4.342567
 1051.000000 4.033844
 1052.000000 3.793046
 1053.000000 3.449137
 1054.000000 3.575444
 1055.000000 3.690492
 1056.000000 3.162518
 1057.000000 3.365156
 1058.000000 3.665252
 1059.000000 3.589423
 1060.000000 3.550369
 1061.000000 3.928319
 1062.000000 3.876602
 1063.000000 3.928277
 1064.000000 4.469780
 1065.000000 4.266111
 1066.000000 3.935666
 1067.000000 3.516439
 1068.000000 3.858583
 1069.000000 4.063264
 1070.000000 3.976618
 1071.000000 4.061105
 1072.000000 3.491017
 1073.000000 3.694948
 1074.000000 2.746494
 1075.000000 2.805711
 1076.000000 1.894902
 1077.000000 2.265750
 1078.000000 3.414064
 1079.000000 3.779438
 1080.000000 2.830358
 1081.000000 1.196001
 1082.000000 1.277345
 1083.000000 3.027284
 1084.000000 3.441979
 1085.000000 2.550874
 1086.000000 3.753800
 1087.000000 3.740637
 1088.000000 3.094081
 1089.000000 4.644931
 1090.000000 4.443631
 1091.000000 3.971455
 1092.000000 3.328741
 1093.000000 3.798559
 1094.000000 3.232850
 1095.000000 2.906769
 1096.000000 3.145529
 1097.000000 3.798849
 1098.000000 3.685417
 1099.000000 3.587958
 1100.000000 3.595523
 1101.000000 3.296090
 1102.000000 2.335520
 1103.000000 1.943506
 1104.000000 1.812401
 1105.000000 2.683041
 1106.000000 2.449174
 1107.000000 1.898937
 1108.000000 1.925993
 1109.000000 1.782845
 1110.000000 1.995515
 1111.000000 2.212111
 1112.000000 1.524862
 1113.000000 1.530877
 1114.000000 1.680802
 1115.000000 2.330213
 1116.000000 2.194369
 1117.000000 1.501575
 1118.000000 2.130472
 1119.000000 2.083587
 1120.000000 1.874266
 1121.000000 1.850648
 1122.000000 1.720397
 1123.000000 2.336872
 1124.000000 1.728791
 1125.000000 2.556063
 1126.000000 2.727180
 1127.000000 2.411722
 1128.000000 2.734509
 1129.000000 2.775988
 1130.000000 2.830609
 1131.000000 2.755277
 1132.000000 2.756576
 1133.000000 2.870979
 1134.000000 2.501474
 1135.000000 2.657684
 1136.000000 2.638289
 1137.000000 2.710121
 1138.000000 2.467022
 1139.000000 2.249989
 1140.000000 2.452067
 1141.000000 2.359183
 1142.000000 2.199912
 1143.000000 2.419590
 1144.000000 1.951534
 1145.000000 2.053333
 1146.000000 1.996551
 1147.000000 2.073551
 1148.000000 1.963121
 1149.000000 1.960523
 1150.000000 2.004981
 1151.000000 2.187742
 1152.000000 2.221288
 1153.000000 2.433224
 1154.000000 2.462119
 1155.000000 2.650486
 1156.000000 2.492901
 1157.000000 2.255176
 1158.000000 2.344661
 1159.000000 2.200155
 1160.000000 2.493046
 1161.000000 2.512478
 1162.000000 2.543218
 1163.000000 2.376897
 1164.000000 2.199777
 1165.000000 2.271440
 1166.000000 2.473253
 1167.000000 2.081174
 1168.000000 2.315704
 1169.000000 2.681980
 1170.000000 2.909897
 1171.000000 2.601238
 1172.000000 2.372761
 1173.000000 2.448451
 1174.000000 2.400953
 1175.000000 2.321182
 1176.000000 2.437293
 1177.000000 2.443802
 1178.000000 2.128720
 1179.000000 2.013867
 1180.000000 2.058000
 1181.000000 2.072269
 1182.000000 1.596636
 1183.000000 1.877546
 1184.000000 2.191147
 1185.000000 1.808977
 1186.000000 1.984480
 1187.000000 1.700169
 1188.000000 1.649929
 1189.000000 1.774851
 1190.000000 1.872003
 1191.000000 1.780794
 1192.000000 1.814279
 1193.000000 1.953314
 1194.000000 1.820575
 1195.000000 1.763032
 1196.000000 1.998882
 1197.000000 1.987286
 1198.000000 1.921972
 1199.000000 1.798504
 1200.000000 1.895016
 1201.000000 1.896412
 1202.000000 1.931124
 1203.000000 1.871436
 1204.000000 1.959497
 1205.000000 1.839863
 1206.000000 1.974948
 1207.000000 1.958565
 1208.000000 2.015397
 1209.000000 1.841075
 1210.000000 2.004325
 1211.000000 1.886719
 1212.000000 1.716160
 1213.000000 1.774557
 1214.000000 1.902918
 1215.000000 1.945738
 1216.000000 1.809481
 1217.000000 1.951796
 1218.000000 1.677595
 1219.000000 1.558643
 1220.000000 1.524436
 1221.000000 1.996992
 1222.000000 1.904080
 1223.000000 1.953183
 1224.000000 1.928671
 1225.000000 1.801013
 1226.000000 1.917666
 1227.000000 1.832462
 1228.000000 1.940471
 1229.000000 1.914352
 1230.000000 1.837241
 1231.000000 1.897422
 1232.000000 1.905508
 1233.000000 2.073516
 1234.000000 2.213008
 1235.000000 2.114473
 1236.000000 1.979450
 1237.000000 2.083493
 1238.000000 2.023019
 1239.000000 1.936392
 1240.000000 2.212947
 1241.000000 2.284891
 1242.000000 2.044031
 1243.000000 2.307706
 1244.000000 2.099263
 1245.000000 2.224320
 1246.000000 2.085143
 1247.000000 2.112762
 1248.000000 2.166567
 1249.000000 2.174226
 1250.000000 2.039739
 1251.000000 2.094675
 1252.000000 2.102535
 1253.000000 2.063789
 1254.000000 2.008633
 1255.000000 1.989424
 1256.000000 2.007525
 1257.000000 1.922985
 1258.000000 1.964747
 1259.000000 1.982696
 1260.000000 1.809436
 1261.000000 1.972448
 1262.000000 1.930241
 1263.000000 1.923086
 1264.000000 1.949546
 1265.000000 1.881051
 1266.000000 1.820983
 1267.000000 1.893966
 1268.000000 1.799217
 1269.000000 1.803238
 1270.000000 1.778947
 1271.000000 2.052630
 1272.000000 2.041402
 1273.000000 2.082104
 1274.000000 1.952500
 1275.000000 2.064810
 1276.000000 2.111518
 1277.000000 2.396254
 1278.000000 2.311973
 1279.000000 2.607905
 1280.000000 2.436083
 1281.000000 2.458108
 1282.000000 2.623529
 1283.000000 2.569615
 1284.000000 2.377966
 1285.000000 2.433912
 1286.000000 2.534598
 1287.000000 2.344788
 1288.000000 2.460300
 1289.000000 2.485488
 1290.000000 2.424809
 1291.000000 2.332057
 1292.000000 2.226846
 1293.000000 2.361109
 1294.000000 2.375335
 1295.000000 2.567973
 1296.000000 2.005847
 1297.000000 1.745241
 1298.000000 1.800658
 1299.000000 1.662996
 1300.000000 1.797601
 1301.000000 2.149992
 1302.000000 2.002558
 1303.000000 2.049156
 1304.000000 1.830804
 1305.000000 2.063324
 1306.000000 1.952915
 1307.000000 1.898530
 1308.000000 1.892028
 1309.000000 1.955516
 1310.000000 2.058213
 1311.000000 2.217396
 1312.000000 2.143636
 1313.000000 2.056159
 1314.000000 2.228475
 1315.000000 2.407857
 1316.000000 2.523136
 1317.000000 2.384126
 1318.000000 2.536558
 1319.000000 2.360485
 1320.000000 2.367346
 1321.000000 2.597210
 1322.000000 2.279737
 1323.000000 2.217857
 1324.000000 2.313821
 1325.000000 2.058685
 1326.000000 2.047229
 1327.000000 2.081624
 1328.000000 2.215868
 1329.000000 2.271756
 1330.000000 2.552566
 1331.000000 2.154170
 1332.000000 2.096068
 1333.000000 2.313884
 1334.000000 2.282906
 1335.000000 2.203913
 1336.000000 2.020889
 1337.000000 2.073061
 1338.000000 2.182884
 1339.000000 2.078840
 1340.000000 1.903236
 1341.000000 2.113019
 1342.000000 2.555649
 1343.000000 2.410599
 1344.000000 2.910143
 1345.000000 3.086537
 1346.000000 3.117992
 1347.000000 2.942977
 1348.000000 2.755278
 1349.000000 2.867564
 1350.000000 2.594533
 1351.000000 2.567397
 1352.000000 2.767039
 1353.000000 3.417032
 1354.000000 3.490602
 1355.000000 3.195451
 1356.000000 3.385499
 1357.000000 3.363802
 1358.000000 3.005253
 1359.000000 3.458277
 1360.000000 3.830552
 1361.000000 4.060177
 1362.000000 3.957026
 1363.000000 4.087874
 1364.000000 4.365652
 1365.000000 4.813679
 1366.000000 4.732139
 1367.000000 4.894666
 1368.000000 4.911910
 1369.000000 4.816073
 1370.000000 4.299938
 1371.000000 4.224766
 1372.000000 4.363963
 1373.000000 4.215683
 1374.000000 4.358942
 1375.000000 4.740280
 1376.000000 4.265734
 1377.000000 4.151468
 1378.000000 4.646456
 1379.000000 4.279352
 1380.000000 3.823884
 1381.000000 4.149989
 1382.000000 4.034124
 1383.000000 4.514219
 1384.000000 4.412516
 1385.000000 4.184651
 1386.000000 3.715668
 1387.000000 3.974877
 1388.000000 4.185261
 1389.000000 3.940393
 1390.000000 4.145246
 1391.000000 4.210219
 1392.000000 4.888035
 1393.000000 4.990159
 1394.000000 4.873042
 1395.000000 4.924477
 1396.000000 4.778351
 1397.000000 4.721645
 1398.000000 4.659993
 1399.000000 4.548237
 1400.000000 4.349984
 1401.000000 4.119869
 1402.000000 4.586367
 1403.000000 4.604657
 1404.000000 4.516312
 1405.000000 3.991211
 1406.000000 4.352437
 1407.000000 4.258414
 1408.000000 4.001360
 1409.000000 3.690753
 1410.000000 3.643576
 1411.000000 3.083047
 1412.000000 3.510247
 1413.000000 3.354206
 1414.000000 3.438717
 1415.000000 3.245385
 1416.000000 2.621785
 1417.000000 2.863195
 1418.000000 2.991671
 1419.000000 3.235871
 1420.000000 3.441469
 1421.000000 3.308848
 1422.000000 3.187328
 1423.000000 3.071435
 1424.000000 2.427486
 1425.000000 2.893701
 1426.000000 2.731311
 1427.000000 2.797733
 1428.000000 3.387653
 1429.000000 3.311251
 1430.000000 3.185979
 1431.000000 3.409300
 1432.000000 3.028832
 1433.000000 3.128354
 1434.000000 3.689155
 1435.000000 3.496648
 1436.000000 3.462453
 1437.000000 3.323389
 1438.000000 3.263307
 1439.000000 3.279185
 1440.000000 3.424550
 1441.000000 2.819487
 1442.000000 3.071580
 1443.000000 3.215728
 1444.000000 3.453457
 1445.000000 3.602764
 1446.000000 3.348600
 1447.000000 3.366133
 1448.000000 3.504069
 1449.000000 3.457541
 1450.000000 3.439061
 1451.000000 3.939976
 1452.000000 4.218871
 1453.000000 4.402721
 1454.000000 4.176273
 1455.000000 4.362944
 1456.000000 4.162574
 1457.000000 4.088963
 1458.000000 4.021820
 1459.000000 3.958298
 1460.000000 3.924987
 1461.000000 3.797585
 1462.000000 3.925908
 1463.000000 3.830496
 1464.000000 4.092436
 1465.000000 4.063367
 1466.000000 4.337837
 1467.000000 4.417585
 1468.000000 4.473126
 1469.000000 4.353966
 1470.000000 4.353818
 1471.000000 4.185223
 1472.000000 4.357219
 1473.000000 4.513390
 1474.000000 4.210907
 1475.000000 4.013479
 1476.000000 4.188464
 1477.000000 4.008404
 1478.000000 3.847841
 1479.000000 4.082885
 1480.000000 4.334637
 1481.000000 4.062568
 1482.000000 3.923674
 1483.000000 4.204276
 1484.000000 4.149153
 1485.000000 4.168843
 1486.000000 3.899909
 1487.000000 3.449541
 1488.000000 2.787662
 1489.000000 3.153844
 1490.000000 3.572080
 1491.000000 3.999047
 1492.000000 3.908325
 1493.000000 3.616785
 1494.000000 4.109181
 1495.000000 4.271499
 1496.000000 4.439600
 1497.000000 4.426757
 1498.000000 4.339124
 1499.000000 4.369453
 1500.000000 4.519327
 1501.000000 4.269278
 1502.000000 4.400308
 1503.000000 4.619876
 1504.000000 4.616615
 1505.000000 4.544530
 1506.000000 4.537755
 1507.000000 4.304704
 1508.000000 3.857697
 1509.000000 3.871955
 1510.000000 4.053436
 1511.000000 3.606141
 1512.000000 3.619914
 1513.000000 3.848739
 1514.000000 4.156894
 1515.000000 4.055706
 1516.000000 4.206191
 1517.000000 4.331968
 1518.000000 4.313698
 1519.000000 4.222844
 1520.000000 4.093758
 1521.000000 4.158068
 1522.000000 3.757287
 1523.000000 3.445998
 1524.000000 3.241704
 1525.000000 3.272556
 1526.000000 2.994161
 1527.000000 3.054977
 1528.000000 2.902815
 1529.000000 2.694808
 1530.000000 3.313683
 1531.000000 3.517953
 1532.000000 3.654463
 1533.000000 3.886303
 1534.000000 4.294877
 1535.000000 4.423783
 1536.000000 4.323037
 1537.000000 4.377296
 1538.000000 4.302673
 1539.000000 4.151388
 1540.000000 4.228332
 1541.000000 4.381936
 1542.000000 4.151063
 1543.000000 4.028245
 1544.000000 4.606063
 1545.000000 4.056163
 1546.000000 4.412380
 1547.000000 4.438987
 1548.000000 4.495180
 1549.000000 4.792586
 1550.000000 4.890034
 1551.000000 5.132255
 1552.000000 5.072335
 1553.000000 5.098181
 1554.000000 5.096952
 1555.000000 4.933927
 1556.000000 4.912611
 1557.000000 4.930196
 1558.000000 4.682805
 1559.000000 4.251768
 1560.000000 3.976785
 1561.000000 3.755663
 1562.000000 2.994838
 1563.000000 3.150234
 1564.000000 3.259056
 1565.000000 3.406691
 1566.000000 3.563448
 1567.000000 3.194332
 1568.000000 3.138966
 1569.000000 3.068863
 1570.000000 3.508157
 1571.000000 3.416538
 1572.000000 3.261750
 1573.000000 3.775237
 1574.000000 3.726476
 1575.000000 3.253639
 1576.000000 3.676497
 1577.000000 3.486162
 1578.000000 3.230120
 1579.000000 3.434235
 1580.000000 3.100029
 1581.000000 3.146589
 1582.000000 3.028206
 1583.000000 2.980103
 1584.000000 2.639572
 1585.000000 2.538729
 1586.000000 2.582909
 1587.000000 2.533802
 1588.000000 2.599217
 1589.000000 2.731178
 1590.000000 3.102205
 1591.000000 3.435763
 1592.000000 3.692532
 1593.000000 3.629049
 1594.000000 3.214149
 1595.000000 3.663022
 1596.000000 3.754919
 1597.000000 3.707137
 1598.000000 4.172200
 1599.000000 4.163531
 1600.000000 3.874269
 1601.000000 3.852504
 1602.000000 3.634853
 1603.000000 3.973743
 1604.000000 3.745721
 1605.000000 3.621614
 1606.000000 3.917813
 1607.000000 4.207568
 1608.000000 4.154120
 1609.000000 4.272455
 1610.000000 4.005370
 1611.000000 4.096015
 1612.000000 3.637847
 1613.000000 3.773796
 1614.000000 3.736130
 1615.000000 3.550468
 1616.000000 3.385747
 1617.000000 3.138801
 1618.000000 2.807046
 1619.000000 2.691146
 1620.000000 2.923825
 1621.000000 3.036647
 1622.000000 2.741021
 1623.000000 2.943280
 1624.000000 3.039734
 1625.000000 3.512296
 1626.000000 3.520162
 1627.000000 3.038301
 1628.000000 3.237340
 1629.000000 3.563866
 1630.000000 3.235293
 1631.000000 3.437551
 1632.000000 3.138012
 1633.000000 3.182158
 1634.000000 3.369540
 1635.000000 3.215753
 1636.000000 3.126703
 1637.000000 3.316945
 1638.000000 3.053836
 1639.000000 2.619117
 1640.000000 2.825717
 1641.000000 2.566328
 1642.000000 2.520358
 1643.000000 2.486323
 1644.000000 2.547629
 1645.000000 2.785277
 1646.000000 2.994556
 1647.000000 3.126091
 1648.000000 3.367622
 1649.000000 3.404471
 1650.000000 3.402942
 1651.000000 3.392758
 1652.000000 3.064354
 1653.000000 3.257267
 1654.000000 3.371509
 1655.000000 3.218002
 1656.000000 3.343642
 1657.000000 3.159155
 1658.000000 2.697174
 1659.000000 2.698125
 1660.000000 3.149323
 1661.000000 3.214120
 1662.000000 3.619313
 1663.000000 3.337292
 1664.000000 2.905505
 1665.000000 2.684904
 1666.000000 2.357079
 1667.000000 2.651102
 1668.000000 2.933360
 1669.000000 2.713466
 1670.000000 2.550139
 1671.000000 2.714876
 1672.000000 2.573457
 1673.000000 2.731985
 1674.000000 2.890596
 1675.000000 3.025020
 1676.000000 2.108213
 1677.000000 2.217176
 1678.000000 2.333074
 1679.000000 3.174133
 1680.000000 3.206586
 1681.000000 3.471585
 1682.000000 3.160894
 1683.000000 3.210202
 1684.000000 2.557402
 1685.000000 2.206430
 1686.000000 1.256693
 1687.000000 0.963711
 1688.000000 1.635506
 1689.000000 2.028858
 1690.000000 3.730030
 1691.000000 4.154220
 1692.000000 3.566714
 1693.000000 4.444600
 1694.000000 3.982365
 1695.000000 3.844011
 1696.000000 3.071667
 1697.000000 3.656002
 1698.000000 3.857168
 1699.000000 3.149134
 1700.000000 2.909410
 1701.000000 2.894631
 1702.000000 4.152677
 1703.000000 4.508451
 1704.000000 3.880480
 1705.000000 4.054234
 1706.000000 3.906598
 1707.000000 3.917851
 1708.000000 3.497173
 1709.000000 2.572069
 1710.000000 3.235255
 1711.000000 3.091573
 1712.000000 3.519212
 1713.000000 3.677689
 1714.000000 3.222099
 1715.000000 3.737398
 1716.000000 3.754781
 1717.000000 3.583821
 1718.000000 4.369419
 1719.000000 4.430983
 1720.000000 4.633166
 1721.000000 3.279177
 1722.000000 3.543702
 1723.000000 2.987066
 1724.000000 1.317851
 1725.000000 0.429952
 1726.000000 0.961717
 1727.000000 0.159611
 1728.000000 0.263898
 1729.000000 0.276269
 1730.000000 0.195013
 1731.000000 0.617546
 1732.000000 0.172259
 1733.000000 0.172551
 1734.000000 0.181411
 1735.000000 0.181631
 1736.000000 0.233750
 1737.000000 1.592784
 1738.000000 1.701304
 1739.000000 1.482674
 1740.000000 1.189425
 1741.000000 1.190021
 1742.000000 2.746768
 1743.000000 0.580736
 1744.000000 1.647813
 1745.000000 1.061994
 1746.000000 0.614607
 1747.000000 1.553460
 1748.000000 2.029845
 1749.000000 1.615827
 1750.000000 0.845008
 1751.000000 1.028357
 1752.000000 1.879128
 1753.000000 3.165970
 1754.000000 1.395199
 1755.000000 3.656418
 1756.000000 2.843452
 1757.000000 3.333210
 1758.000000 3.802447
 1759.000000 3.920976
 1760.000000 3.569214
 1761.000000 3.245933
 1762.000000 3.353250
 1763.000000 2.485061
 1764.000000 1.737591
 1765.000000 2.021086
 1766.000000 1.155285
 1767.000000 1.137849
 1768.000000 0.974905
 1769.000000 2.326760
 1770.000000 3.161797
 1771.000000 3.815325
 1772.000000 3.887106
 1773.000000 4.268647
 1774.000000 3.358034
 1775.000000 3.301258
 1776.000000 3.923578
 1777.000000 3.693348
 1778.000000 2.246729
 1779.000000 3.669865
 1780.000000 4.180698
 1781.000000 3.213216
 1782.000000 4.634609
 1783.000000 3.079928
 1784.000000 4.836814
 1785.000000 3.367106
 1786.000000 2.839189
 1787.000000 3.527132
 1788.000000 2.751963
 1789.000000 3.572342
 1790.000000 2.288527
 1791.000000 2.480969
 1792.000000 1.702706
 1793.000000 3.287388
 1794.000000 2.601710
 1795.000000 1.745662
 1796.000000 2.286355
 1797.000000 2.636505
 1798.000000 1.303691
 1799.000000 3.426037
 1800.000000 3.376398
 1801.000000 2.877055
 1802.000000 3.625918
 1803.000000 3.956133
 1804.000000 3.848559
 1805.000000 3.509364
 1806.000000 2.696059
 1807.000000 3.252109
 1808.000000 3.588331
 1809.000000 3.365413
 1810.000000 3.726167
 1811.000000 3.807800
 1812.000000 3.966660
 1813.000000 3.694304
 1814.000000 3.875375
 1815.000000 3.898771
 1816.000000 3.831837
 1817.000000 4.113000
 1818.000000 3.499192
 1819.000000 3.568129
 1820.000000 3.448353
 1821.000000 3.413845
 1822.000000 3.429255
 1823.000000 3.540254
 1824.000000 3.231362
 1825.000000 3.371646
 1826.000000 3.133893
 1827.000000 2.942267
 1828.000000 3.574884
 1829.000000 3.598811
 1830.000000 3.282474
 1831.000000 3.295063
 1832.000000 3.007277
 1833.000000 2.746022
 1834.000000 2.681759
 1835.000000 2.620917
 1836.000000 3.375754
 1837.000000 3.616353
 1838.000000 2.988775
 1839.000000 2.690809
 1840.000000 3.723772
 1841.000000 3.686813
 1842.000000 3.628199
 1843.000000 3.452443
 1844.000000 3.734249
 1845.000000 3.679262
 1846.000000 3.861560
 1847.000000 3.871097
 1848.000000 3.850334
 1849.000000 4.321744
 1850.000000 4.298693
 1851.000000 4.019154
 1852.000000 4.042492
 1853.000000 3.351297
 1854.000000 4.014484
 1855.000000 3.174523
 1856.000000 2.709140
 1857.000000 2.631195
 1858.000000 2.592182
 1859.000000 3.018134
 1860.000000 3.126810
 1861.000000 3.107462
 1862.000000 3.489065
 1863.000000 2.919232
 1864.000000 1.588414
 1865.000000 3.210440
 1866.000000 2.957320
 1867.000000 2.659618
 1868.000000 3.081561
 1869.000000 3.003686
 1870.000000 2.327761
 1871.000000 2.988673
 1872.000000 3.800798
 1873.000000 4.358983
 1874.000000 3.400824
 1875.000000 3.600668
 1876.000000 3.569317
 1877.000000 3.692450
 1878.000000 3.723777
 1879.000000 3.689745
 1880.000000 3.440522
 1881.000000 3.528273
 1882.000000 3.693126
 1883.000000 4.301141
 1884.000000 4.189040
 1885.000000 3.998655
 1886.000000 4.000105
 1887.000000 4.118734
 1888.000000 4.081368
 1889.000000 3.857353
 1890.000000 4.265324
 1891.000000 3.859538
 1892.000000 4.452223
 1893.000000 4.317620
 1894.000000 4.608520
 1895.000000 4.767607
 1896.000000 4.919313
 1897.000000 4.879223
 1898.000000 4.113527
 1899.000000 4.472008
 1900.000000 3.957745
 1901.000000 3.926296
 1902.000000 3.989034
 1903.000000 3.987141
 1904.000000 2.099574
 1905.000000 2.733079
 1906.000000 3.259952
 1907.000000 2.655315
 1908.000000 2.535215
 1909.000000 1.682886
 1910.000000 2.514263
 1911.000000 3.939746
 1912.000000 4.167254
 1913.000000 2.869755
 1914.000000 2.651281
 1915.000000 3.743252
 1916.000000 3.933057
 1917.000000 2.730348
 1918.000000 3.737086
 1919.000000 3.537159
 1920.000000 2.162383
 1921.000000 2.801754
 1922.000000 3.047131
 1923.000000 3.174559
 1924.000000 3.416497
 1925.000000 3.274780
 1926.000000 3.100688
 1927.000000 3.066922
 1928.000000 2.660995
 1929.000000 1.555213
 1930.000000 2.125851
 1931.000000 2.614864
 1932.000000 2.728938
 1933.000000 2.502441
 1934.000000 2.045660
 1935.000000 2.123209
 1936.000000 2.286188
 1937.000000 2.525241
 1938.000000 2.057366
 1939.000000 2.463964
 1940.000000 2.465666
 1941.000000 2.923988
 1942.000000 2.832131
 1943.000000 2.788467
 1944.000000 3.113191
 1945.000000 2.937282
 1946.000000 3.167813
 1947.000000 2.644827
 1948.000000 3.133744
 1949.000000 3.021979
 1950.000000 3.270382
 1951.000000 2.886911
 1952.000000 3.219599
 1953.000000 3.235710
 1954.000000 3.142805
 1955.000000 2.789328
 1956.000000 2.907647
 1957.000000 2.925524
 1958.000000 2.877531
 1959.000000 2.934771
 1960.000000 3.185507
 1961.000000 2.675381
 1962.000000 3.362628
 1963.000000 3.150944
 1964.000000 3.345766
 1965.000000 3.095924
 1966.000000 3.639898
 1967.000000 3.328243
 1968.000000 3.573893
 1969.000000 3.843135
 1970.000000 3.128809
 1971.000000 2.632845
 1972.000000 1.859498
 1973.000000 3.111607
 1974.000000 2.005452
 1975.000000 1.883806
 1976.000000 2.498831
 1977.000000 2.452822
 1978.000000 1.566174
 1979.000000 1.558540
 1980.000000 1.544198
 1981.000000 3.159742
 1982.000000 3.172616
 1983.000000 3.990343
 1984.000000 3.834510
 1985.000000 3.844770
 1986.000000 3.416109
 1987.000000 3.100633
 1988.000000 2.667582
 1989.000000 2.477737
 1990.000000 2.531884
 1991.000000 2.346487
 1992.000000 3.613176
 1993.000000 3.444833
 1994.000000 3.288964
 1995.000000 2.513008
 1996.000000 2.369202
 1997.000000 2.925231
 1998.000000 2.091879
 1999.000000 1.451333
 2000.000000 1.899502
 2001.000000 2.693650
 2002.000000 2.672036
 2003.000000 2.749025
 2004.000000 3.018616
 2005.000000 3.454296
 2006.000000 3.329263
 2007.000000 3.098288
 2008.000000 2.937655
 2009.000000 3.727094
 2010.000000 3.461789
 2011.000000 3.215475
 2012.000000 2.954779
 2013.000000 1.975873
 2014.000000 2.654128
 2015.000000 2.911840
 2016.000000 2.748714
 2017.000000 2.519917
 2018.000000 3.528838
 2019.000000 3.927753
 2020.000000 3.524338
 2021.000000 3.924033
 2022.000000 3.826174
 2023.000000 3.989177
 2024.000000 4.132296
