#! FIELDS time r20.min
 0.000000 2.253153
 1.000000 2.580991
 2.000000 2.270220
 3.000000 2.213803
 4.000000 1.853460
 5.000000 1.115785
 6.000000 0.550353
 7.000000 0.285846
 8.000000 0.472355
 9.000000 2.114553
 10.000000 1.839989
 11.000000 2.012020
 12.000000 3.465464
 13.000000 3.765672
 14.000000 3.294774
 15.000000 3.569558
 16.000000 3.599646
 17.000000 3.646990
 18.000000 3.397061
 19.000000 3.236940
 20.000000 3.233482
 21.000000 3.381631
 22.000000 3.191881
 23.000000 3.375001
 24.000000 3.711104
 25.000000 2.010342
 26.000000 1.593168
 27.000000 2.030363
 28.000000 2.384654
 29.000000 2.118833
 30.000000 2.199426
 31.000000 2.390168
 32.000000 3.198598
 33.000000 3.320050
 34.000000 1.556722
 35.000000 2.379645
 36.000000 3.467654
 37.000000 3.129803
 38.000000 4.005689
 39.000000 3.306396
 40.000000 3.694211
 41.000000 3.779948
 42.000000 4.216912
 43.000000 3.224421
 44.000000 1.635801
 45.000000 1.255759
 46.000000 1.615444
 47.000000 1.731642
 48.000000 1.803421
 49.000000 2.154759
 50.000000 1.532854
 51.000000 1.687109
 52.000000 1.680043
 53.000000 2.164155
 54.000000 1.442785
 55.000000 1.416819
 56.000000 1.420180
 57.000000 1.255009
 58.000000 1.689691
 59.000000 1.708448
 60.000000 1.707401
 61.000000 1.471883
 62.000000 1.510284
 63.000000 1.511562
 64.000000 1.789997
 65.000000 1.456891
 66.000000 2.574558
 67.000000 3.555924
 68.000000 3.231373
 69.000000 3.493240
 70.000000 3.492621
 71.000000 3.161601
 72.000000 3.712448
 73.000000 4.204661
 74.000000 3.879214
 75.000000 2.869512
 76.000000 4.085773
 77.000000 3.697247
 78.000000 2.839038
 79.000000 3.351228
 80.000000 3.258643
 81.000000 3.404306
 82.000000 3.114381
 83.000000 3.279794
 84.000000 3.220021
 85.000000 2.837197
 86.000000 3.063892
 87.000000 3.519077
 88.000000 3.888319
 89.000000 3.593082
 90.000000 4.243675
 91.000000 4.293523
 92.000000 4.186518
 93.000000 3.894845
 94.000000 3.997031
 95.000000 4.411721
 96.000000 4.171434
 97.000000 2.934237
 98.000000 2.088374
 99.000000 1.478037
 100.000000 2.880086
 101.000000 2.148496
 102.000000 3.416800
 103.000000 2.696566
 104.000000 3.727849
 105.000000 3.209539
 106.000000 4.111282
 107.000000 2.624621
 108.000000 1.049019
 109.000000 1.122755
 110.000000 1.407382
 111.000000 1.736770
 112.000000 2.278721
 113.000000 2.840063
 114.000000 2.952005
 115.000000 2.746197
 116.000000 2.714687
 117.000000 2.953484
 118.000000 2.885152
 119.000000 2.437114
 120.000000 2.646810
 121.000000 2.573601
 122.000000 2.740140
 123.000000 2.653967
 124.000000 2.756018
 125.000000 2.484112
 126.000000 2.661420
 127.000000 1.905764
 128.000000 2.088440
 129.000000 1.371022
 130.000000 1.374363
 131.000000 1.441684
 132.000000 1.363227
 133.000000 1.270466
 134.000000 1.356977
 135.000000 1.556250
 136.000000 1.999421
 137.000000 1.766297
 138.000000 1.234880
 139.000000 1.371789
 140.000000 1.224154
 141.000000 1.220224
 142.000000 2.505129
 143.000000 2.406771
 144.000000 2.056520
 145.000000 1.463773
 146.000000 3.188119
 147.000000 3.273954
 148.000000 2.529341
 149.000000 2.701735
 150.000000 3.146555
 151.000000 3.229221
 152.000000 2.616760
 153.000000 3.246989
 154.000000 3.373668
 155.000000 3.573010
 156.000000 3.356931
 157.000000 2.619134
 158.000000 2.911363
 159.000000 2.691368
 160.000000 2.990344
 161.000000 3.730601
 162.000000 3.704040
 163.000000 3.347361
 164.000000 3.088706
 165.000000 3.354853
 166.000000 3.008839
 167.000000 2.543028
 168.000000 3.613338
 169.000000 3.190777
 170.000000 3.117226
 171.000000 2.891345
 172.000000 3.209530
 173.000000 3.229446
 174.000000 3.047422
 175.000000 3.236762
 176.000000 3.322538
 177.000000 3.116577
 178.000000 3.041567
 179.000000 3.176232
 180.000000 3.151802
 181.000000 3.246264
 182.000000 3.119528
 183.000000 3.080173
 184.000000 3.117685
 185.000000 3.230518
 186.000000 3.093536
 187.000000 3.263551
 188.000000 3.305590
 189.000000 3.191499
 190.000000 3.341335
 191.000000 3.416895
 192.000000 3.554774
 193.000000 3.271908
 194.000000 3.413213
 195.000000 3.303667
 196.000000 3.374647
 197.000000 3.371208
 198.000000 3.324202
 199.000000 3.228583
 200.000000 3.196664
 201.000000 3.194179
 202.000000 3.255282
 203.000000 3.318538
 204.000000 3.589870
 205.000000 3.154414
 206.000000 2.676750
 207.000000 2.658795
 208.000000 2.844624
 209.000000 3.037026
 210.000000 3.239693
 211.000000 3.128305
 212.000000 2.530611
 213.000000 2.532528
 214.000000 3.101003
 215.000000 3.106038
 216.000000 3.202135
 217.000000 2.747717
 218.000000 2.953532
 219.000000 3.278128
 220.000000 3.006653
 221.000000 3.242435
 222.000000 3.210200
 223.000000 3.357009
 224.000000 3.479245
 225.000000 3.683365
 226.000000 3.499084
 227.000000 3.373438
 228.000000 3.338803
 229.000000 3.325698
 230.000000 3.254961
 231.000000 3.278836
 232.000000 3.117830
 233.000000 3.514266
 234.000000 3.570251
 235.000000 3.489991
 236.000000 3.532206
 237.000000 3.468165
 238.000000 3.243304
 239.000000 3.445683
 240.000000 3.770456
 241.000000 3.692156
 242.000000 3.536796
 243.000000 3.655329
 244.000000 4.097440
 245.000000 3.705197
 246.000000 3.344814
 247.000000 3.469455
 248.000000 3.488251
 249.000000 3.620137
 250.000000 3.756579
 251.000000 4.031442
 252.000000 4.106682
 253.000000 4.146498
 254.000000 3.940089
 255.000000 3.488624
 256.000000 3.654233
 257.000000 2.901717
 258.000000 2.815963
 259.000000 3.143674
 260.000000 2.735814
 261.000000 2.722675
 262.000000 3.827382
 263.000000 3.838021
 264.000000 2.964093
 265.000000 1.069888
 266.000000 1.677594
 267.000000 2.604849
 268.000000 3.515048
 269.000000 3.811988
 270.000000 4.169725
 271.000000 4.059317
 272.000000 3.384364
 273.000000 4.194033
 274.000000 3.870979
 275.000000 3.094122
 276.000000 2.968762
 277.000000 3.046360
 278.000000 2.298073
 279.000000 3.416053
 280.000000 3.186505
 281.000000 4.018353
 282.000000 2.745083
 283.000000 3.020511
 284.000000 1.319377
 285.000000 3.553835
 286.000000 3.447105
 287.000000 4.204370
 288.000000 3.295690
 289.000000 1.785273
 290.000000 2.784124
 291.000000 3.655089
 292.000000 3.450949
 293.000000 3.764391
 294.000000 3.323171
 295.000000 2.988201
 296.000000 2.514063
 297.000000 3.108495
 298.000000 2.978953
 299.000000 2.253995
 300.000000 2.208962
 301.000000 2.692236
 302.000000 2.978296
 303.000000 3.562780
 304.000000 3.970657
 305.000000 3.536640
 306.000000 3.754944
 307.000000 3.487364
 308.000000 2.716568
 309.000000 2.878986
 310.000000 2.037892
 311.000000 0.756362
 312.000000 2.531477
 313.000000 3.294385
 314.000000 3.113634
 315.000000 2.909959
 316.000000 3.679187
 317.000000 3.731129
 318.000000 3.510349
 319.000000 2.895475
 320.000000 3.479353
 321.000000 2.821104
 322.000000 2.178618
 323.000000 2.815728
 324.000000 2.997869
 325.000000 3.749328
 326.000000 3.735364
 327.000000 3.508983
 328.000000 2.824476
 329.000000 3.516844
 330.000000 2.485453
 331.000000 3.128476
 332.000000 2.960182
 333.000000 2.387317
 334.000000 1.325798
 335.000000 2.913226
 336.000000 3.523677
 337.000000 3.426792
 338.000000 3.079172
 339.000000 3.514963
 340.000000 4.050889
 341.000000 3.918690
 342.000000 3.789458
 343.000000 3.785893
 344.000000 3.523488
 345.000000 3.367600
 346.000000 3.058685
 347.000000 3.500277
 348.000000 3.682874
 349.000000 3.479929
 350.000000 3.333697
 351.000000 3.222169
 352.000000 3.284270
 353.000000 3.435721
 354.000000 3.786519
 355.000000 3.165249
 356.000000 3.284284
 357.000000 3.460213
 358.000000 2.771321
 359.000000 2.949776
 360.000000 3.503188
 361.000000 3.594723
 362.000000 3.706572
 363.000000 4.033600
 364.000000 4.173337
 365.000000 4.075279
 366.000000 3.881436
 367.000000 3.929634
 368.000000 3.652618
 369.000000 4.004900
 370.000000 3.913912
 371.000000 3.617904
 372.000000 3.371582
 373.000000 3.527297
 374.000000 3.250056
 375.000000 3.337530
 376.000000 3.128606
 377.000000 3.474013
 378.000000 3.500504
 379.000000 3.590455
 380.000000 3.220936
 381.000000 3.250005
 382.000000 3.555437
 383.000000 3.508244
 384.000000 3.616140
 385.000000 3.491712
 386.000000 3.838863
 387.000000 3.873000
 388.000000 3.979616
 389.000000 4.006992
 390.000000 4.011940
 391.000000 4.097178
 392.000000 4.023073
 393.000000 4.097001
 394.000000 4.164447
 395.000000 3.915742
 396.000000 3.964828
 397.000000 3.871167
 398.000000 4.043682
 399.000000 3.959629
 400.000000 3.954078
 401.000000 4.016940
 402.000000 3.832139
 403.000000 4.051537
 404.000000 4.038470
 405.000000 3.967319
 406.000000 3.885532
 407.000000 3.878516
 408.000000 3.982934
 409.000000 3.878709
 410.000000 3.820798
 411.000000 4.028258
 412.000000 4.019479
 413.000000 4.012717
 414.000000 4.015153
 415.000000 4.074113
 416.000000 3.970778
 417.000000 4.126713
 418.000000 4.143175
 419.000000 4.092543
 420.000000 4.193636
 421.000000 3.989017
 422.000000 4.210967
 423.000000 4.320576
 424.000000 4.317243
 425.000000 4.203100
 426.000000 4.339959
 427.000000 4.339793
 428.000000 4.388555
 429.000000 3.260485
 430.000000 4.403397
 431.000000 4.314341
 432.000000 4.532800
 433.000000 4.450835
 434.000000 4.412344
 435.000000 4.334951
 436.000000 4.252053
 437.000000 4.391357
 438.000000 4.308088
 439.000000 4.389521
 440.000000 4.369681
 441.000000 4.200288
 442.000000 4.203569
 443.000000 3.235316
 444.000000 3.331769
 445.000000 3.502128
 446.000000 4.035497
 447.000000 4.022082
 448.000000 2.790998
 449.000000 3.924814
 450.000000 4.273380
 451.000000 4.641615
 452.000000 2.995863
 453.000000 3.600094
 454.000000 2.785991
 455.000000 3.499200
 456.000000 4.392933
 457.000000 3.339394
 458.000000 3.395966
 459.000000 3.700565
 460.000000 3.435496
 461.000000 2.573996
 462.000000 3.062275
 463.000000 3.958326
 464.000000 3.434262
 465.000000 3.157881
 466.000000 3.283649
 467.000000 2.279479
 468.000000 2.972037
 469.000000 3.510008
 470.000000 4.193004
 471.000000 4.380567
 472.000000 3.944942
 473.000000 3.370326
 474.000000 2.791200
 475.000000 2.524686
 476.000000 2.926460
 477.000000 2.243421
 478.000000 0.546460
 479.000000 1.544211
 480.000000 1.558146
 481.000000 1.877564
 482.000000 2.663875
 483.000000 3.300456
 484.000000 3.372888
 485.000000 3.138944
 486.000000 3.202046
 487.000000 3.507357
 488.000000 2.712665
 489.000000 2.227061
 490.000000 2.396936
 491.000000 0.786074
 492.000000 1.950570
 493.000000 2.325752
 494.000000 2.419888
 495.000000 2.858521
 496.000000 3.040840
 497.000000 3.179342
 498.000000 3.418333
 499.000000 3.531723
 500.000000 3.663591
 501.000000 4.089992
 502.000000 3.776746
 503.000000 3.539622
 504.000000 3.552624
 505.000000 2.502694
 506.000000 2.975190
 507.000000 3.164043
 508.000000 2.261190
 509.000000 2.676755
 510.000000 3.305649
 511.000000 3.265459
 512.000000 2.296179
 513.000000 3.045629
 514.000000 3.312388
 515.000000 3.137238
 516.000000 4.168828
 517.000000 3.527401
 518.000000 2.881911
 519.000000 1.732914
 520.000000 2.256675
 521.000000 3.339959
 522.000000 3.677001
 523.000000 1.836406
 524.000000 2.367123
 525.000000 2.231613
 526.000000 1.471889
 527.000000 1.232892
 528.000000 2.537163
 529.000000 2.775275
 530.000000 2.798578
 531.000000 3.205935
 532.000000 3.355685
 533.000000 2.926626
 534.000000 2.201049
 535.000000 2.172269
 536.000000 2.325534
 537.000000 3.003653
 538.000000 2.935825
 539.000000 2.954222
 540.000000 2.738874
 541.000000 2.746862
 542.000000 3.477390
 543.000000 2.807629
 544.000000 3.014224
 545.000000 2.343822
 546.000000 2.740550
 547.000000 3.051834
 548.000000 3.234376
 549.000000 3.318186
 550.000000 3.249111
 551.000000 3.201347
 552.000000 3.304777
 553.000000 3.363758
 554.000000 3.557717
 555.000000 3.608517
 556.000000 3.462958
 557.000000 3.040642
 558.000000 3.206976
 559.000000 3.213397
 560.000000 3.112980
 561.000000 3.201208
 562.000000 3.112994
 563.000000 3.004037
 564.000000 2.949920
 565.000000 2.896292
 566.000000 2.777252
 567.000000 2.923741
 568.000000 2.977772
 569.000000 2.614281
 570.000000 2.118067
 571.000000 2.021390
 572.000000 2.306130
 573.000000 2.124054
 574.000000 2.542996
 575.000000 2.403924
 576.000000 2.319727
 577.000000 1.829993
 578.000000 2.394550
 579.000000 3.512447
 580.000000 2.577957
 581.000000 3.342830
 582.000000 3.272767
 583.000000 3.137856
 584.000000 3.096027
 585.000000 1.730174
 586.000000 2.786796
 587.000000 2.997633
 588.000000 3.120691
 589.000000 3.424854
 590.000000 3.914533
 591.000000 2.575807
 592.000000 3.956998
 593.000000 4.184361
 594.000000 4.123075
 595.000000 4.229082
 596.000000 4.301960
 597.000000 4.387737
 598.000000 4.122143
 599.000000 4.120605
 600.000000 4.268042
 601.000000 4.506546
 602.000000 4.472408
 603.000000 4.381238
 604.000000 4.411439
 605.000000 4.192022
 606.000000 4.342803
 607.000000 4.399617
 608.000000 4.395931
 609.000000 4.297163
 610.000000 4.292469
 611.000000 4.396517
 612.000000 4.299667
 613.000000 4.501675
 614.000000 4.442286
 615.000000 4.548667
 616.000000 4.551163
 617.000000 4.500500
 618.000000 4.107036
 619.000000 4.566987
 620.000000 4.426054
 621.000000 4.463651
 622.000000 4.650423
 623.000000 4.579235
 624.000000 3.757865
 625.000000 4.603121
 626.000000 4.574126
 627.000000 3.494276
 628.000000 4.533995
 629.000000 3.334138
 630.000000 3.549834
 631.000000 3.517129
 632.000000 3.429152
 633.000000 3.506515
 634.000000 4.633081
 635.000000 4.587046
 636.000000 4.601090
 637.000000 3.496001
 638.000000 3.407140
 639.000000 4.638428
 640.000000 4.608553
 641.000000 3.560021
 642.000000 4.765310
 643.000000 3.591351
 644.000000 3.358572
 645.000000 3.475772
 646.000000 4.763893
 647.000000 4.740062
 648.000000 3.437737
 649.000000 3.450538
 650.000000 3.433265
 651.000000 3.496191
 652.000000 3.739145
 653.000000 4.377130
 654.000000 4.541594
 655.000000 4.657052
 656.000000 4.593945
 657.000000 4.576856
 658.000000 4.301185
 659.000000 4.134760
 660.000000 3.863111
 661.000000 3.777048
 662.000000 3.866012
 663.000000 3.843806
 664.000000 3.808845
 665.000000 3.916625
 666.000000 3.361269
 667.000000 3.465157
 668.000000 3.510470
 669.000000 3.606693
 670.000000 3.482670
 671.000000 3.424849
 672.000000 3.584747
 673.000000 3.678979
 674.000000 3.702735
 675.000000 3.880225
 676.000000 3.818642
 677.000000 3.775642
 678.000000 3.929838
 679.000000 4.075613
 680.000000 3.967192
 681.000000 3.817179
 682.000000 3.748417
 683.000000 3.830076
 684.000000 3.770782
 685.000000 3.753919
 686.000000 3.881118
 687.000000 3.722929
 688.000000 3.921098
 689.000000 3.970200
 690.000000 3.885802
 691.000000 3.609734
 692.000000 3.499286
 693.000000 3.566207
 694.000000 3.633902
 695.000000 3.662729
 696.000000 3.375127
 697.000000 3.611772
 698.000000 3.882783
 699.000000 3.809875
 700.000000 3.705999
 701.000000 3.524979
 702.000000 3.373389
 703.000000 3.154780
 704.000000 3.284481
 705.000000 2.392609
 706.000000 2.807036
 707.000000 3.437182
 708.000000 3.387866
 709.000000 3.896340
 710.000000 4.106805
 711.000000 3.738883
 712.000000 3.288176
 713.000000 3.831132
 714.000000 3.590491
 715.000000 3.746721
 716.000000 3.521104
 717.000000 3.544642
 718.000000 2.948629
 719.000000 2.496041
 720.000000 2.521065
 721.000000 1.172070
 722.000000 3.090396
 723.000000 3.347863
 724.000000 1.404208
 725.000000 0.941769
 726.000000 3.264565
 727.000000 3.095042
 728.000000 3.583793
 729.000000 3.036478
 730.000000 3.472048
 731.000000 3.166805
 732.000000 2.200268
 733.000000 2.796932
 734.000000 4.525816
 735.000000 4.540762
 736.000000 3.906533
 737.000000 3.359232
 738.000000 3.675382
 739.000000 3.116213
 740.000000 3.551313
 741.000000 2.787514
 742.000000 3.683700
 743.000000 3.265881
 744.000000 3.446186
 745.000000 3.043914
 746.000000 3.155063
 747.000000 2.965975
 748.000000 3.476200
 749.000000 3.295862
 750.000000 3.758647
 751.000000 3.234834
 752.000000 3.443239
 753.000000 3.681640
 754.000000 3.436583
 755.000000 2.975557
 756.000000 3.612428
 757.000000 2.266609
 758.000000 1.693657
 759.000000 2.158793
 760.000000 1.245730
 761.000000 1.606103
 762.000000 1.354105
 763.000000 1.491194
 764.000000 2.819552
 765.000000 3.174620
 766.000000 2.999779
 767.000000 3.551923
 768.000000 3.846624
 769.000000 3.387638
 770.000000 3.494267
 771.000000 3.759511
 772.000000 3.888619
 773.000000 3.547466
 774.000000 3.219648
 775.000000 2.567248
 776.000000 2.804334
 777.000000 3.064572
 778.000000 2.755649
 779.000000 2.700359
 780.000000 3.372585
 781.000000 2.907473
 782.000000 3.014556
 783.000000 2.647213
 784.000000 2.984424
 785.000000 3.351152
 786.000000 3.850792
 787.000000 3.043265
 788.000000 3.089431
 789.000000 3.562258
 790.000000 3.242079
 791.000000 3.283514
 792.000000 3.521695
 793.000000 4.056988
 794.000000 4.452777
 795.000000 4.015624
 796.000000 3.690622
 797.000000 4.138682
 798.000000 3.877185
 799.000000 3.099068
 800.000000 2.790750
 801.000000 2.536541
 802.000000 1.903443
 803.000000 2.960596
 804.000000 3.052299
 805.000000 2.757544
 806.000000 2.489214
 807.000000 1.949000
 808.000000 1.921001
 809.000000 2.588019
 810.000000 2.549578
 811.000000 2.937524
 812.000000 3.093113
 813.000000 3.118602
 814.000000 3.178850
 815.000000 2.786640
 816.000000 3.411034
 817.000000 3.988706
 818.000000 3.820456
 819.000000 4.077518
 820.000000 3.549661
 821.000000 3.421783
 822.000000 3.462267
 823.000000 3.339804
 824.000000 3.031246
 825.000000 2.657414
 826.000000 2.888537
 827.000000 2.951060
 828.000000 2.537214
 829.000000 3.245068
 830.000000 3.280861
 831.000000 3.328231
 832.000000 3.059687
 833.000000 3.225098
 834.000000 3.143619
 835.000000 3.345712
 836.000000 3.392557
 837.000000 3.103041
 838.000000 3.456111
 839.000000 3.095341
 840.000000 3.297370
 841.000000 3.771449
 842.000000 2.696406
 843.000000 2.980671
 844.000000 3.734256
 845.000000 3.485509
 846.000000 3.440266
 847.000000 3.536302
 848.000000 3.237913
 849.000000 3.947433
 850.000000 4.098149
 851.000000 3.615093
 852.000000 3.642236
 853.000000 3.261798
 854.000000 3.280054
 855.000000 4.591956
 856.000000 3.770946
 857.000000 3.464581
 858.000000 4.079762
 859.000000 3.562192
 860.000000 3.081467
 861.000000 3.137438
 862.000000 2.871414
 863.000000 3.172366
 864.000000 3.521405
 865.000000 3.527063
 866.000000 3.286025
 867.000000 3.854806
 868.000000 3.263336
 869.000000 2.864453
 870.000000 3.477442
 871.000000 3.490844
 872.000000 3.357009
 873.000000 3.735435
 874.000000 3.482950
 875.000000 3.664622
 876.000000 3.426406
 877.000000 3.349454
 878.000000 2.680754
 879.000000 3.773183
 880.000000 3.058393
 881.000000 4.244673
 882.000000 3.175347
 883.000000 3.777330
 884.000000 3.248011
 885.000000 3.825758
 886.000000 3.307776
 887.000000 3.715218
 888.000000 2.964216
 889.000000 3.347303
 890.000000 3.219190
 891.000000 3.217678
 892.000000 3.589701
 893.000000 3.613366
 894.000000 3.546255
 895.000000 3.331795
 896.000000 2.968803
 897.000000 3.240341
 898.000000 3.210455
 899.000000 3.276512
 900.000000 2.933209
 901.000000 3.043168
 902.000000 3.263884
 903.000000 3.943951
 904.000000 3.779139
 905.000000 3.638474
 906.000000 2.829926
 907.000000 2.056197
 908.000000 1.317290
 909.000000 1.271248
 910.000000 1.221883
 911.000000 1.277507
 912.000000 1.257199
 913.000000 1.358704
 914.000000 1.217662
 915.000000 1.264618
 916.000000 1.255094
 917.000000 1.366337
 918.000000 1.190401
 919.000000 1.262529
 920.000000 1.459874
 921.000000 1.759798
 922.000000 1.757153
 923.000000 2.084870
 924.000000 2.265171
 925.000000 1.788873
 926.000000 2.007555
 927.000000 1.956906
 928.000000 1.904713
 929.000000 1.998664
 930.000000 2.177990
 931.000000 2.068985
 932.000000 1.922204
 933.000000 1.886809
 934.000000 2.219395
 935.000000 1.793501
 936.000000 1.745887
 937.000000 1.554767
 938.000000 1.896291
 939.000000 1.976863
 940.000000 1.977402
 941.000000 1.803129
 942.000000 1.731269
 943.000000 1.714317
 944.000000 1.428468
 945.000000 1.342404
 946.000000 1.447607
 947.000000 1.300598
 948.000000 1.296385
 949.000000 1.414942
 950.000000 1.406470
 951.000000 1.354445
 952.000000 1.585420
 953.000000 1.766028
 954.000000 1.972271
 955.000000 2.142041
 956.000000 2.027141
 957.000000 2.086858
 958.000000 1.974549
 959.000000 1.925621
 960.000000 1.878446
 961.000000 1.874236
 962.000000 2.066739
 963.000000 1.991544
 964.000000 1.459570
 965.000000 1.950539
 966.000000 1.960356
 967.000000 1.983656
 968.000000 1.873633
 969.000000 1.915456
 970.000000 1.879165
 971.000000 1.662983
 972.000000 1.727637
 973.000000 1.848265
 974.000000 1.760821
 975.000000 1.737085
 976.000000 1.874193
 977.000000 1.739200
 978.000000 2.697044
 979.000000 2.741113
 980.000000 2.806467
 981.000000 2.043822
 982.000000 3.601918
 983.000000 2.986416
 984.000000 2.612653
 985.000000 3.931250
 986.000000 3.341280
 987.000000 3.789120
 988.000000 3.610969
 989.000000 3.304461
 990.000000 2.809616
 991.000000 2.677619
 992.000000 3.662870
 993.000000 3.694187
 994.000000 3.502360
 995.000000 2.841280
 996.000000 3.270031
 997.000000 3.024509
 998.000000 1.396879
 999.000000 1.932706
 1000.000000 1.948448
 1001.000000 0.777004
 1002.000000 0.191382
 1003.000000 0.790272
 1004.000000 1.156690
 1005.000000 1.176058
 1006.000000 1.040757
 1007.000000 1.060042
 1008.000000 1.040445
 1009.000000 1.616709
 1010.000000 1.359755
 1011.000000 1.048248
 1012.000000 1.946399
 1013.000000 2.065710
 1014.000000 2.013231
 1015.000000 2.224055
 1016.000000 2.070465
 1017.000000 1.854340
 1018.000000 1.906878
 1019.000000 1.671109
 1020.000000 1.461057
 1021.000000 1.531596
 1022.000000 1.496086
 1023.000000 1.332107
 1024.000000 1.566808
 1025.000000 1.452151
 1026.000000 1.406524
 1027.000000 1.685305
 1028.000000 1.694673
 1029.000000 1.574522
 1030.000000 1.462554
 1031.000000 1.820233
 1032.000000 1.623442
 1033.000000 1.762508
 1034.000000 1.715506
 1035.000000 1.862870
 1036.000000 1.889738
 1037.000000 1.844309
 1038.000000 1.877645
 1039.000000 1.952729
 1040.000000 1.442665
 1041.000000 2.711759
 1042.000000 2.847681
 1043.000000 3.475414
 1044.000000 3.059866
 1045.000000 3.519414
 1046.000000 3.818276
 1047.000000 3.878183
 1048.000000 3.868176
 1049.000000 3.988285
 1050.000000 4.037070
 1051.000000 4.067714
 1052.000000 3.750535
 1053.000000 3.344489
 1054.000000 3.683508
 1055.000000 3.684410
 1056.000000 2.978190
 1057.000000 3.150670
 1058.000000 3.532163
 1059.000000 3.378523
 1060.000000 3.426354
 1061.000000 3.623165
 1062.000000 3.661257
 1063.000000 3.703955
 1064.000000 4.253175
 1065.000000 3.991375
 1066.000000 3.813372
 1067.000000 3.352454
 1068.000000 3.660951
 1069.000000 3.786132
 1070.000000 3.684212
 1071.000000 3.717729
 1072.000000 3.019604
 1073.000000 3.225661
 1074.000000 2.084242
 1075.000000 2.287317
 1076.000000 1.305938
 1077.000000 2.013593
 1078.000000 3.174685
 1079.000000 3.401859
 1080.000000 3.253355
 1081.000000 1.256019
 1082.000000 1.391094
 1083.000000 2.226131
 1084.000000 2.848269
 1085.000000 1.717836
 1086.000000 3.383601
 1087.000000 3.307781
 1088.000000 3.137748
 1089.000000 4.248010
 1090.000000 4.130841
 1091.000000 3.618007
 1092.000000 3.191749
 1093.000000 3.616264
 1094.000000 3.299448
 1095.000000 3.277095
 1096.000000 3.099091
 1097.000000 3.931531
 1098.000000 3.435446
 1099.000000 3.152113
 1100.000000 3.158766
 1101.000000 3.096842
 1102.000000 2.596897
 1103.000000 2.216794
 1104.000000 2.343143
 1105.000000 2.914493
 1106.000000 2.925871
 1107.000000 2.718043
 1108.000000 2.477450
 1109.000000 2.240255
 1110.000000 2.481654
 1111.000000 2.362804
 1112.000000 2.247982
 1113.000000 2.202175
 1114.000000 2.205497
 1115.000000 2.313078
 1116.000000 2.124832
 1117.000000 1.963625
 1118.000000 2.061829
 1119.000000 2.263852
 1120.000000 2.253068
 1121.000000 2.156251
 1122.000000 2.268507
 1123.000000 2.255594
 1124.000000 2.209592
 1125.000000 2.246255
 1126.000000 2.381498
 1127.000000 2.219032
 1128.000000 2.371625
 1129.000000 2.432205
 1130.000000 2.515378
 1131.000000 2.554346
 1132.000000 2.558393
 1133.000000 2.520048
 1134.000000 2.444702
 1135.000000 2.396811
 1136.000000 2.439086
 1137.000000 2.427749
 1138.000000 2.379334
 1139.000000 2.459248
 1140.000000 2.548972
 1141.000000 2.479101
 1142.000000 2.345008
 1143.000000 2.498885
 1144.000000 2.595698
 1145.000000 2.525912
 1146.000000 2.451823
 1147.000000 2.475559
 1148.000000 2.628228
 1149.000000 2.478096
 1150.000000 2.485675
 1151.000000 2.521549
 1152.000000 2.644733
 1153.000000 2.536945
 1154.000000 2.461239
 1155.000000 2.541068
 1156.000000 2.665502
 1157.000000 2.571728
 1158.000000 2.516912
 1159.000000 2.455870
 1160.000000 2.375726
 1161.000000 2.398871
 1162.000000 2.621264
 1163.000000 2.542265
 1164.000000 2.501399
 1165.000000 2.649825
 1166.000000 2.706853
 1167.000000 2.551593
 1168.000000 2.488852
 1169.000000 2.536752
 1170.000000 2.627136
 1171.000000 2.750269
 1172.000000 2.673042
 1173.000000 2.596969
 1174.000000 2.678573
 1175.000000 2.419324
 1176.000000 2.419695
 1177.000000 2.446520
 1178.000000 2.414193
 1179.000000 2.372469
 1180.000000 2.397934
 1181.000000 2.373528
 1182.000000 2.450076
 1183.000000 2.576271
 1184.000000 2.448551
 1185.000000 2.507725
 1186.000000 2.403415
 1187.000000 2.484707
 1188.000000 2.362262
 1189.000000 2.302967
 1190.000000 2.486638
 1191.000000 2.499063
 1192.000000 2.482547
 1193.000000 2.525030
 1194.000000 2.630074
 1195.000000 2.586320
 1196.000000 2.646979
 1197.000000 2.596102
 1198.000000 2.582622
 1199.000000 2.610253
 1200.000000 2.573268
 1201.000000 2.693413
 1202.000000 2.555718
 1203.000000 2.649954
 1204.000000 2.641200
 1205.000000 2.714802
 1206.000000 2.696957
 1207.000000 2.596438
 1208.000000 2.724293
 1209.000000 2.744158
 1210.000000 2.756092
 1211.000000 2.742515
 1212.000000 2.726616
 1213.000000 2.805443
 1214.000000 2.789850
 1215.000000 3.074922
 1216.000000 2.949110
 1217.000000 2.759607
 1218.000000 2.731520
 1219.000000 2.672864
 1220.000000 2.730118
 1221.000000 2.654559
 1222.000000 2.818684
 1223.000000 2.695925
 1224.000000 2.895752
 1225.000000 2.912614
 1226.000000 2.966277
 1227.000000 2.991369
 1228.000000 3.231332
 1229.000000 2.968587
 1230.000000 3.115486
 1231.000000 2.882751
 1232.000000 2.767262
 1233.000000 2.929662
 1234.000000 3.009389
 1235.000000 3.217976
 1236.000000 3.125299
 1237.000000 3.368919
 1238.000000 3.194567
 1239.000000 3.012615
 1240.000000 2.758935
 1241.000000 2.678754
 1242.000000 2.519569
 1243.000000 2.505131
 1244.000000 2.439196
 1245.000000 2.795685
 1246.000000 2.546966
 1247.000000 2.648825
 1248.000000 2.388682
 1249.000000 2.488136
 1250.000000 2.438123
 1251.000000 2.669484
 1252.000000 2.380939
 1253.000000 2.603934
 1254.000000 2.091577
 1255.000000 2.469010
 1256.000000 2.771866
 1257.000000 2.808780
 1258.000000 2.904513
 1259.000000 3.073289
 1260.000000 3.016904
 1261.000000 3.059486
 1262.000000 3.194090
 1263.000000 3.088481
 1264.000000 3.101060
 1265.000000 3.032924
 1266.000000 2.851894
 1267.000000 2.771333
 1268.000000 2.901408
 1269.000000 2.739172
 1270.000000 2.614951
 1271.000000 2.749358
 1272.000000 2.712394
 1273.000000 2.632908
 1274.000000 3.047285
 1275.000000 3.128257
 1276.000000 2.905521
 1277.000000 2.836318
 1278.000000 3.136970
 1279.000000 2.788200
 1280.000000 2.258585
 1281.000000 2.617635
 1282.000000 2.596389
 1283.000000 2.702275
 1284.000000 2.589585
 1285.000000 2.667444
 1286.000000 2.843159
 1287.000000 2.843541
 1288.000000 2.716617
 1289.000000 2.730884
 1290.000000 2.521486
 1291.000000 2.585653
 1292.000000 2.634515
 1293.000000 2.533644
 1294.000000 2.789067
 1295.000000 2.545759
 1296.000000 2.532571
 1297.000000 2.588319
 1298.000000 2.422462
 1299.000000 2.484401
 1300.000000 2.719089
 1301.000000 2.363237
 1302.000000 2.348359
 1303.000000 2.325509
 1304.000000 2.417877
 1305.000000 2.464149
 1306.000000 2.473624
 1307.000000 2.422504
 1308.000000 2.452084
 1309.000000 2.446804
 1310.000000 2.559402
 1311.000000 2.647339
 1312.000000 2.519539
 1313.000000 2.464232
 1314.000000 2.431503
 1315.000000 2.388192
 1316.000000 2.318844
 1317.000000 2.368943
 1318.000000 2.443669
 1319.000000 2.440333
 1320.000000 2.379034
 1321.000000 2.454022
 1322.000000 2.536402
 1323.000000 2.453280
 1324.000000 2.459867
 1325.000000 2.394416
 1326.000000 2.330184
 1327.000000 2.371788
 1328.000000 2.498732
 1329.000000 2.573153
 1330.000000 2.615095
 1331.000000 2.455145
 1332.000000 2.598467
 1333.000000 2.678158
 1334.000000 2.805396
 1335.000000 2.516986
 1336.000000 2.479520
 1337.000000 2.610694
 1338.000000 2.847299
 1339.000000 2.731487
 1340.000000 2.479741
 1341.000000 2.489066
 1342.000000 2.461521
 1343.000000 2.551914
 1344.000000 2.754423
 1345.000000 2.753311
 1346.000000 2.955431
 1347.000000 3.142630
 1348.000000 3.101005
 1349.000000 3.061341
 1350.000000 3.171988
 1351.000000 3.039373
 1352.000000 3.358680
 1353.000000 3.235744
 1354.000000 3.340239
 1355.000000 3.334259
 1356.000000 3.479086
 1357.000000 3.602252
 1358.000000 3.486739
 1359.000000 3.422936
 1360.000000 3.565327
 1361.000000 3.530840
 1362.000000 3.474022
 1363.000000 3.583665
 1364.000000 3.451284
 1365.000000 3.578940
 1366.000000 3.556169
 1367.000000 3.533963
 1368.000000 3.600687
 1369.000000 3.645982
 1370.000000 3.635572
 1371.000000 3.521831
 1372.000000 3.521797
 1373.000000 3.407686
 1374.000000 3.187328
 1375.000000 3.475748
 1376.000000 3.165304
 1377.000000 3.016991
 1378.000000 3.401534
 1379.000000 3.102494
 1380.000000 3.175834
 1381.000000 3.098288
 1382.000000 3.277349
 1383.000000 3.583324
 1384.000000 3.525565
 1385.000000 3.408441
 1386.000000 3.383650
 1387.000000 3.568001
 1388.000000 3.626770
 1389.000000 3.530706
 1390.000000 3.463985
 1391.000000 3.465508
 1392.000000 3.632451
 1393.000000 3.664211
 1394.000000 3.570396
 1395.000000 3.610476
 1396.000000 3.464410
 1397.000000 3.388749
 1398.000000 3.325288
 1399.000000 3.198910
 1400.000000 3.485464
 1401.000000 3.355466
 1402.000000 3.373903
 1403.000000 3.213708
 1404.000000 3.196537
 1405.000000 3.073012
 1406.000000 3.255925
 1407.000000 3.153828
 1408.000000 2.857983
 1409.000000 3.031974
 1410.000000 2.853311
 1411.000000 2.837629
 1412.000000 3.031731
 1413.000000 2.788744
 1414.000000 2.816578
 1415.000000 2.682894
 1416.000000 2.606398
 1417.000000 2.623629
 1418.000000 2.834220
 1419.000000 2.903916
 1420.000000 2.404630
 1421.000000 2.540459
 1422.000000 2.771827
 1423.000000 2.956389
 1424.000000 2.998516
 1425.000000 2.934885
 1426.000000 2.683015
 1427.000000 2.729337
 1428.000000 2.614540
 1429.000000 2.971699
 1430.000000 2.438538
 1431.000000 2.628829
 1432.000000 2.837595
 1433.000000 2.957807
 1434.000000 2.801572
 1435.000000 2.697126
 1436.000000 2.745033
 1437.000000 2.732765
 1438.000000 2.912039
 1439.000000 2.911705
 1440.000000 2.698099
 1441.000000 2.641993
 1442.000000 2.703712
 1443.000000 2.524657
 1444.000000 2.647086
 1445.000000 2.667694
 1446.000000 3.052697
 1447.000000 2.971208
 1448.000000 2.845874
 1449.000000 3.233812
 1450.000000 3.229720
 1451.000000 3.155028
 1452.000000 2.891819
 1453.000000 2.914120
 1454.000000 3.262791
 1455.000000 3.236538
 1456.000000 3.417807
 1457.000000 3.377438
 1458.000000 3.108765
 1459.000000 3.352022
 1460.000000 3.308140
 1461.000000 3.225109
 1462.000000 3.242078
 1463.000000 3.229198
 1464.000000 3.187666
 1465.000000 3.156657
 1466.000000 3.115325
 1467.000000 3.189964
 1468.000000 3.132063
 1469.000000 3.046341
 1470.000000 2.997581
 1471.000000 3.096855
 1472.000000 3.034399
 1473.000000 2.959107
 1474.000000 2.927344
 1475.000000 2.713586
 1476.000000 2.547308
 1477.000000 2.643201
 1478.000000 2.662928
 1479.000000 2.624643
 1480.000000 2.770577
 1481.000000 2.618209
 1482.000000 2.467197
 1483.000000 2.665025
 1484.000000 2.670886
 1485.000000 2.633981
 1486.000000 2.597983
 1487.000000 2.797510
 1488.000000 2.776055
 1489.000000 2.834825
 1490.000000 2.847195
 1491.000000 2.857770
 1492.000000 2.855675
 1493.000000 2.787662
 1494.000000 2.774940
 1495.000000 3.005306
 1496.000000 2.914455
 1497.000000 2.982723
 1498.000000 2.839824
 1499.000000 2.848328
 1500.000000 2.997545
 1501.000000 2.907310
 1502.000000 3.021457
 1503.000000 3.064914
 1504.000000 3.103390
 1505.000000 3.198205
 1506.000000 3.037213
 1507.000000 2.847449
 1508.000000 2.659845
 1509.000000 3.032695
 1510.000000 2.810891
 1511.000000 2.631122
 1512.000000 2.516736
 1513.000000 2.663485
 1514.000000 2.719373
 1515.000000 2.750272
 1516.000000 2.931211
 1517.000000 2.958744
 1518.000000 2.875069
 1519.000000 3.086848
 1520.000000 3.123573
 1521.000000 3.096845
 1522.000000 3.004468
 1523.000000 2.964193
 1524.000000 3.001537
 1525.000000 2.829229
 1526.000000 2.721105
 1527.000000 2.708610
 1528.000000 3.026389
 1529.000000 3.112842
 1530.000000 2.989915
 1531.000000 3.179705
 1532.000000 3.011424
 1533.000000 3.148840
 1534.000000 3.238771
 1535.000000 2.984316
 1536.000000 3.109839
 1537.000000 3.002599
 1538.000000 3.257562
 1539.000000 3.132291
 1540.000000 3.249675
 1541.000000 3.167179
 1542.000000 3.216800
 1543.000000 3.285639
 1544.000000 3.537233
 1545.000000 3.619619
 1546.000000 3.698197
 1547.000000 3.549365
 1548.000000 3.663517
 1549.000000 3.708599
 1550.000000 3.777772
 1551.000000 3.925744
 1552.000000 3.847073
 1553.000000 3.892636
 1554.000000 3.923535
 1555.000000 3.872180
 1556.000000 3.730558
 1557.000000 3.690003
 1558.000000 3.472752
 1559.000000 3.503709
 1560.000000 3.133261
 1561.000000 2.977658
 1562.000000 3.118223
 1563.000000 2.967046
 1564.000000 2.963679
 1565.000000 3.181648
 1566.000000 3.266895
 1567.000000 3.291488
 1568.000000 3.201140
 1569.000000 3.316999
 1570.000000 3.467043
 1571.000000 3.441227
 1572.000000 3.464700
 1573.000000 3.391204
 1574.000000 3.566214
 1575.000000 3.435411
 1576.000000 3.483808
 1577.000000 3.288204
 1578.000000 3.061328
 1579.000000 3.189425
 1580.000000 3.261841
 1581.000000 3.235670
 1582.000000 3.199975
 1583.000000 2.839494
 1584.000000 3.238917
 1585.000000 3.310298
 1586.000000 3.289674
 1587.000000 3.291898
 1588.000000 3.197223
 1589.000000 3.260267
 1590.000000 3.342391
 1591.000000 3.500159
 1592.000000 3.436850
 1593.000000 3.396872
 1594.000000 3.435268
 1595.000000 3.451000
 1596.000000 3.271958
 1597.000000 3.294510
 1598.000000 3.079273
 1599.000000 2.835342
 1600.000000 2.815352
 1601.000000 3.018821
 1602.000000 2.935026
 1603.000000 2.796034
 1604.000000 2.854181
 1605.000000 2.880974
 1606.000000 2.887396
 1607.000000 3.022666
 1608.000000 3.143683
 1609.000000 3.257155
 1610.000000 3.286816
 1611.000000 3.178539
 1612.000000 3.064381
 1613.000000 2.925487
 1614.000000 2.907952
 1615.000000 2.763500
 1616.000000 2.871839
 1617.000000 3.018800
 1618.000000 2.873562
 1619.000000 2.780035
 1620.000000 2.722848
 1621.000000 2.849994
 1622.000000 2.978938
 1623.000000 3.055507
 1624.000000 3.052853
 1625.000000 2.933337
 1626.000000 3.015176
 1627.000000 3.099302
 1628.000000 2.882364
 1629.000000 2.867023
 1630.000000 3.019653
 1631.000000 2.962816
 1632.000000 2.874852
 1633.000000 2.884870
 1634.000000 2.884795
 1635.000000 2.814435
 1636.000000 2.583425
 1637.000000 2.433322
 1638.000000 2.433464
 1639.000000 2.333273
 1640.000000 2.497807
 1641.000000 2.683874
 1642.000000 2.850452
 1643.000000 2.605312
 1644.000000 2.756977
 1645.000000 2.775126
 1646.000000 2.759289
 1647.000000 3.001449
 1648.000000 3.080019
 1649.000000 3.023303
 1650.000000 3.044423
 1651.000000 3.037256
 1652.000000 3.017010
 1653.000000 2.981499
 1654.000000 3.192691
 1655.000000 3.143977
 1656.000000 3.139489
 1657.000000 3.314574
 1658.000000 3.050080
 1659.000000 3.213713
 1660.000000 3.194907
 1661.000000 3.171303
 1662.000000 3.135908
 1663.000000 2.923454
 1664.000000 2.954031
 1665.000000 2.855143
 1666.000000 2.465426
 1667.000000 2.377958
 1668.000000 2.165557
 1669.000000 2.210009
 1670.000000 1.973003
 1671.000000 1.965364
 1672.000000 2.020538
 1673.000000 2.115522
 1674.000000 1.889527
 1675.000000 1.750674
 1676.000000 1.671977
 1677.000000 1.589823
 1678.000000 1.482646
 1679.000000 2.178686
 1680.000000 2.034773
 1681.000000 2.494293
 1682.000000 2.743945
 1683.000000 2.633021
 1684.000000 2.073990
 1685.000000 1.305647
 1686.000000 0.867697
 1687.000000 1.194615
 1688.000000 1.059283
 1689.000000 1.098567
 1690.000000 3.694976
 1691.000000 3.756430
 1692.000000 3.232157
 1693.000000 3.771724
 1694.000000 3.643000
 1695.000000 3.367036
 1696.000000 3.053359
 1697.000000 2.731331
 1698.000000 2.742348
 1699.000000 1.602584
 1700.000000 1.982523
 1701.000000 2.070508
 1702.000000 3.283613
 1703.000000 3.624833
 1704.000000 4.442558
 1705.000000 4.481862
 1706.000000 3.061088
 1707.000000 2.307107
 1708.000000 2.013342
 1709.000000 3.521349
 1710.000000 3.184835
 1711.000000 3.376992
 1712.000000 3.440135
 1713.000000 3.118375
 1714.000000 3.093700
 1715.000000 4.023343
 1716.000000 3.434123
 1717.000000 4.109753
 1718.000000 3.545647
 1719.000000 3.597375
 1720.000000 4.038489
 1721.000000 4.156058
 1722.000000 3.518668
 1723.000000 3.061065
 1724.000000 2.873358
 1725.000000 1.881747
 1726.000000 2.314981
 1727.000000 1.919093
 1728.000000 1.832876
 1729.000000 1.963427
 1730.000000 1.595959
 1731.000000 1.867367
 1732.000000 1.264090
 1733.000000 1.259914
 1734.000000 1.256010
 1735.000000 1.402988
 1736.000000 1.851142
 1737.000000 1.364730
 1738.000000 2.119050
 1739.000000 2.222954
 1740.000000 1.976511
 1741.000000 1.802410
 1742.000000 3.380873
 1743.000000 2.019202
 1744.000000 2.880217
 1745.000000 1.974279
 1746.000000 1.542741
 1747.000000 2.399858
 1748.000000 3.212810
 1749.000000 2.523522
 1750.000000 2.173508
 1751.000000 2.533708
 1752.000000 2.728184
 1753.000000 2.229794
 1754.000000 2.362506
 1755.000000 2.462258
 1756.000000 1.648603
 1757.000000 1.391168
 1758.000000 1.560883
 1759.000000 1.754939
 1760.000000 1.357291
 1761.000000 1.756294
 1762.000000 1.285282
 1763.000000 1.120673
 1764.000000 0.821338
 1765.000000 0.533835
 1766.000000 1.799926
 1767.000000 1.496387
 1768.000000 1.723869
 1769.000000 1.763400
 1770.000000 3.450983
 1771.000000 4.543824
 1772.000000 4.615677
 1773.000000 3.620588
 1774.000000 3.126000
 1775.000000 2.377713
 1776.000000 3.061248
 1777.000000 2.762051
 1778.000000 3.730535
 1779.000000 2.638110
 1780.000000 2.831963
 1781.000000 3.039346
 1782.000000 3.671381
 1783.000000 3.202024
 1784.000000 4.100074
 1785.000000 2.813981
 1786.000000 2.665824
 1787.000000 2.359640
 1788.000000 2.785903
 1789.000000 3.611806
 1790.000000 3.089024
 1791.000000 3.583093
 1792.000000 3.396033
 1793.000000 3.785051
 1794.000000 3.517512
 1795.000000 3.626864
 1796.000000 3.667769
 1797.000000 3.459138
 1798.000000 3.048598
 1799.000000 2.881224
 1800.000000 3.050676
 1801.000000 2.745425
 1802.000000 3.608425
 1803.000000 3.483097
 1804.000000 2.698954
 1805.000000 2.428282
 1806.000000 2.186112
 1807.000000 2.338147
 1808.000000 2.546570
 1809.000000 2.655613
 1810.000000 3.029538
 1811.000000 3.201085
 1812.000000 2.968932
 1813.000000 2.959103
 1814.000000 2.920930
 1815.000000 2.892621
 1816.000000 2.759690
 1817.000000 2.983881
 1818.000000 2.567945
 1819.000000 2.731982
 1820.000000 2.754415
 1821.000000 2.958727
 1822.000000 2.948328
 1823.000000 2.720704
 1824.000000 2.687757
 1825.000000 2.538984
 1826.000000 2.528378
 1827.000000 2.545597
 1828.000000 2.408432
 1829.000000 2.498711
 1830.000000 1.558222
 1831.000000 0.768573
 1832.000000 3.292389
 1833.000000 2.998910
 1834.000000 2.746473
 1835.000000 2.865589
 1836.000000 1.604104
 1837.000000 2.748420
 1838.000000 2.717091
 1839.000000 3.108593
 1840.000000 3.538302
 1841.000000 3.385936
 1842.000000 3.410425
 1843.000000 3.356473
 1844.000000 3.310915
 1845.000000 3.373171
 1846.000000 3.392033
 1847.000000 3.616582
 1848.000000 3.305643
 1849.000000 3.832678
 1850.000000 3.651855
 1851.000000 3.442482
 1852.000000 3.285833
 1853.000000 3.598921
 1854.000000 3.261459
 1855.000000 3.266032
 1856.000000 2.933842
 1857.000000 3.079277
 1858.000000 2.364901
 1859.000000 3.031671
 1860.000000 3.448805
 1861.000000 3.619936
 1862.000000 3.244065
 1863.000000 3.860027
 1864.000000 3.063783
 1865.000000 3.960839
 1866.000000 3.033487
 1867.000000 2.813462
 1868.000000 2.826154
 1869.000000 2.717510
 1870.000000 2.709831
 1871.000000 3.527706
 1872.000000 3.130380
 1873.000000 3.774726
 1874.000000 4.007771
 1875.000000 3.835756
 1876.000000 3.505685
 1877.000000 3.380219
 1878.000000 3.268775
 1879.000000 3.398624
 1880.000000 3.542720
 1881.000000 3.168485
 1882.000000 3.496162
 1883.000000 3.767881
 1884.000000 3.800298
 1885.000000 3.538575
 1886.000000 3.563305
 1887.000000 3.652147
 1888.000000 3.672623
 1889.000000 3.468340
 1890.000000 3.750757
 1891.000000 4.282657
 1892.000000 3.826739
 1893.000000 3.608687
 1894.000000 3.939917
 1895.000000 4.033486
 1896.000000 4.069135
 1897.000000 4.046026
 1898.000000 4.452168
 1899.000000 3.880898
 1900.000000 3.619446
 1901.000000 3.582797
 1902.000000 3.555463
 1903.000000 3.513046
 1904.000000 2.025977
 1905.000000 2.561127
 1906.000000 2.845160
 1907.000000 3.660741
 1908.000000 3.548221
 1909.000000 3.199243
 1910.000000 3.495613
 1911.000000 2.283012
 1912.000000 3.264980
 1913.000000 3.753317
 1914.000000 3.952894
 1915.000000 2.159113
 1916.000000 2.807188
 1917.000000 3.197830
 1918.000000 4.065680
 1919.000000 2.295447
 1920.000000 0.244469
 1921.000000 0.202685
 1922.000000 0.601302
 1923.000000 1.231224
 1924.000000 1.332820
 1925.000000 1.583897
 1926.000000 2.240305
 1927.000000 1.986462
 1928.000000 2.190872
 1929.000000 1.569248
 1930.000000 2.041026
 1931.000000 1.577153
 1932.000000 2.340856
 1933.000000 2.608722
 1934.000000 2.385794
 1935.000000 2.428810
 1936.000000 2.538063
 1937.000000 2.669069
 1938.000000 2.166827
 1939.000000 2.515407
 1940.000000 2.117250
 1941.000000 2.766553
 1942.000000 2.900823
 1943.000000 3.044755
 1944.000000 3.050274
 1945.000000 2.829363
 1946.000000 3.073109
 1947.000000 2.783103
 1948.000000 3.003810
 1949.000000 2.937354
 1950.000000 3.141036
 1951.000000 2.868373
 1952.000000 3.064865
 1953.000000 3.008891
 1954.000000 2.957675
 1955.000000 2.737747
 1956.000000 2.794397
 1957.000000 2.789841
 1958.000000 2.791960
 1959.000000 2.790865
 1960.000000 2.762845
 1961.000000 2.613432
 1962.000000 2.435423
 1963.000000 2.620484
 1964.000000 2.207017
 1965.000000 2.981737
 1966.000000 2.598266
 1967.000000 1.495169
 1968.000000 2.204616
 1969.000000 2.870633
 1970.000000 2.362094
 1971.000000 1.494778
 1972.000000 2.425691
 1973.000000 2.009152
 1974.000000 1.986447
 1975.000000 1.477722
 1976.000000 1.563619
 1977.000000 0.806558
 1978.000000 1.134968
 1979.000000 2.650696
 1980.000000 1.749491
 1981.000000 2.963045
 1982.000000 3.084390
 1983.000000 3.883538
 1984.000000 3.716790
 1985.000000 3.028928
 1986.000000 2.689377
 1987.000000 3.736079
 1988.000000 3.552832
 1989.000000 3.394000
 1990.000000 3.344672
 1991.000000 3.167235
 1992.000000 3.051741
 1993.000000 3.276533
 1994.000000 3.784089
 1995.000000 2.659962
 1996.000000 1.721100
 1997.000000 3.614099
 1998.000000 2.993168
 1999.000000 2.869918
 2000.000000 3.181943
 2001.000000 2.603601
 2002.000000 2.620741
 2003.000000 2.825503
 2004.000000 2.452701
 2005.000000 2.755419
 2006.000000 2.571922
 2007.000000 2.606017
 2008.000000 2.294223
 2009.000000 3.016166
 2010.000000 2.604830
 2011.000000 2.627075
 2012.000000 2.763323
 2013.000000 2.624475
 2014.000000 2.989192
 2015.000000 3.233648
 2016.000000 2.530850
 2017.000000 3.111407
 2018.000000 3.377782
 2019.000000 4.210398
 2020.000000 3.881079
 2021.000000 3.929075
 2022.000000 3.892092
 2023.000000 3.843941
 2024.000000 3.659963
