#! FIELDS time r4.min
 0.000000 2.443568
 1.000000 2.391198
 2.000000 2.850702
 3.000000 3.473208
 4.000000 2.730949
 5.000000 2.222248
 6.000000 2.228457
 7.000000 2.117763
 8.000000 2.243599
 9.000000 3.226827
 10.000000 1.978915
 11.000000 2.393431
 12.000000 3.727139
 13.000000 3.694325
 14.000000 3.031030
 15.000000 3.159479
 16.000000 3.388611
 17.000000 3.612426
 18.000000 3.228417
 19.000000 3.424828
 20.000000 3.025597
 21.000000 3.864093
 22.000000 4.085316
 23.000000 3.341635
 24.000000 3.166203
 25.000000 0.720951
 26.000000 3.113538
 27.000000 3.854342
 28.000000 3.696820
 29.000000 3.268868
 30.000000 2.266448
 31.000000 2.508636
 32.000000 3.784359
 33.000000 4.309542
 34.000000 2.792147
 35.000000 2.737831
 36.000000 4.283312
 37.000000 4.097381
 38.000000 4.662107
 39.000000 3.928508
 40.000000 3.850727
 41.000000 3.274784
 42.000000 3.089340
 43.000000 4.206835
 44.000000 3.657158
 45.000000 2.949183
 46.000000 3.237185
 47.000000 3.272977
 48.000000 3.532456
 49.000000 3.436301
 50.000000 3.132004
 51.000000 3.279265
 52.000000 2.948461
 53.000000 3.228967
 54.000000 2.853039
 55.000000 2.729439
 56.000000 2.786130
 57.000000 2.760385
 58.000000 2.949591
 59.000000 2.835406
 60.000000 2.695172
 61.000000 2.624875
 62.000000 2.289600
 63.000000 2.367934
 64.000000 2.382581
 65.000000 2.591751
 66.000000 3.502206
 67.000000 4.178471
 68.000000 3.878752
 69.000000 4.161877
 70.000000 4.196545
 71.000000 3.712889
 72.000000 4.214146
 73.000000 4.449532
 74.000000 4.206621
 75.000000 3.082734
 76.000000 3.852643
 77.000000 3.474247
 78.000000 3.168833
 79.000000 3.407067
 80.000000 3.350891
 81.000000 3.417578
 82.000000 3.167173
 83.000000 3.557540
 84.000000 3.069220
 85.000000 3.414415
 86.000000 3.272330
 87.000000 3.428847
 88.000000 3.192404
 89.000000 3.667522
 90.000000 3.660653
 91.000000 3.687888
 92.000000 3.593214
 93.000000 4.012772
 94.000000 4.026655
 95.000000 3.721837
 96.000000 3.374787
 97.000000 3.563543
 98.000000 3.226404
 99.000000 2.450284
 100.000000 3.007951
 101.000000 3.000276
 102.000000 3.832371
 103.000000 3.602852
 104.000000 2.909768
 105.000000 2.391999
 106.000000 3.573942
 107.000000 3.207833
 108.000000 2.564823
 109.000000 2.537612
 110.000000 2.524303
 111.000000 2.678406
 112.000000 2.741260
 113.000000 3.108987
 114.000000 3.185931
 115.000000 3.001859
 116.000000 3.149956
 117.000000 3.127657
 118.000000 2.941665
 119.000000 2.612975
 120.000000 2.866836
 121.000000 2.907891
 122.000000 2.944754
 123.000000 2.807911
 124.000000 2.933282
 125.000000 2.670865
 126.000000 2.456020
 127.000000 2.384626
 128.000000 2.201258
 129.000000 1.792374
 130.000000 1.648169
 131.000000 1.574970
 132.000000 1.879208
 133.000000 2.325844
 134.000000 2.205554
 135.000000 2.467038
 136.000000 2.674870
 137.000000 2.382033
 138.000000 1.795854
 139.000000 1.864232
 140.000000 1.929788
 141.000000 1.905762
 142.000000 3.102375
 143.000000 2.974846
 144.000000 2.574623
 145.000000 2.428420
 146.000000 3.793071
 147.000000 3.814258
 148.000000 3.594510
 149.000000 3.708429
 150.000000 3.561552
 151.000000 3.518567
 152.000000 2.467471
 153.000000 2.680553
 154.000000 2.863558
 155.000000 3.275313
 156.000000 4.084801
 157.000000 3.477962
 158.000000 3.825741
 159.000000 3.618007
 160.000000 3.764623
 161.000000 4.289381
 162.000000 4.019035
 163.000000 4.002286
 164.000000 3.863122
 165.000000 3.306958
 166.000000 2.764229
 167.000000 2.557303
 168.000000 4.188028
 169.000000 3.303414
 170.000000 3.243434
 171.000000 3.105506
 172.000000 3.257549
 173.000000 3.406458
 174.000000 3.472912
 175.000000 3.438278
 176.000000 3.445482
 177.000000 3.347053
 178.000000 3.278878
 179.000000 3.478450
 180.000000 3.438155
 181.000000 3.370217
 182.000000 3.339029
 183.000000 3.044443
 184.000000 3.128157
 185.000000 3.093889
 186.000000 3.165021
 187.000000 3.076817
 188.000000 3.225401
 189.000000 3.185285
 190.000000 3.309419
 191.000000 3.253680
 192.000000 3.453330
 193.000000 3.285768
 194.000000 3.425958
 195.000000 3.469327
 196.000000 3.363157
 197.000000 3.418778
 198.000000 3.243259
 199.000000 3.346761
 200.000000 3.335107
 201.000000 3.347436
 202.000000 3.262014
 203.000000 3.383841
 204.000000 3.746515
 205.000000 3.577241
 206.000000 3.191851
 207.000000 3.278889
 208.000000 3.445062
 209.000000 3.634619
 210.000000 3.823167
 211.000000 3.752061
 212.000000 3.287168
 213.000000 3.396047
 214.000000 3.640925
 215.000000 3.773144
 216.000000 3.961750
 217.000000 3.666980
 218.000000 3.898058
 219.000000 4.027549
 220.000000 3.850181
 221.000000 3.976750
 222.000000 3.967077
 223.000000 3.995639
 224.000000 4.112209
 225.000000 4.240245
 226.000000 4.009772
 227.000000 3.939238
 228.000000 3.995726
 229.000000 3.950673
 230.000000 3.895961
 231.000000 3.950427
 232.000000 3.853736
 233.000000 4.109383
 234.000000 4.115105
 235.000000 4.111558
 236.000000 4.196968
 237.000000 4.213573
 238.000000 4.055960
 239.000000 4.195409
 240.000000 4.318319
 241.000000 4.404391
 242.000000 4.570176
 243.000000 4.517992
 244.000000 3.396679
 245.000000 2.291210
 246.000000 1.010060
 247.000000 1.617322
 248.000000 2.857046
 249.000000 3.145786
 250.000000 3.235472
 251.000000 2.755580
 252.000000 3.464912
 253.000000 3.440736
 254.000000 3.194990
 255.000000 3.229644
 256.000000 2.730190
 257.000000 3.313840
 258.000000 3.037260
 259.000000 2.670075
 260.000000 1.481138
 261.000000 0.875467
 262.000000 2.745177
 263.000000 2.453746
 264.000000 4.293501
 265.000000 2.849308
 266.000000 3.330551
 267.000000 3.628615
 268.000000 2.595911
 269.000000 2.729664
 270.000000 2.840278
 271.000000 2.900326
 272.000000 1.840021
 273.000000 3.065303
 274.000000 3.368324
 275.000000 1.942153
 276.000000 2.962154
 277.000000 3.241740
 278.000000 2.591006
 279.000000 3.984532
 280.000000 1.977441
 281.000000 2.765750
 282.000000 3.112678
 283.000000 3.438767
 284.000000 2.231948
 285.000000 3.861085
 286.000000 2.945333
 287.000000 3.473983
 288.000000 3.866989
 289.000000 2.480524
 290.000000 3.429476
 291.000000 3.626070
 292.000000 3.990769
 293.000000 3.725496
 294.000000 3.989248
 295.000000 3.691419
 296.000000 3.185340
 297.000000 3.333908
 298.000000 2.776223
 299.000000 1.507720
 300.000000 1.751880
 301.000000 1.486400
 302.000000 2.336213
 303.000000 3.300953
 304.000000 3.829374
 305.000000 3.605118
 306.000000 3.511852
 307.000000 3.612422
 308.000000 2.587488
 309.000000 3.167341
 310.000000 2.518392
 311.000000 1.646488
 312.000000 2.281202
 313.000000 3.417342
 314.000000 3.351815
 315.000000 3.164555
 316.000000 3.785923
 317.000000 4.007570
 318.000000 3.343397
 319.000000 2.502948
 320.000000 3.215770
 321.000000 2.223682
 322.000000 2.064013
 323.000000 3.116461
 324.000000 3.255507
 325.000000 4.187425
 326.000000 4.088649
 327.000000 3.901196
 328.000000 3.051796
 329.000000 3.375272
 330.000000 2.332478
 331.000000 3.255632
 332.000000 2.540721
 333.000000 1.482286
 334.000000 2.424631
 335.000000 3.488488
 336.000000 3.540461
 337.000000 3.814137
 338.000000 3.591688
 339.000000 4.141016
 340.000000 3.213562
 341.000000 3.918832
 342.000000 3.867164
 343.000000 3.646003
 344.000000 3.359623
 345.000000 2.962114
 346.000000 2.816031
 347.000000 3.410341
 348.000000 3.265239
 349.000000 3.013418
 350.000000 2.786576
 351.000000 2.889174
 352.000000 3.064731
 353.000000 3.225328
 354.000000 3.497248
 355.000000 3.499197
 356.000000 3.494892
 357.000000 3.119769
 358.000000 2.809593
 359.000000 3.233916
 360.000000 3.488693
 361.000000 3.530279
 362.000000 3.586852
 363.000000 3.838870
 364.000000 3.979313
 365.000000 4.174421
 366.000000 4.197918
 367.000000 4.305117
 368.000000 4.181672
 369.000000 4.332000
 370.000000 4.202668
 371.000000 4.147485
 372.000000 4.110160
 373.000000 4.163194
 374.000000 3.768756
 375.000000 3.773904
 376.000000 3.801517
 377.000000 3.978991
 378.000000 3.923569
 379.000000 4.002280
 380.000000 3.914783
 381.000000 3.894149
 382.000000 3.970336
 383.000000 4.081077
 384.000000 4.111522
 385.000000 4.002112
 386.000000 3.728758
 387.000000 3.873261
 388.000000 3.957792
 389.000000 4.318655
 390.000000 4.266889
 391.000000 4.090151
 392.000000 4.018615
 393.000000 4.071666
 394.000000 4.118901
 395.000000 3.793004
 396.000000 3.807901
 397.000000 3.680042
 398.000000 3.735632
 399.000000 3.694431
 400.000000 3.770646
 401.000000 3.854518
 402.000000 3.843597
 403.000000 4.089747
 404.000000 4.075204
 405.000000 3.993849
 406.000000 3.838489
 407.000000 3.940867
 408.000000 4.054059
 409.000000 4.055548
 410.000000 3.971348
 411.000000 4.085441
 412.000000 4.002726
 413.000000 3.748615
 414.000000 3.677292
 415.000000 3.853263
 416.000000 3.732219
 417.000000 3.857002
 418.000000 3.864816
 419.000000 4.044201
 420.000000 4.470025
 421.000000 3.102247
 422.000000 4.572305
 423.000000 4.671698
 424.000000 4.686170
 425.000000 4.898138
 426.000000 5.055117
 427.000000 5.101051
 428.000000 5.223738
 429.000000 3.643736
 430.000000 4.940553
 431.000000 4.478445
 432.000000 4.364237
 433.000000 4.540950
 434.000000 4.652004
 435.000000 4.905050
 436.000000 5.008832
 437.000000 5.184657
 438.000000 5.128639
 439.000000 4.930007
 440.000000 5.120904
 441.000000 5.004669
 442.000000 4.849637
 443.000000 3.501386
 444.000000 2.946500
 445.000000 2.575821
 446.000000 4.072185
 447.000000 3.181630
 448.000000 3.492926
 449.000000 3.041029
 450.000000 3.574092
 451.000000 3.921086
 452.000000 4.113360
 453.000000 4.546774
 454.000000 4.232948
 455.000000 4.720925
 456.000000 3.972667
 457.000000 2.212723
 458.000000 2.789117
 459.000000 3.463976
 460.000000 3.550392
 461.000000 2.938542
 462.000000 2.146039
 463.000000 2.755130
 464.000000 1.191715
 465.000000 3.229833
 466.000000 4.259111
 467.000000 3.919089
 468.000000 4.357712
 469.000000 4.486241
 470.000000 4.427529
 471.000000 4.103068
 472.000000 3.939000
 473.000000 3.967331
 474.000000 3.348832
 475.000000 3.885653
 476.000000 3.747440
 477.000000 2.883807
 478.000000 2.131182
 479.000000 1.113336
 480.000000 0.792002
 481.000000 0.671579
 482.000000 0.618855
 483.000000 1.754700
 484.000000 2.737376
 485.000000 3.180309
 486.000000 3.699799
 487.000000 4.056596
 488.000000 3.304407
 489.000000 3.497155
 490.000000 3.913746
 491.000000 2.888849
 492.000000 2.936700
 493.000000 3.491439
 494.000000 3.286381
 495.000000 4.149456
 496.000000 4.070843
 497.000000 3.317093
 498.000000 3.591428
 499.000000 3.659012
 500.000000 3.793165
 501.000000 4.343096
 502.000000 3.296942
 503.000000 2.872020
 504.000000 3.985787
 505.000000 2.433280
 506.000000 2.926911
 507.000000 3.047739
 508.000000 2.648129
 509.000000 2.891436
 510.000000 3.365776
 511.000000 2.975441
 512.000000 2.415669
 513.000000 3.399932
 514.000000 3.548813
 515.000000 3.432373
 516.000000 4.090590
 517.000000 3.405688
 518.000000 3.680328
 519.000000 3.053910
 520.000000 3.341135
 521.000000 3.575135
 522.000000 4.330503
 523.000000 3.054912
 524.000000 2.987511
 525.000000 2.372994
 526.000000 1.072573
 527.000000 1.984771
 528.000000 2.510805
 529.000000 2.748937
 530.000000 2.757560
 531.000000 3.768804
 532.000000 3.839758
 533.000000 2.814092
 534.000000 0.612656
 535.000000 0.308414
 536.000000 1.252273
 537.000000 2.586391
 538.000000 3.181531
 539.000000 3.130682
 540.000000 3.296594
 541.000000 2.341144
 542.000000 3.118742
 543.000000 2.073093
 544.000000 2.400562
 545.000000 2.326518
 546.000000 3.253969
 547.000000 2.985904
 548.000000 3.295341
 549.000000 3.357535
 550.000000 2.801634
 551.000000 2.529804
 552.000000 2.768682
 553.000000 2.946551
 554.000000 3.601931
 555.000000 3.779325
 556.000000 3.212798
 557.000000 2.678994
 558.000000 3.023747
 559.000000 2.826657
 560.000000 2.783257
 561.000000 2.918579
 562.000000 3.210536
 563.000000 2.804080
 564.000000 2.583943
 565.000000 2.809398
 566.000000 2.924425
 567.000000 3.008430
 568.000000 3.102131
 569.000000 2.858433
 570.000000 2.594331
 571.000000 2.420132
 572.000000 2.090046
 573.000000 2.179438
 574.000000 2.354615
 575.000000 1.993018
 576.000000 1.782114
 577.000000 1.616250
 578.000000 1.996615
 579.000000 3.372901
 580.000000 2.582421
 581.000000 3.150631
 582.000000 3.216691
 583.000000 3.529456
 584.000000 3.587941
 585.000000 2.784627
 586.000000 3.241576
 587.000000 3.509825
 588.000000 1.946474
 589.000000 2.185639
 590.000000 3.087260
 591.000000 3.620907
 592.000000 4.598093
 593.000000 4.297865
 594.000000 4.033077
 595.000000 4.270051
 596.000000 4.300212
 597.000000 4.539641
 598.000000 4.431823
 599.000000 4.296515
 600.000000 4.398520
 601.000000 4.751537
 602.000000 4.858099
 603.000000 4.681466
 604.000000 4.675496
 605.000000 4.303497
 606.000000 4.508630
 607.000000 4.626493
 608.000000 4.444608
 609.000000 4.390874
 610.000000 4.472164
 611.000000 4.557710
 612.000000 4.503205
 613.000000 4.569963
 614.000000 4.650500
 615.000000 4.751860
 616.000000 4.741797
 617.000000 4.734107
 618.000000 3.550426
 619.000000 4.861596
 620.000000 4.785908
 621.000000 4.859475
 622.000000 4.989170
 623.000000 4.812219
 624.000000 3.272693
 625.000000 4.802707
 626.000000 4.712381
 627.000000 3.172849
 628.000000 4.746635
 629.000000 3.054325
 630.000000 3.252762
 631.000000 3.155831
 632.000000 2.951675
 633.000000 3.277973
 634.000000 4.819321
 635.000000 4.901903
 636.000000 4.852017
 637.000000 3.057935
 638.000000 3.147427
 639.000000 4.838228
 640.000000 4.792494
 641.000000 3.232235
 642.000000 4.944102
 643.000000 3.285276
 644.000000 3.123927
 645.000000 3.483845
 646.000000 4.999593
 647.000000 4.853120
 648.000000 3.839370
 649.000000 3.832470
 650.000000 3.728278
 651.000000 3.578166
 652.000000 3.766157
 653.000000 4.447131
 654.000000 4.733774
 655.000000 4.656514
 656.000000 4.582105
 657.000000 4.704426
 658.000000 4.449739
 659.000000 4.419071
 660.000000 4.267600
 661.000000 4.061172
 662.000000 4.116568
 663.000000 4.035098
 664.000000 3.931548
 665.000000 4.066872
 666.000000 3.847092
 667.000000 3.905873
 668.000000 3.968600
 669.000000 4.051960
 670.000000 3.991935
 671.000000 3.883310
 672.000000 3.914737
 673.000000 4.077256
 674.000000 4.084079
 675.000000 4.123790
 676.000000 4.077521
 677.000000 4.033467
 678.000000 4.141334
 679.000000 4.285913
 680.000000 4.074693
 681.000000 3.893861
 682.000000 3.771634
 683.000000 3.644336
 684.000000 3.691242
 685.000000 3.712991
 686.000000 3.737723
 687.000000 3.549920
 688.000000 3.388200
 689.000000 3.611105
 690.000000 3.746730
 691.000000 3.989310
 692.000000 3.846136
 693.000000 3.972097
 694.000000 3.655239
 695.000000 3.860621
 696.000000 3.834919
 697.000000 3.971149
 698.000000 3.894605
 699.000000 3.875959
 700.000000 3.781660
 701.000000 3.605174
 702.000000 3.472056
 703.000000 3.218341
 704.000000 3.259640
 705.000000 1.673681
 706.000000 2.240319
 707.000000 3.763818
 708.000000 3.613432
 709.000000 4.031459
 710.000000 4.323656
 711.000000 3.823134
 712.000000 3.022354
 713.000000 3.725754
 714.000000 3.274384
 715.000000 3.579384
 716.000000 3.443058
 717.000000 3.657502
 718.000000 2.764972
 719.000000 2.178871
 720.000000 2.655017
 721.000000 1.704534
 722.000000 3.056024
 723.000000 3.555788
 724.000000 2.127770
 725.000000 1.548626
 726.000000 3.015525
 727.000000 2.829768
 728.000000 3.794470
 729.000000 3.414967
 730.000000 3.763205
 731.000000 3.096013
 732.000000 2.049120
 733.000000 2.496699
 734.000000 4.646403
 735.000000 4.662254
 736.000000 3.821075
 737.000000 3.312104
 738.000000 3.707884
 739.000000 2.890380
 740.000000 3.683800
 741.000000 3.179419
 742.000000 4.078617
 743.000000 2.724149
 744.000000 4.058315
 745.000000 3.747862
 746.000000 3.451744
 747.000000 3.285254
 748.000000 3.741415
 749.000000 3.774903
 750.000000 3.450788
 751.000000 3.407080
 752.000000 3.599533
 753.000000 3.977044
 754.000000 3.692715
 755.000000 3.533495
 756.000000 3.063223
 757.000000 3.097568
 758.000000 1.858918
 759.000000 2.202745
 760.000000 1.851804
 761.000000 1.783349
 762.000000 1.253136
 763.000000 1.292090
 764.000000 2.393032
 765.000000 2.312228
 766.000000 2.410141
 767.000000 3.009212
 768.000000 3.914602
 769.000000 3.755829
 770.000000 4.300708
 771.000000 4.452838
 772.000000 4.580623
 773.000000 4.166028
 774.000000 3.775713
 775.000000 1.691510
 776.000000 1.907736
 777.000000 2.251657
 778.000000 2.076899
 779.000000 1.849978
 780.000000 2.843449
 781.000000 2.119487
 782.000000 2.288463
 783.000000 1.323641
 784.000000 2.113308
 785.000000 3.025162
 786.000000 3.632989
 787.000000 2.401607
 788.000000 3.731114
 789.000000 3.077095
 790.000000 3.748733
 791.000000 3.858499
 792.000000 3.977762
 793.000000 3.795291
 794.000000 4.400026
 795.000000 3.769769
 796.000000 3.567864
 797.000000 3.960398
 798.000000 3.746511
 799.000000 2.848151
 800.000000 2.641658
 801.000000 3.198676
 802.000000 2.522927
 803.000000 3.106475
 804.000000 3.181138
 805.000000 2.950113
 806.000000 2.926378
 807.000000 2.420975
 808.000000 2.509828
 809.000000 2.974630
 810.000000 2.804744
 811.000000 3.047966
 812.000000 3.124410
 813.000000 2.998395
 814.000000 3.083190
 815.000000 2.504350
 816.000000 3.313476
 817.000000 3.976234
 818.000000 3.820265
 819.000000 3.919847
 820.000000 4.016409
 821.000000 3.992649
 822.000000 3.732742
 823.000000 3.328652
 824.000000 3.053270
 825.000000 3.252455
 826.000000 2.456129
 827.000000 2.407594
 828.000000 1.763481
 829.000000 2.502580
 830.000000 2.720318
 831.000000 2.707031
 832.000000 2.332886
 833.000000 2.458596
 834.000000 2.490740
 835.000000 2.838380
 836.000000 3.206963
 837.000000 2.697537
 838.000000 3.270014
 839.000000 2.728552
 840.000000 2.967378
 841.000000 3.401479
 842.000000 2.893153
 843.000000 3.162102
 844.000000 3.756339
 845.000000 3.415138
 846.000000 3.155338
 847.000000 3.357610
 848.000000 3.126755
 849.000000 3.801476
 850.000000 3.912320
 851.000000 3.679906
 852.000000 3.357718
 853.000000 3.245704
 854.000000 3.240422
 855.000000 4.228495
 856.000000 4.034218
 857.000000 3.724083
 858.000000 3.970121
 859.000000 3.881571
 860.000000 3.622714
 861.000000 3.742266
 862.000000 3.456329
 863.000000 3.594625
 864.000000 4.009835
 865.000000 3.207204
 866.000000 2.859746
 867.000000 3.630220
 868.000000 3.156065
 869.000000 2.592526
 870.000000 3.047021
 871.000000 3.804741
 872.000000 3.783870
 873.000000 3.316439
 874.000000 3.190389
 875.000000 3.444900
 876.000000 3.085991
 877.000000 3.732609
 878.000000 3.153360
 879.000000 3.465314
 880.000000 2.378663
 881.000000 3.879720
 882.000000 2.847788
 883.000000 4.116914
 884.000000 3.707282
 885.000000 4.235095
 886.000000 4.024026
 887.000000 3.162598
 888.000000 3.644744
 889.000000 3.905653
 890.000000 3.818378
 891.000000 3.124898
 892.000000 3.573769
 893.000000 3.827700
 894.000000 3.776814
 895.000000 3.578152
 896.000000 2.963925
 897.000000 3.058899
 898.000000 3.143513
 899.000000 3.492638
 900.000000 3.066402
 901.000000 3.284874
 902.000000 3.564827
 903.000000 3.827214
 904.000000 4.097407
 905.000000 3.927165
 906.000000 3.150650
 907.000000 2.625259
 908.000000 2.147197
 909.000000 2.134800
 910.000000 2.077807
 911.000000 2.152608
 912.000000 2.142503
 913.000000 2.111546
 914.000000 2.106748
 915.000000 2.058808
 916.000000 2.071874
 917.000000 2.120916
 918.000000 2.066674
 919.000000 2.083999
 920.000000 2.232153
 921.000000 2.324507
 922.000000 2.424068
 923.000000 2.663969
 924.000000 2.753996
 925.000000 2.417771
 926.000000 2.563109
 927.000000 2.494917
 928.000000 2.485274
 929.000000 2.584500
 930.000000 2.692563
 931.000000 2.681816
 932.000000 2.476760
 933.000000 2.451800
 934.000000 2.690701
 935.000000 2.420389
 936.000000 2.351342
 937.000000 2.209885
 938.000000 2.462133
 939.000000 2.560131
 940.000000 2.570755
 941.000000 2.460864
 942.000000 2.377876
 943.000000 2.404033
 944.000000 2.227802
 945.000000 2.126074
 946.000000 2.161256
 947.000000 2.092155
 948.000000 2.037291
 949.000000 2.102318
 950.000000 2.192328
 951.000000 2.167685
 952.000000 2.275393
 953.000000 2.360655
 954.000000 2.545014
 955.000000 2.511974
 956.000000 2.339392
 957.000000 2.499046
 958.000000 2.404486
 959.000000 2.383273
 960.000000 2.363067
 961.000000 2.308990
 962.000000 2.533190
 963.000000 2.458098
 964.000000 2.067319
 965.000000 2.477539
 966.000000 2.461929
 967.000000 2.478076
 968.000000 2.417054
 969.000000 2.479337
 970.000000 2.443246
 971.000000 2.323104
 972.000000 2.319514
 973.000000 2.392463
 974.000000 2.303141
 975.000000 2.261946
 976.000000 2.320045
 977.000000 2.153325
 978.000000 3.056724
 979.000000 2.972810
 980.000000 2.773284
 981.000000 2.043755
 982.000000 3.651479
 983.000000 2.889265
 984.000000 2.571207
 985.000000 3.904970
 986.000000 3.345741
 987.000000 3.826285
 988.000000 3.499116
 989.000000 3.156488
 990.000000 2.845546
 991.000000 3.005236
 992.000000 4.046153
 993.000000 4.019065
 994.000000 3.750873
 995.000000 3.160428
 996.000000 3.624397
 997.000000 3.517749
 998.000000 2.134376
 999.000000 2.560859
 1000.000000 2.536348
 1001.000000 1.661824
 1002.000000 1.264497
 1003.000000 1.336940
 1004.000000 1.511147
 1005.000000 1.510892
 1006.000000 1.440522
 1007.000000 1.486131
 1008.000000 1.090850
 1009.000000 1.364487
 1010.000000 0.980060
 1011.000000 0.779127
 1012.000000 1.742447
 1013.000000 1.907179
 1014.000000 1.876455
 1015.000000 2.202633
 1016.000000 2.501005
 1017.000000 2.500744
 1018.000000 2.215944
 1019.000000 2.314332
 1020.000000 2.074792
 1021.000000 2.075508
 1022.000000 1.997503
 1023.000000 1.910702
 1024.000000 1.794206
 1025.000000 1.682636
 1026.000000 1.647459
 1027.000000 1.720692
 1028.000000 1.598707
 1029.000000 1.646023
 1030.000000 1.366261
 1031.000000 1.710792
 1032.000000 1.457085
 1033.000000 1.538774
 1034.000000 1.369149
 1035.000000 1.416724
 1036.000000 1.452643
 1037.000000 1.379235
 1038.000000 1.250372
 1039.000000 1.339611
 1040.000000 1.690142
 1041.000000 2.797925
 1042.000000 2.812017
 1043.000000 3.513984
 1044.000000 3.212005
 1045.000000 3.457669
 1046.000000 3.835050
 1047.000000 3.977243
 1048.000000 4.145189
 1049.000000 4.061598
 1050.000000 4.219927
 1051.000000 3.950008
 1052.000000 3.649740
 1053.000000 3.211563
 1054.000000 3.392380
 1055.000000 3.868930
 1056.000000 3.352974
 1057.000000 3.521273
 1058.000000 3.472821
 1059.000000 3.371338
 1060.000000 3.719654
 1061.000000 4.008426
 1062.000000 4.039978
 1063.000000 4.077416
 1064.000000 4.426597
 1065.000000 4.210052
 1066.000000 4.129395
 1067.000000 3.746807
 1068.000000 3.932804
 1069.000000 4.066236
 1070.000000 4.008330
 1071.000000 4.098784
 1072.000000 3.469875
 1073.000000 3.601398
 1074.000000 2.703950
 1075.000000 2.796531
 1076.000000 1.852965
 1077.000000 2.181820
 1078.000000 3.157019
 1079.000000 3.603184
 1080.000000 3.092108
 1081.000000 1.286842
 1082.000000 1.509908
 1083.000000 2.939300
 1084.000000 3.290441
 1085.000000 2.438399
 1086.000000 3.756302
 1087.000000 3.682181
 1088.000000 2.842174
 1089.000000 4.547343
 1090.000000 4.396413
 1091.000000 3.789744
 1092.000000 3.398433
 1093.000000 3.791302
 1094.000000 3.425320
 1095.000000 3.118367
 1096.000000 3.099386
 1097.000000 3.733570
 1098.000000 3.492861
 1099.000000 3.342659
 1100.000000 3.359707
 1101.000000 3.022220
 1102.000000 2.129110
 1103.000000 1.672223
 1104.000000 1.256702
 1105.000000 2.894177
 1106.000000 2.144800
 1107.000000 1.596226
 1108.000000 1.523796
 1109.000000 1.568948
 1110.000000 2.107714
 1111.000000 1.888563
 1112.000000 1.661524
 1113.000000 1.962792
 1114.000000 1.721239
 1115.000000 1.976501
 1116.000000 1.776543
 1117.000000 1.328372
 1118.000000 1.918934
 1119.000000 2.141559
 1120.000000 1.366206
 1121.000000 1.354539
 1122.000000 1.355480
 1123.000000 1.984150
 1124.000000 1.362393
 1125.000000 2.256926
 1126.000000 2.421841
 1127.000000 2.193676
 1128.000000 2.478882
 1129.000000 2.556058
 1130.000000 2.595619
 1131.000000 2.714265
 1132.000000 2.610067
 1133.000000 2.613696
 1134.000000 2.291489
 1135.000000 2.256871
 1136.000000 2.320365
 1137.000000 2.364918
 1138.000000 2.251038
 1139.000000 2.261309
 1140.000000 2.035518
 1141.000000 1.967377
 1142.000000 1.915958
 1143.000000 1.984377
 1144.000000 1.691843
 1145.000000 1.651677
 1146.000000 1.697580
 1147.000000 1.683399
 1148.000000 1.560565
 1149.000000 1.530607
 1150.000000 1.545496
 1151.000000 2.044096
 1152.000000 1.874729
 1153.000000 2.025937
 1154.000000 2.083369
 1155.000000 2.470822
 1156.000000 2.111942
 1157.000000 2.082598
 1158.000000 1.976796
 1159.000000 1.936724
 1160.000000 2.126662
 1161.000000 2.206275
 1162.000000 2.236735
 1163.000000 2.225542
 1164.000000 1.840453
 1165.000000 2.159660
 1166.000000 2.071153
 1167.000000 1.777985
 1168.000000 2.316979
 1169.000000 2.600034
 1170.000000 2.638726
 1171.000000 2.370119
 1172.000000 2.326759
 1173.000000 2.255279
 1174.000000 2.313878
 1175.000000 2.134990
 1176.000000 2.147978
 1177.000000 2.279350
 1178.000000 2.044662
 1179.000000 1.948762
 1180.000000 1.916434
 1181.000000 1.925328
 1182.000000 1.884636
 1183.000000 1.951159
 1184.000000 1.958970
 1185.000000 1.850551
 1186.000000 1.833709
 1187.000000 1.734608
 1188.000000 1.690843
 1189.000000 1.726220
 1190.000000 1.897014
 1191.000000 1.744305
 1192.000000 1.704282
 1193.000000 1.813143
 1194.000000 1.793638
 1195.000000 1.637996
 1196.000000 1.830507
 1197.000000 1.902870
 1198.000000 1.768205
 1199.000000 1.613020
 1200.000000 1.751245
 1201.000000 1.845446
 1202.000000 1.853341
 1203.000000 1.754990
 1204.000000 1.854962
 1205.000000 1.771682
 1206.000000 1.802680
 1207.000000 1.849933
 1208.000000 1.900985
 1209.000000 1.755943
 1210.000000 1.953870
 1211.000000 1.852923
 1212.000000 1.687626
 1213.000000 1.744498
 1214.000000 1.795360
 1215.000000 2.059748
 1216.000000 1.771339
 1217.000000 1.943703
 1218.000000 1.926341
 1219.000000 1.725000
 1220.000000 1.699761
 1221.000000 1.943505
 1222.000000 1.883580
 1223.000000 1.868423
 1224.000000 2.043197
 1225.000000 1.919125
 1226.000000 1.989664
 1227.000000 1.970590
 1228.000000 2.077205
 1229.000000 1.982854
 1230.000000 1.977237
 1231.000000 1.950446
 1232.000000 2.083528
 1233.000000 2.081223
 1234.000000 2.134696
 1235.000000 2.113819
 1236.000000 2.140304
 1237.000000 2.227283
 1238.000000 2.082678
 1239.000000 2.030912
 1240.000000 2.168126
 1241.000000 2.179465
 1242.000000 2.085403
 1243.000000 2.094473
 1244.000000 2.037078
 1245.000000 2.025246
 1246.000000 1.994759
 1247.000000 1.962580
 1248.000000 2.026894
 1249.000000 1.975605
 1250.000000 1.960665
 1251.000000 1.991786
 1252.000000 2.000954
 1253.000000 1.968569
 1254.000000 1.920915
 1255.000000 1.886244
 1256.000000 1.903680
 1257.000000 1.890776
 1258.000000 1.837354
 1259.000000 1.831430
 1260.000000 1.799388
 1261.000000 1.793238
 1262.000000 1.826816
 1263.000000 1.884913
 1264.000000 1.909460
 1265.000000 1.872027
 1266.000000 1.776370
 1267.000000 1.804534
 1268.000000 1.701344
 1269.000000 1.761863
 1270.000000 1.664103
 1271.000000 1.722964
 1272.000000 1.777482
 1273.000000 1.761679
 1274.000000 1.831177
 1275.000000 1.921573
 1276.000000 1.960125
 1277.000000 1.971239
 1278.000000 2.005532
 1279.000000 2.217913
 1280.000000 2.164958
 1281.000000 2.406685
 1282.000000 2.346253
 1283.000000 2.225923
 1284.000000 2.275100
 1285.000000 2.141132
 1286.000000 2.227593
 1287.000000 2.065266
 1288.000000 2.050603
 1289.000000 2.215866
 1290.000000 2.211824
 1291.000000 1.913901
 1292.000000 1.994895
 1293.000000 2.053155
 1294.000000 1.974893
 1295.000000 2.287613
 1296.000000 2.039667
 1297.000000 1.973780
 1298.000000 1.985076
 1299.000000 1.695060
 1300.000000 1.573201
 1301.000000 2.066055
 1302.000000 1.929605
 1303.000000 1.912263
 1304.000000 1.719090
 1305.000000 1.955995
 1306.000000 1.822558
 1307.000000 1.803126
 1308.000000 1.660406
 1309.000000 1.858092
 1310.000000 1.772831
 1311.000000 1.963892
 1312.000000 1.961052
 1313.000000 1.968258
 1314.000000 1.985244
 1315.000000 2.412478
 1316.000000 2.510944
 1317.000000 2.208786
 1318.000000 2.233885
 1319.000000 2.046788
 1320.000000 2.178909
 1321.000000 2.286795
 1322.000000 2.035741
 1323.000000 2.006599
 1324.000000 1.972826
 1325.000000 2.211561
 1326.000000 2.042049
 1327.000000 2.086234
 1328.000000 2.234969
 1329.000000 2.420693
 1330.000000 2.617337
 1331.000000 2.256818
 1332.000000 2.198428
 1333.000000 2.243551
 1334.000000 2.140287
 1335.000000 2.004566
 1336.000000 2.375132
 1337.000000 2.401509
 1338.000000 2.290358
 1339.000000 2.208681
 1340.000000 2.226564
 1341.000000 2.176745
 1342.000000 2.473925
 1343.000000 2.269855
 1344.000000 2.598352
 1345.000000 2.847647
 1346.000000 2.824290
 1347.000000 2.623902
 1348.000000 2.599860
 1349.000000 2.561146
 1350.000000 2.602259
 1351.000000 2.470596
 1352.000000 2.721705
 1353.000000 3.347786
 1354.000000 3.257965
 1355.000000 3.258472
 1356.000000 3.167093
 1357.000000 3.234688
 1358.000000 3.038691
 1359.000000 3.271509
 1360.000000 3.799505
 1361.000000 3.990075
 1362.000000 3.869818
 1363.000000 4.006904
 1364.000000 4.330582
 1365.000000 4.807809
 1366.000000 4.734554
 1367.000000 4.820172
 1368.000000 4.874165
 1369.000000 4.827402
 1370.000000 4.385649
 1371.000000 4.289825
 1372.000000 4.413750
 1373.000000 4.339649
 1374.000000 4.312115
 1375.000000 4.634416
 1376.000000 4.324723
 1377.000000 4.088973
 1378.000000 4.545994
 1379.000000 4.266637
 1380.000000 3.913428
 1381.000000 4.152593
 1382.000000 4.119754
 1383.000000 4.500710
 1384.000000 4.474170
 1385.000000 4.176828
 1386.000000 3.856603
 1387.000000 4.186121
 1388.000000 4.404343
 1389.000000 4.056042
 1390.000000 4.331555
 1391.000000 4.415701
 1392.000000 4.912534
 1393.000000 4.950786
 1394.000000 4.770739
 1395.000000 4.816591
 1396.000000 4.694350
 1397.000000 4.629776
 1398.000000 4.579832
 1399.000000 4.492749
 1400.000000 4.363479
 1401.000000 4.201436
 1402.000000 4.559698
 1403.000000 4.493956
 1404.000000 4.487055
 1405.000000 4.197687
 1406.000000 4.369496
 1407.000000 4.319928
 1408.000000 3.855842
 1409.000000 3.939293
 1410.000000 3.802297
 1411.000000 3.272012
 1412.000000 3.467025
 1413.000000 3.495747
 1414.000000 3.412448
 1415.000000 3.262784
 1416.000000 2.784803
 1417.000000 3.051335
 1418.000000 2.936887
 1419.000000 3.291752
 1420.000000 3.425307
 1421.000000 3.482597
 1422.000000 3.407265
 1423.000000 3.336633
 1424.000000 2.799983
 1425.000000 3.122413
 1426.000000 2.736340
 1427.000000 3.024136
 1428.000000 3.425388
 1429.000000 3.255658
 1430.000000 3.078212
 1431.000000 3.159397
 1432.000000 2.697407
 1433.000000 2.855335
 1434.000000 3.635025
 1435.000000 3.342192
 1436.000000 3.685936
 1437.000000 3.502340
 1438.000000 3.015806
 1439.000000 3.436311
 1440.000000 3.223926
 1441.000000 2.935897
 1442.000000 2.898378
 1443.000000 2.985392
 1444.000000 3.363410
 1445.000000 3.385164
 1446.000000 3.128308
 1447.000000 3.304100
 1448.000000 3.254269
 1449.000000 3.495813
 1450.000000 3.240340
 1451.000000 3.773937
 1452.000000 4.069119
 1453.000000 4.275942
 1454.000000 4.135675
 1455.000000 4.213832
 1456.000000 4.216746
 1457.000000 3.958837
 1458.000000 4.094540
 1459.000000 4.112326
 1460.000000 4.151315
 1461.000000 4.013606
 1462.000000 4.105371
 1463.000000 3.849915
 1464.000000 4.105109
 1465.000000 3.930897
 1466.000000 4.193388
 1467.000000 4.309512
 1468.000000 4.387037
 1469.000000 4.237021
 1470.000000 4.236630
 1471.000000 4.083550
 1472.000000 4.363937
 1473.000000 4.480326
 1474.000000 4.220055
 1475.000000 4.195683
 1476.000000 4.095848
 1477.000000 3.926351
 1478.000000 3.917278
 1479.000000 3.901888
 1480.000000 4.180620
 1481.000000 4.036959
 1482.000000 4.015429
 1483.000000 4.154648
 1484.000000 4.219127
 1485.000000 4.099303
 1486.000000 3.745295
 1487.000000 3.537145
 1488.000000 3.120964
 1489.000000 3.376232
 1490.000000 3.420280
 1491.000000 3.986094
 1492.000000 3.998915
 1493.000000 3.396879
 1494.000000 4.123978
 1495.000000 4.260525
 1496.000000 4.329871
 1497.000000 4.319789
 1498.000000 4.361326
 1499.000000 4.410835
 1500.000000 4.458359
 1501.000000 4.360102
 1502.000000 4.470768
 1503.000000 4.512437
 1504.000000 4.502090
 1505.000000 4.428336
 1506.000000 4.426404
 1507.000000 4.148443
 1508.000000 3.890688
 1509.000000 3.927963
 1510.000000 3.945389
 1511.000000 3.509454
 1512.000000 3.439128
 1513.000000 3.621084
 1514.000000 4.014869
 1515.000000 3.941915
 1516.000000 4.093007
 1517.000000 4.337574
 1518.000000 4.309295
 1519.000000 4.201376
 1520.000000 4.176181
 1521.000000 4.134247
 1522.000000 3.696473
 1523.000000 3.250003
 1524.000000 3.287746
 1525.000000 3.426234
 1526.000000 2.685717
 1527.000000 2.886134
 1528.000000 2.810954
 1529.000000 3.014440
 1530.000000 3.100985
 1531.000000 3.335260
 1532.000000 3.613108
 1533.000000 3.769151
 1534.000000 4.244313
 1535.000000 4.310617
 1536.000000 4.196864
 1537.000000 4.297059
 1538.000000 4.259453
 1539.000000 4.043734
 1540.000000 4.355414
 1541.000000 4.435730
 1542.000000 4.360398
 1543.000000 4.222183
 1544.000000 4.642093
 1545.000000 4.207672
 1546.000000 4.487233
 1547.000000 4.408653
 1548.000000 4.462058
 1549.000000 4.873375
 1550.000000 4.941386
 1551.000000 5.055475
 1552.000000 5.025254
 1553.000000 5.054592
 1554.000000 5.024000
 1555.000000 4.894821
 1556.000000 4.879613
 1557.000000 4.870043
 1558.000000 4.611551
 1559.000000 4.291702
 1560.000000 3.847269
 1561.000000 3.621890
 1562.000000 2.943039
 1563.000000 3.067580
 1564.000000 3.475682
 1565.000000 3.180571
 1566.000000 3.444594
 1567.000000 3.454279
 1568.000000 3.038645
 1569.000000 2.840795
 1570.000000 3.365082
 1571.000000 3.148804
 1572.000000 3.224342
 1573.000000 3.605426
 1574.000000 3.525441
 1575.000000 3.206300
 1576.000000 3.555872
 1577.000000 3.615213
 1578.000000 3.086030
 1579.000000 3.338153
 1580.000000 3.160817
 1581.000000 3.194255
 1582.000000 3.097755
 1583.000000 2.856492
 1584.000000 2.857947
 1585.000000 2.808329
 1586.000000 2.761639
 1587.000000 2.832961
 1588.000000 2.667867
 1589.000000 2.797588
 1590.000000 3.073023
 1591.000000 3.284581
 1592.000000 3.482418
 1593.000000 3.436842
 1594.000000 3.227240
 1595.000000 3.482795
 1596.000000 3.715969
 1597.000000 3.609664
 1598.000000 4.059900
 1599.000000 3.980463
 1600.000000 3.976525
 1601.000000 3.801063
 1602.000000 3.651170
 1603.000000 3.766527
 1604.000000 3.674729
 1605.000000 3.656642
 1606.000000 3.775427
 1607.000000 4.035447
 1608.000000 4.010465
 1609.000000 4.157561
 1610.000000 3.994259
 1611.000000 4.002042
 1612.000000 3.494990
 1613.000000 3.716313
 1614.000000 3.600229
 1615.000000 3.302251
 1616.000000 3.206002
 1617.000000 2.965517
 1618.000000 3.012174
 1619.000000 2.883432
 1620.000000 2.910080
 1621.000000 2.972018
 1622.000000 2.920978
 1623.000000 2.939132
 1624.000000 3.134273
 1625.000000 3.537882
 1626.000000 3.517733
 1627.000000 3.251860
 1628.000000 3.204979
 1629.000000 3.329848
 1630.000000 3.001771
 1631.000000 3.291392
 1632.000000 2.884197
 1633.000000 2.863300
 1634.000000 3.165819
 1635.000000 2.942231
 1636.000000 2.878305
 1637.000000 3.064254
 1638.000000 3.067631
 1639.000000 2.734091
 1640.000000 2.539431
 1641.000000 2.201118
 1642.000000 2.339733
 1643.000000 2.296128
 1644.000000 2.852184
 1645.000000 2.799747
 1646.000000 3.067192
 1647.000000 2.877958
 1648.000000 3.136248
 1649.000000 3.252700
 1650.000000 3.234582
 1651.000000 3.361394
 1652.000000 3.276219
 1653.000000 3.359277
 1654.000000 3.574994
 1655.000000 3.297777
 1656.000000 3.295043
 1657.000000 3.244277
 1658.000000 2.885646
 1659.000000 2.931439
 1660.000000 3.057333
 1661.000000 3.020917
 1662.000000 3.362803
 1663.000000 3.209503
 1664.000000 2.945557
 1665.000000 2.532189
 1666.000000 2.547661
 1667.000000 2.397469
 1668.000000 2.688498
 1669.000000 2.495722
 1670.000000 2.300972
 1671.000000 2.374044
 1672.000000 2.220924
 1673.000000 2.595635
 1674.000000 2.803940
 1675.000000 2.777327
 1676.000000 1.777705
 1677.000000 1.929854
 1678.000000 1.923950
 1679.000000 2.866030
 1680.000000 2.969064
 1681.000000 3.248904
 1682.000000 2.966010
 1683.000000 3.010142
 1684.000000 2.494451
 1685.000000 1.781853
 1686.000000 1.076913
 1687.000000 0.846833
 1688.000000 1.217659
 1689.000000 1.851107
 1690.000000 3.883448
 1691.000000 4.183110
 1692.000000 3.414275
 1693.000000 4.461263
 1694.000000 3.799811
 1695.000000 3.650757
 1696.000000 3.001665
 1697.000000 3.715542
 1698.000000 3.812105
 1699.000000 2.943025
 1700.000000 2.572975
 1701.000000 2.923073
 1702.000000 4.036448
 1703.000000 4.531644
 1704.000000 3.938932
 1705.000000 3.979084
 1706.000000 3.786912
 1707.000000 3.743566
 1708.000000 3.291642
 1709.000000 2.396198
 1710.000000 3.023691
 1711.000000 3.169704
 1712.000000 3.436822
 1713.000000 3.772636
 1714.000000 3.115176
 1715.000000 3.697084
 1716.000000 3.749234
 1717.000000 3.593899
 1718.000000 4.279336
 1719.000000 4.315876
 1720.000000 4.510383
 1721.000000 3.328345
 1722.000000 3.448083
 1723.000000 2.697572
 1724.000000 1.639947
 1725.000000 0.189074
 1726.000000 0.488586
 1727.000000 0.285378
 1728.000000 0.257322
 1729.000000 0.599713
 1730.000000 0.316779
 1731.000000 0.247041
 1732.000000 0.499946
 1733.000000 0.705133
 1734.000000 0.580740
 1735.000000 0.639305
 1736.000000 0.250255
 1737.000000 1.208741
 1738.000000 1.151160
 1739.000000 1.434370
 1740.000000 1.338008
 1741.000000 1.290149
 1742.000000 3.025016
 1743.000000 1.351593
 1744.000000 1.903900
 1745.000000 0.616823
 1746.000000 0.639889
 1747.000000 1.081591
 1748.000000 1.763909
 1749.000000 1.441953
 1750.000000 0.222036
 1751.000000 0.620311
 1752.000000 1.594590
 1753.000000 2.905779
 1754.000000 1.770140
 1755.000000 3.594597
 1756.000000 3.118359
 1757.000000 3.464665
 1758.000000 3.679117
 1759.000000 3.855925
 1760.000000 3.577477
 1761.000000 3.516147
 1762.000000 3.185637
 1763.000000 2.747126
 1764.000000 1.948577
 1765.000000 2.479571
 1766.000000 1.443079
 1767.000000 1.620663
 1768.000000 1.235367
 1769.000000 2.138302
 1770.000000 2.885065
 1771.000000 3.927432
 1772.000000 4.040524
 1773.000000 4.142876
 1774.000000 3.131940
 1775.000000 3.295701
 1776.000000 3.810770
 1777.000000 3.511987
 1778.000000 2.505835
 1779.000000 3.501937
 1780.000000 4.055185
 1781.000000 3.171790
 1782.000000 4.590360
 1783.000000 3.299146
 1784.000000 4.856662
 1785.000000 3.577110
 1786.000000 3.211474
 1787.000000 3.469968
 1788.000000 2.492890
 1789.000000 3.403521
 1790.000000 2.101772
 1791.000000 2.687176
 1792.000000 1.993675
 1793.000000 3.097854
 1794.000000 2.740245
 1795.000000 1.850906
 1796.000000 2.433852
 1797.000000 2.811437
 1798.000000 1.774965
 1799.000000 3.198373
 1800.000000 3.275532
 1801.000000 2.892728
 1802.000000 3.636622
 1803.000000 4.032982
 1804.000000 3.748601
 1805.000000 3.397841
 1806.000000 2.376242
 1807.000000 3.226003
 1808.000000 3.461536
 1809.000000 3.359616
 1810.000000 3.535407
 1811.000000 3.709799
 1812.000000 3.819521
 1813.000000 3.584835
 1814.000000 3.726746
 1815.000000 3.854429
 1816.000000 3.824116
 1817.000000 3.985069
 1818.000000 3.421254
 1819.000000 3.425458
 1820.000000 3.304308
 1821.000000 3.162683
 1822.000000 3.299350
 1823.000000 3.471556
 1824.000000 3.237944
 1825.000000 3.324585
 1826.000000 2.923497
 1827.000000 3.201362
 1828.000000 3.682014
 1829.000000 3.657346
 1830.000000 3.035134
 1831.000000 3.058635
 1832.000000 3.072247
 1833.000000 2.726797
 1834.000000 2.792684
 1835.000000 2.762071
 1836.000000 3.197788
 1837.000000 3.450077
 1838.000000 2.786019
 1839.000000 2.561592
 1840.000000 3.574496
 1841.000000 3.501506
 1842.000000 3.452222
 1843.000000 3.301450
 1844.000000 3.683487
 1845.000000 3.534464
 1846.000000 3.722179
 1847.000000 3.839913
 1848.000000 3.662064
 1849.000000 4.288289
 1850.000000 4.131037
 1851.000000 3.950315
 1852.000000 3.920952
 1853.000000 3.271409
 1854.000000 3.923217
 1855.000000 3.093034
 1856.000000 2.909229
 1857.000000 2.619530
 1858.000000 2.348917
 1859.000000 3.060615
 1860.000000 3.214769
 1861.000000 3.234752
 1862.000000 3.245350
 1863.000000 3.198371
 1864.000000 1.985277
 1865.000000 3.228738
 1866.000000 2.833909
 1867.000000 2.696677
 1868.000000 3.337358
 1869.000000 3.001671
 1870.000000 2.387744
 1871.000000 3.229842
 1872.000000 3.812935
 1873.000000 4.217630
 1874.000000 3.521848
 1875.000000 3.681870
 1876.000000 3.401324
 1877.000000 3.486471
 1878.000000 3.522876
 1879.000000 3.625602
 1880.000000 3.269424
 1881.000000 3.362423
 1882.000000 3.537741
 1883.000000 4.281526
 1884.000000 4.141814
 1885.000000 4.007138
 1886.000000 3.989931
 1887.000000 4.096373
 1888.000000 4.058134
 1889.000000 3.789256
 1890.000000 4.206075
 1891.000000 3.816556
 1892.000000 4.335808
 1893.000000 4.270032
 1894.000000 4.735859
 1895.000000 4.902285
 1896.000000 5.000606
 1897.000000 4.919154
 1898.000000 4.123323
 1899.000000 4.507908
 1900.000000 3.838151
 1901.000000 4.159811
 1902.000000 4.208855
 1903.000000 4.194590
 1904.000000 2.175515
 1905.000000 2.417821
 1906.000000 3.240447
 1907.000000 3.030587
 1908.000000 2.915693
 1909.000000 1.395091
 1910.000000 2.357359
 1911.000000 3.925657
 1912.000000 3.980298
 1913.000000 3.016258
 1914.000000 2.771643
 1915.000000 3.567913
 1916.000000 3.868371
 1917.000000 3.043440
 1918.000000 3.811245
 1919.000000 3.573388
 1920.000000 2.229255
 1921.000000 2.592643
 1922.000000 2.922469
 1923.000000 3.170494
 1924.000000 3.328245
 1925.000000 3.322138
 1926.000000 2.967036
 1927.000000 3.060802
 1928.000000 2.615219
 1929.000000 1.097419
 1930.000000 1.724583
 1931.000000 2.387517
 1932.000000 2.389343
 1933.000000 2.339761
 1934.000000 1.942759
 1935.000000 2.066694
 1936.000000 2.280292
 1937.000000 2.230365
 1938.000000 1.932416
 1939.000000 2.392326
 1940.000000 2.126262
 1941.000000 2.696300
 1942.000000 2.638356
 1943.000000 2.695270
 1944.000000 2.800334
 1945.000000 2.648616
 1946.000000 2.884978
 1947.000000 2.498197
 1948.000000 2.864324
 1949.000000 2.708292
 1950.000000 2.999183
 1951.000000 2.588993
 1952.000000 2.966140
 1953.000000 3.022837
 1954.000000 2.906612
 1955.000000 2.497736
 1956.000000 2.559032
 1957.000000 2.590558
 1958.000000 2.534296
 1959.000000 2.873174
 1960.000000 3.060265
 1961.000000 2.769219
 1962.000000 3.191140
 1963.000000 3.140550
 1964.000000 3.227323
 1965.000000 3.040375
 1966.000000 3.564451
 1967.000000 3.063892
 1968.000000 3.442790
 1969.000000 3.629316
 1970.000000 2.840332
 1971.000000 2.304645
 1972.000000 1.428017
 1973.000000 3.120006
 1974.000000 1.800641
 1975.000000 1.457831
 1976.000000 2.157228
 1977.000000 2.141122
 1978.000000 1.341282
 1979.000000 1.309882
 1980.000000 1.449251
 1981.000000 3.419125
 1982.000000 3.433315
 1983.000000 4.120964
 1984.000000 3.693741
 1985.000000 3.782932
 1986.000000 3.254572
 1987.000000 3.237040
 1988.000000 2.893319
 1989.000000 2.810942
 1990.000000 2.596474
 1991.000000 2.460586
 1992.000000 3.386765
 1993.000000 3.181171
 1994.000000 3.577941
 1995.000000 2.861389
 1996.000000 2.207006
 1997.000000 3.162933
 1998.000000 2.312015
 1999.000000 1.909637
 2000.000000 2.309153
 2001.000000 2.428305
 2002.000000 2.434245
 2003.000000 2.738005
 2004.000000 3.038355
 2005.000000 3.267138
 2006.000000 3.176798
 2007.000000 3.067305
 2008.000000 2.773689
 2009.000000 3.537413
 2010.000000 3.279125
 2011.000000 3.136049
 2012.000000 2.809987
 2013.000000 2.257382
 2014.000000 2.759433
 2015.000000 3.112968
 2016.000000 2.644227
 2017.000000 2.821109
 2018.000000 3.575464
 2019.000000 4.012641
 2020.000000 3.667666
 2021.000000 3.877245
 2022.000000 3.797625
 2023.000000 3.910878
 2024.000000 4.019011
