#! FIELDS time r34.min
 0.000000 2.057917
 1.000000 2.128067
 2.000000 2.436580
 3.000000 2.988678
 4.000000 2.276213
 5.000000 2.040158
 6.000000 1.679249
 7.000000 1.634911
 8.000000 2.006045
 9.000000 3.294594
 10.000000 2.323739
 11.000000 2.690773
 12.000000 3.667812
 13.000000 3.535920
 14.000000 2.786550
 15.000000 2.829414
 16.000000 2.931636
 17.000000 2.941107
 18.000000 2.672382
 19.000000 2.725080
 20.000000 2.336704
 21.000000 2.311098
 22.000000 2.535984
 23.000000 2.602322
 24.000000 3.700442
 25.000000 1.946434
 26.000000 1.395228
 27.000000 1.338517
 28.000000 0.667889
 29.000000 0.922877
 30.000000 2.524586
 31.000000 2.809863
 32.000000 3.593476
 33.000000 3.602439
 34.000000 2.002965
 35.000000 2.777462
 36.000000 3.430236
 37.000000 3.281256
 38.000000 4.167739
 39.000000 3.544210
 40.000000 3.531971
 41.000000 3.827794
 42.000000 4.481489
 43.000000 3.340032
 44.000000 1.663054
 45.000000 1.429000
 46.000000 1.584528
 47.000000 2.056869
 48.000000 2.084696
 49.000000 2.258455
 50.000000 1.673688
 51.000000 2.042751
 52.000000 2.125485
 53.000000 2.320813
 54.000000 2.116185
 55.000000 2.141689
 56.000000 1.849021
 57.000000 1.883145
 58.000000 1.934489
 59.000000 1.899644
 60.000000 2.127887
 61.000000 2.030530
 62.000000 2.064861
 63.000000 2.501992
 64.000000 2.520296
 65.000000 2.526628
 66.000000 3.291398
 67.000000 4.015299
 68.000000 3.563234
 69.000000 3.826804
 70.000000 3.952936
 71.000000 3.719537
 72.000000 4.099974
 73.000000 4.474859
 74.000000 4.208534
 75.000000 3.287480
 76.000000 4.170680
 77.000000 3.909041
 78.000000 3.448302
 79.000000 3.055714
 80.000000 2.943462
 81.000000 3.028295
 82.000000 2.662150
 83.000000 3.089530
 84.000000 3.628814
 85.000000 3.471401
 86.000000 3.437175
 87.000000 3.349211
 88.000000 3.752204
 89.000000 3.972024
 90.000000 3.948558
 91.000000 4.025920
 92.000000 3.924556
 93.000000 3.983865
 94.000000 4.072162
 95.000000 4.234298
 96.000000 3.904985
 97.000000 3.262363
 98.000000 2.821922
 99.000000 1.813286
 100.000000 2.919562
 101.000000 2.632499
 102.000000 3.688972
 103.000000 3.113685
 104.000000 3.514099
 105.000000 2.995004
 106.000000 3.925158
 107.000000 2.976103
 108.000000 1.986411
 109.000000 2.074278
 110.000000 2.200591
 111.000000 2.261183
 112.000000 2.503296
 113.000000 2.919351
 114.000000 3.164641
 115.000000 2.902622
 116.000000 2.965719
 117.000000 3.100118
 118.000000 2.944579
 119.000000 2.516574
 120.000000 2.759625
 121.000000 2.895214
 122.000000 2.982855
 123.000000 2.839371
 124.000000 2.989339
 125.000000 2.724437
 126.000000 2.626844
 127.000000 2.397608
 128.000000 2.332140
 129.000000 1.714392
 130.000000 1.648910
 131.000000 1.490421
 132.000000 1.646641
 133.000000 1.918035
 134.000000 1.670800
 135.000000 1.957339
 136.000000 2.335211
 137.000000 2.055991
 138.000000 1.671533
 139.000000 1.555916
 140.000000 1.465472
 141.000000 1.672995
 142.000000 2.792610
 143.000000 2.835298
 144.000000 2.267140
 145.000000 2.031442
 146.000000 3.622301
 147.000000 3.616386
 148.000000 3.255904
 149.000000 3.362996
 150.000000 3.432545
 151.000000 3.425921
 152.000000 2.457735
 153.000000 3.013645
 154.000000 3.077718
 155.000000 3.451014
 156.000000 3.921727
 157.000000 3.231303
 158.000000 3.579975
 159.000000 3.328406
 160.000000 3.514335
 161.000000 4.104867
 162.000000 3.933856
 163.000000 3.805505
 164.000000 3.571177
 165.000000 3.398818
 166.000000 2.928321
 167.000000 2.518084
 168.000000 4.000558
 169.000000 3.223948
 170.000000 3.240019
 171.000000 2.977464
 172.000000 3.236044
 173.000000 3.391864
 174.000000 3.326796
 175.000000 3.404540
 176.000000 3.268483
 177.000000 3.190799
 178.000000 3.226293
 179.000000 3.339308
 180.000000 3.260501
 181.000000 3.320646
 182.000000 3.257798
 183.000000 3.192540
 184.000000 3.229397
 185.000000 3.093877
 186.000000 3.030052
 187.000000 3.093080
 188.000000 3.183813
 189.000000 3.141010
 190.000000 3.266486
 191.000000 3.270269
 192.000000 3.447574
 193.000000 3.200724
 194.000000 3.326769
 195.000000 3.290732
 196.000000 3.277506
 197.000000 3.350439
 198.000000 3.156546
 199.000000 3.227162
 200.000000 3.215899
 201.000000 3.302945
 202.000000 3.234425
 203.000000 3.288348
 204.000000 3.837438
 205.000000 3.598233
 206.000000 3.198501
 207.000000 3.224590
 208.000000 3.364268
 209.000000 3.624844
 210.000000 3.798650
 211.000000 3.708850
 212.000000 3.211060
 213.000000 3.266085
 214.000000 3.551745
 215.000000 3.628779
 216.000000 3.771256
 217.000000 3.442131
 218.000000 3.580732
 219.000000 3.790085
 220.000000 3.598048
 221.000000 3.767460
 222.000000 3.718297
 223.000000 3.852151
 224.000000 3.955942
 225.000000 4.163763
 226.000000 3.902434
 227.000000 3.880067
 228.000000 3.896437
 229.000000 3.819231
 230.000000 3.750695
 231.000000 3.813826
 232.000000 3.718706
 233.000000 3.932032
 234.000000 3.996066
 235.000000 3.989551
 236.000000 3.993652
 237.000000 3.996044
 238.000000 3.703739
 239.000000 3.930419
 240.000000 4.151781
 241.000000 4.172587
 242.000000 4.072348
 243.000000 4.117332
 244.000000 4.420604
 245.000000 4.416663
 246.000000 4.442028
 247.000000 4.327319
 248.000000 4.436078
 249.000000 4.324256
 250.000000 4.358741
 251.000000 4.386090
 252.000000 4.408016
 253.000000 4.277901
 254.000000 4.284883
 255.000000 4.128723
 256.000000 4.243186
 257.000000 4.057300
 258.000000 4.077907
 259.000000 4.212667
 260.000000 4.329145
 261.000000 4.015689
 262.000000 4.822321
 263.000000 4.681061
 264.000000 3.186563
 265.000000 3.183232
 266.000000 2.547721
 267.000000 3.137526
 268.000000 4.551438
 269.000000 4.887006
 270.000000 5.064966
 271.000000 5.037002
 272.000000 4.575410
 273.000000 4.997344
 274.000000 4.734838
 275.000000 4.246057
 276.000000 4.046820
 277.000000 3.604354
 278.000000 3.167280
 279.000000 2.770015
 280.000000 4.072468
 281.000000 4.707418
 282.000000 3.377847
 283.000000 3.698560
 284.000000 3.103973
 285.000000 4.396847
 286.000000 4.369363
 287.000000 4.703404
 288.000000 4.171736
 289.000000 3.405888
 290.000000 3.809390
 291.000000 3.165169
 292.000000 2.665574
 293.000000 2.821677
 294.000000 2.272337
 295.000000 2.364072
 296.000000 3.156486
 297.000000 3.570972
 298.000000 3.372223
 299.000000 2.940080
 300.000000 2.463775
 301.000000 2.401455
 302.000000 1.931389
 303.000000 2.586042
 304.000000 3.108106
 305.000000 4.077344
 306.000000 4.242038
 307.000000 3.491203
 308.000000 3.291287
 309.000000 3.552435
 310.000000 2.482293
 311.000000 2.202304
 312.000000 3.579358
 313.000000 3.612375
 314.000000 4.092577
 315.000000 3.806667
 316.000000 4.303013
 317.000000 3.423830
 318.000000 4.476895
 319.000000 4.065410
 320.000000 4.484957
 321.000000 3.830361
 322.000000 3.685223
 323.000000 4.004756
 324.000000 3.825573
 325.000000 3.148085
 326.000000 4.275429
 327.000000 4.398219
 328.000000 3.450982
 329.000000 3.986757
 330.000000 3.136176
 331.000000 3.621582
 332.000000 3.238849
 333.000000 1.421233
 334.000000 1.861800
 335.000000 3.025660
 336.000000 4.265846
 337.000000 4.415063
 338.000000 4.166449
 339.000000 4.246963
 340.000000 3.510112
 341.000000 3.384630
 342.000000 3.359679
 343.000000 3.395468
 344.000000 3.324409
 345.000000 3.420126
 346.000000 3.512905
 347.000000 3.781416
 348.000000 3.506561
 349.000000 3.640073
 350.000000 3.754289
 351.000000 3.515432
 352.000000 3.642698
 353.000000 3.702163
 354.000000 3.674526
 355.000000 3.529437
 356.000000 3.688146
 357.000000 3.441560
 358.000000 3.237488
 359.000000 3.226866
 360.000000 3.408181
 361.000000 3.458810
 362.000000 3.457495
 363.000000 3.467700
 364.000000 3.643739
 365.000000 3.681940
 366.000000 3.454529
 367.000000 3.659934
 368.000000 3.608727
 369.000000 3.523667
 370.000000 3.355135
 371.000000 3.533710
 372.000000 3.545743
 373.000000 3.653224
 374.000000 3.495204
 375.000000 3.523831
 376.000000 3.657669
 377.000000 3.652547
 378.000000 3.587713
 379.000000 3.402066
 380.000000 3.480887
 381.000000 3.450757
 382.000000 3.392886
 383.000000 3.380628
 384.000000 3.369017
 385.000000 3.463390
 386.000000 3.546471
 387.000000 3.389789
 388.000000 3.466203
 389.000000 3.468291
 390.000000 3.437586
 391.000000 3.485987
 392.000000 3.449467
 393.000000 3.483537
 394.000000 3.579340
 395.000000 3.424449
 396.000000 3.532673
 397.000000 3.380273
 398.000000 3.522929
 399.000000 3.285650
 400.000000 3.335512
 401.000000 3.347120
 402.000000 3.054375
 403.000000 3.341978
 404.000000 3.359575
 405.000000 3.389959
 406.000000 3.347042
 407.000000 3.354176
 408.000000 3.376918
 409.000000 3.368268
 410.000000 3.404520
 411.000000 3.482057
 412.000000 3.424716
 413.000000 3.487099
 414.000000 3.507664
 415.000000 3.464313
 416.000000 3.439309
 417.000000 3.452374
 418.000000 3.435161
 419.000000 3.475512
 420.000000 3.296810
 421.000000 4.463985
 422.000000 3.331741
 423.000000 3.414598
 424.000000 3.498175
 425.000000 3.373569
 426.000000 3.383093
 427.000000 3.427567
 428.000000 3.457627
 429.000000 4.011159
 430.000000 3.555944
 431.000000 3.543437
 432.000000 3.662701
 433.000000 3.688554
 434.000000 3.514051
 435.000000 3.623477
 436.000000 3.373980
 437.000000 3.327502
 438.000000 3.433127
 439.000000 3.494748
 440.000000 3.486143
 441.000000 3.208607
 442.000000 3.278541
 443.000000 4.315379
 444.000000 4.318019
 445.000000 4.417687
 446.000000 3.279469
 447.000000 4.874281
 448.000000 3.225662
 449.000000 5.014078
 450.000000 5.209608
 451.000000 5.467502
 452.000000 3.787653
 453.000000 3.751549
 454.000000 2.715588
 455.000000 4.070823
 456.000000 5.020077
 457.000000 4.151938
 458.000000 4.399364
 459.000000 4.782298
 460.000000 4.586388
 461.000000 3.987335
 462.000000 3.816036
 463.000000 3.890372
 464.000000 3.010116
 465.000000 3.036017
 466.000000 3.745366
 467.000000 3.318664
 468.000000 3.918572
 469.000000 4.068475
 470.000000 3.729088
 471.000000 3.860192
 472.000000 3.491795
 473.000000 2.905117
 474.000000 2.677836
 475.000000 0.529677
 476.000000 1.972087
 477.000000 1.427590
 478.000000 3.228925
 479.000000 3.169411
 480.000000 3.034543
 481.000000 3.519789
 482.000000 3.619646
 483.000000 4.308156
 484.000000 4.507537
 485.000000 4.150416
 486.000000 3.112662
 487.000000 3.588114
 488.000000 3.388114
 489.000000 2.078355
 490.000000 0.837748
 491.000000 1.813969
 492.000000 2.464805
 493.000000 3.091850
 494.000000 3.069986
 495.000000 2.847777
 496.000000 3.164623
 497.000000 3.472716
 498.000000 3.959092
 499.000000 4.053396
 500.000000 4.212912
 501.000000 3.963115
 502.000000 4.888228
 503.000000 4.591224
 504.000000 3.038388
 505.000000 3.884653
 506.000000 4.005132
 507.000000 4.096601
 508.000000 3.474758
 509.000000 4.001839
 510.000000 4.252853
 511.000000 4.177679
 512.000000 3.686941
 513.000000 3.490474
 514.000000 3.558917
 515.000000 3.701720
 516.000000 3.409834
 517.000000 2.806822
 518.000000 3.831171
 519.000000 3.243027
 520.000000 3.258689
 521.000000 3.883154
 522.000000 4.538459
 523.000000 3.061014
 524.000000 2.757563
 525.000000 2.618151
 526.000000 2.322508
 527.000000 2.741267
 528.000000 3.080998
 529.000000 2.761551
 530.000000 3.043181
 531.000000 2.713980
 532.000000 2.750488
 533.000000 3.796910
 534.000000 3.514500
 535.000000 3.607674
 536.000000 3.751483
 537.000000 4.301703
 538.000000 4.287351
 539.000000 4.189720
 540.000000 4.091455
 541.000000 3.503187
 542.000000 4.048192
 543.000000 3.972317
 544.000000 3.893780
 545.000000 3.107167
 546.000000 2.857751
 547.000000 2.327753
 548.000000 2.073838
 549.000000 2.413889
 550.000000 2.312106
 551.000000 2.284453
 552.000000 2.432930
 553.000000 2.247868
 554.000000 2.350009
 555.000000 2.584925
 556.000000 2.755009
 557.000000 2.592257
 558.000000 2.714495
 559.000000 2.623819
 560.000000 2.733775
 561.000000 2.658804
 562.000000 2.633516
 563.000000 2.436293
 564.000000 2.533172
 565.000000 2.662224
 566.000000 2.505269
 567.000000 2.586810
 568.000000 2.498793
 569.000000 2.334159
 570.000000 2.477795
 571.000000 2.372219
 572.000000 2.504251
 573.000000 2.487767
 574.000000 2.753772
 575.000000 2.687037
 576.000000 2.845657
 577.000000 3.009652
 578.000000 3.047466
 579.000000 4.168485
 580.000000 3.503802
 581.000000 3.951420
 582.000000 3.479964
 583.000000 3.511117
 584.000000 3.747484
 585.000000 3.114000
 586.000000 3.930179
 587.000000 3.706590
 588.000000 3.743018
 589.000000 3.765465
 590.000000 4.282005
 591.000000 3.690928
 592.000000 3.367048
 593.000000 3.292717
 594.000000 3.226087
 595.000000 3.989794
 596.000000 3.678576
 597.000000 3.800277
 598.000000 3.869479
 599.000000 3.886924
 600.000000 3.865104
 601.000000 3.953187
 602.000000 3.874479
 603.000000 3.875078
 604.000000 3.787642
 605.000000 3.810765
 606.000000 3.676314
 607.000000 3.737893
 608.000000 3.658264
 609.000000 3.611643
 610.000000 3.615354
 611.000000 3.641620
 612.000000 3.641089
 613.000000 3.769129
 614.000000 3.594736
 615.000000 3.859138
 616.000000 3.876502
 617.000000 3.812994
 618.000000 4.746625
 619.000000 3.714755
 620.000000 3.642462
 621.000000 3.709078
 622.000000 3.816518
 623.000000 3.803412
 624.000000 4.680902
 625.000000 3.730866
 626.000000 3.690552
 627.000000 4.650565
 628.000000 3.732552
 629.000000 4.528339
 630.000000 4.693160
 631.000000 4.574476
 632.000000 4.471012
 633.000000 4.591529
 634.000000 3.791496
 635.000000 3.812411
 636.000000 3.805098
 637.000000 4.511482
 638.000000 4.564110
 639.000000 3.765797
 640.000000 3.772560
 641.000000 4.639826
 642.000000 3.936331
 643.000000 4.644919
 644.000000 4.586950
 645.000000 4.583435
 646.000000 3.973231
 647.000000 3.985568
 648.000000 4.431508
 649.000000 4.468209
 650.000000 4.393128
 651.000000 4.518496
 652.000000 4.511669
 653.000000 3.826800
 654.000000 3.978626
 655.000000 3.980321
 656.000000 4.080385
 657.000000 4.036927
 658.000000 4.027253
 659.000000 4.132548
 660.000000 4.076891
 661.000000 4.042807
 662.000000 4.077548
 663.000000 4.000717
 664.000000 3.945102
 665.000000 4.127754
 666.000000 3.685922
 667.000000 3.826666
 668.000000 3.818428
 669.000000 3.985726
 670.000000 4.023739
 671.000000 3.942664
 672.000000 3.889755
 673.000000 3.980203
 674.000000 3.922419
 675.000000 4.003933
 676.000000 3.956594
 677.000000 3.962595
 678.000000 4.035494
 679.000000 4.150427
 680.000000 4.117718
 681.000000 3.980007
 682.000000 3.838327
 683.000000 3.710469
 684.000000 3.849257
 685.000000 3.935529
 686.000000 4.065809
 687.000000 3.829277
 688.000000 3.808404
 689.000000 4.032068
 690.000000 4.011178
 691.000000 3.782819
 692.000000 3.638987
 693.000000 3.821571
 694.000000 3.854060
 695.000000 3.835206
 696.000000 3.662229
 697.000000 3.914365
 698.000000 4.033078
 699.000000 3.869221
 700.000000 3.845268
 701.000000 3.709677
 702.000000 3.549833
 703.000000 3.513350
 704.000000 3.341696
 705.000000 2.385251
 706.000000 2.840444
 707.000000 3.777031
 708.000000 3.859073
 709.000000 4.162593
 710.000000 4.425982
 711.000000 4.189193
 712.000000 3.654136
 713.000000 4.199571
 714.000000 3.446223
 715.000000 3.716163
 716.000000 3.997560
 717.000000 3.947839
 718.000000 3.462415
 719.000000 3.132955
 720.000000 3.165426
 721.000000 2.243531
 722.000000 3.463209
 723.000000 3.971350
 724.000000 2.539770
 725.000000 1.627441
 726.000000 3.558340
 727.000000 3.265466
 728.000000 4.256242
 729.000000 3.947654
 730.000000 4.524618
 731.000000 4.319426
 732.000000 3.631269
 733.000000 4.022679
 734.000000 3.748919
 735.000000 3.680502
 736.000000 3.217161
 737.000000 3.149140
 738.000000 4.239955
 739.000000 3.032518
 740.000000 3.741320
 741.000000 3.078518
 742.000000 4.065798
 743.000000 3.249573
 744.000000 3.332150
 745.000000 2.861986
 746.000000 2.384443
 747.000000 2.351776
 748.000000 3.338637
 749.000000 3.524768
 750.000000 3.792145
 751.000000 3.687086
 752.000000 3.932981
 753.000000 3.917554
 754.000000 3.758299
 755.000000 3.527210
 756.000000 3.234751
 757.000000 3.430996
 758.000000 2.232248
 759.000000 2.262000
 760.000000 1.211260
 761.000000 1.748516
 762.000000 1.549405
 763.000000 1.553291
 764.000000 3.006138
 765.000000 3.164768
 766.000000 2.993808
 767.000000 3.621366
 768.000000 4.002349
 769.000000 3.543858
 770.000000 3.667947
 771.000000 3.995651
 772.000000 4.083500
 773.000000 3.827418
 774.000000 3.432338
 775.000000 2.158495
 776.000000 2.438438
 777.000000 2.804314
 778.000000 2.418243
 779.000000 2.405567
 780.000000 3.169713
 781.000000 2.638119
 782.000000 2.777516
 783.000000 2.465620
 784.000000 2.845371
 785.000000 3.332739
 786.000000 3.869317
 787.000000 2.996287
 788.000000 3.531422
 789.000000 3.499153
 790.000000 3.637817
 791.000000 3.798395
 792.000000 3.972625
 793.000000 4.129182
 794.000000 4.619725
 795.000000 4.147119
 796.000000 3.772521
 797.000000 4.258589
 798.000000 4.024694
 799.000000 3.214794
 800.000000 2.898418
 801.000000 3.003233
 802.000000 2.529839
 803.000000 3.300278
 804.000000 3.160102
 805.000000 3.100831
 806.000000 2.910040
 807.000000 2.318296
 808.000000 2.153921
 809.000000 2.831450
 810.000000 2.606989
 811.000000 3.025199
 812.000000 3.218851
 813.000000 3.130588
 814.000000 3.166370
 815.000000 2.734355
 816.000000 3.620504
 817.000000 4.190765
 818.000000 4.098823
 819.000000 4.235044
 820.000000 3.993409
 821.000000 3.803144
 822.000000 3.586724
 823.000000 3.627653
 824.000000 3.297903
 825.000000 2.948481
 826.000000 2.978243
 827.000000 2.925432
 828.000000 2.298949
 829.000000 3.026094
 830.000000 3.061492
 831.000000 3.105798
 832.000000 2.817129
 833.000000 3.059966
 834.000000 3.027668
 835.000000 3.216086
 836.000000 3.154282
 837.000000 2.875683
 838.000000 3.255161
 839.000000 2.914278
 840.000000 3.146029
 841.000000 3.766947
 842.000000 3.075903
 843.000000 3.425855
 844.000000 4.068991
 845.000000 3.755080
 846.000000 3.689695
 847.000000 3.781422
 848.000000 3.637533
 849.000000 4.272224
 850.000000 4.342066
 851.000000 3.949881
 852.000000 3.603624
 853.000000 3.206997
 854.000000 3.225658
 855.000000 4.715091
 856.000000 4.212350
 857.000000 3.939469
 858.000000 4.148955
 859.000000 3.996000
 860.000000 3.510852
 861.000000 3.488814
 862.000000 3.253635
 863.000000 3.636364
 864.000000 3.956004
 865.000000 3.510367
 866.000000 3.111665
 867.000000 3.952929
 868.000000 3.545366
 869.000000 3.072188
 870.000000 3.440246
 871.000000 3.886399
 872.000000 3.905623
 873.000000 3.721554
 874.000000 3.461257
 875.000000 3.589325
 876.000000 3.399026
 877.000000 3.716665
 878.000000 3.203892
 879.000000 3.631653
 880.000000 2.988722
 881.000000 4.282899
 882.000000 3.282322
 883.000000 4.244712
 884.000000 3.775018
 885.000000 4.286385
 886.000000 3.876327
 887.000000 3.694200
 888.000000 3.600473
 889.000000 3.751902
 890.000000 3.747577
 891.000000 3.659156
 892.000000 3.925613
 893.000000 4.048203
 894.000000 3.986403
 895.000000 3.829823
 896.000000 3.382815
 897.000000 3.466390
 898.000000 3.647859
 899.000000 3.759808
 900.000000 3.432963
 901.000000 3.521892
 902.000000 3.675603
 903.000000 4.229943
 904.000000 4.189956
 905.000000 4.076917
 906.000000 3.386720
 907.000000 2.609070
 908.000000 2.116069
 909.000000 1.900203
 910.000000 1.888262
 911.000000 2.194021
 912.000000 2.080485
 913.000000 2.199429
 914.000000 2.073792
 915.000000 2.075020
 916.000000 1.928130
 917.000000 1.974155
 918.000000 1.959459
 919.000000 1.913201
 920.000000 2.051192
 921.000000 2.224488
 922.000000 2.252146
 923.000000 2.374971
 924.000000 2.526584
 925.000000 2.205039
 926.000000 2.303006
 927.000000 2.170881
 928.000000 2.349826
 929.000000 2.397472
 930.000000 2.525247
 931.000000 2.424466
 932.000000 2.348217
 933.000000 2.236531
 934.000000 2.319564
 935.000000 2.256214
 936.000000 2.210515
 937.000000 2.204412
 938.000000 2.331106
 939.000000 2.436399
 940.000000 2.472987
 941.000000 2.385105
 942.000000 2.279491
 943.000000 2.246172
 944.000000 2.104420
 945.000000 2.099086
 946.000000 2.080779
 947.000000 2.188595
 948.000000 2.018855
 949.000000 2.160407
 950.000000 2.050393
 951.000000 2.099767
 952.000000 2.297423
 953.000000 2.309727
 954.000000 2.476484
 955.000000 2.434948
 956.000000 2.328192
 957.000000 2.351124
 958.000000 2.193867
 959.000000 2.437103
 960.000000 2.344943
 961.000000 2.375454
 962.000000 2.545433
 963.000000 2.439287
 964.000000 2.169794
 965.000000 2.456498
 966.000000 2.506854
 967.000000 2.330584
 968.000000 2.361335
 969.000000 2.280701
 970.000000 2.383767
 971.000000 2.365221
 972.000000 2.271202
 973.000000 2.285184
 974.000000 2.198332
 975.000000 2.309491
 976.000000 2.376847
 977.000000 2.389795
 978.000000 3.254945
 979.000000 3.257591
 980.000000 3.283277
 981.000000 2.655183
 982.000000 3.844623
 983.000000 3.321089
 984.000000 3.022098
 985.000000 4.150241
 986.000000 3.503792
 987.000000 4.227045
 988.000000 3.836435
 989.000000 3.433764
 990.000000 3.170327
 991.000000 3.338089
 992.000000 4.150363
 993.000000 4.142688
 994.000000 3.949217
 995.000000 3.410129
 996.000000 3.844840
 997.000000 3.697326
 998.000000 2.411006
 999.000000 2.681966
 1000.000000 2.339509
 1001.000000 1.648531
 1002.000000 1.405617
 1003.000000 1.086436
 1004.000000 1.559549
 1005.000000 1.948701
 1006.000000 1.567475
 1007.000000 1.798213
 1008.000000 1.652560
 1009.000000 1.459404
 1010.000000 0.987835
 1011.000000 0.682574
 1012.000000 0.774260
 1013.000000 1.124579
 1014.000000 1.227532
 1015.000000 1.134591
 1016.000000 1.213511
 1017.000000 0.897515
 1018.000000 0.947014
 1019.000000 1.057979
 1020.000000 1.005942
 1021.000000 1.101652
 1022.000000 0.853356
 1023.000000 0.726342
 1024.000000 0.476876
 1025.000000 0.388489
 1026.000000 0.564748
 1027.000000 0.556367
 1028.000000 0.686167
 1029.000000 0.552251
 1030.000000 0.203083
 1031.000000 0.695196
 1032.000000 0.212570
 1033.000000 0.283176
 1034.000000 0.191763
 1035.000000 0.202685
 1036.000000 0.173150
 1037.000000 0.217020
 1038.000000 0.255363
 1039.000000 0.834586
 1040.000000 1.224468
 1041.000000 2.452480
 1042.000000 2.846686
 1043.000000 3.648344
 1044.000000 3.435149
 1045.000000 3.478945
 1046.000000 3.949479
 1047.000000 4.223047
 1048.000000 4.331442
 1049.000000 4.158345
 1050.000000 4.281377
 1051.000000 4.249277
 1052.000000 3.790080
 1053.000000 3.292988
 1054.000000 3.522717
 1055.000000 4.153836
 1056.000000 3.565122
 1057.000000 3.733506
 1058.000000 3.237314
 1059.000000 3.092978
 1060.000000 3.927713
 1061.000000 4.299446
 1062.000000 4.295703
 1063.000000 4.265445
 1064.000000 4.369682
 1065.000000 4.181813
 1066.000000 4.316543
 1067.000000 3.936766
 1068.000000 4.213384
 1069.000000 4.354978
 1070.000000 4.195017
 1071.000000 4.225878
 1072.000000 3.551731
 1073.000000 3.511733
 1074.000000 2.838418
 1075.000000 3.099147
 1076.000000 2.290040
 1077.000000 2.612176
 1078.000000 3.208233
 1079.000000 3.599629
 1080.000000 3.458560
 1081.000000 1.885049
 1082.000000 2.063232
 1083.000000 2.968118
 1084.000000 3.423461
 1085.000000 2.646180
 1086.000000 3.702716
 1087.000000 3.641329
 1088.000000 2.915282
 1089.000000 4.612652
 1090.000000 4.431455
 1091.000000 3.882119
 1092.000000 3.787510
 1093.000000 4.127972
 1094.000000 3.758255
 1095.000000 3.462616
 1096.000000 3.472486
 1097.000000 3.810910
 1098.000000 3.329561
 1099.000000 3.216423
 1100.000000 3.072032
 1101.000000 2.768475
 1102.000000 2.053227
 1103.000000 1.599693
 1104.000000 1.907442
 1105.000000 3.067617
 1106.000000 2.703880
 1107.000000 2.393816
 1108.000000 1.700130
 1109.000000 1.504698
 1110.000000 1.762802
 1111.000000 1.623974
 1112.000000 1.460951
 1113.000000 1.422781
 1114.000000 1.287951
 1115.000000 1.423306
 1116.000000 1.061945
 1117.000000 0.844144
 1118.000000 0.935589
 1119.000000 1.339501
 1120.000000 1.409407
 1121.000000 1.389114
 1122.000000 1.387825
 1123.000000 1.366524
 1124.000000 1.330468
 1125.000000 1.369879
 1126.000000 1.253786
 1127.000000 1.155649
 1128.000000 1.586591
 1129.000000 1.697776
 1130.000000 1.712512
 1131.000000 1.821696
 1132.000000 1.760513
 1133.000000 1.658491
 1134.000000 1.629156
 1135.000000 1.568735
 1136.000000 1.563558
 1137.000000 1.517385
 1138.000000 1.473734
 1139.000000 1.597144
 1140.000000 1.720686
 1141.000000 1.662257
 1142.000000 1.591984
 1143.000000 1.560572
 1144.000000 1.658926
 1145.000000 1.689863
 1146.000000 1.635155
 1147.000000 1.643982
 1148.000000 1.662974
 1149.000000 1.647652
 1150.000000 1.666174
 1151.000000 1.773257
 1152.000000 1.860392
 1153.000000 1.709706
 1154.000000 1.549050
 1155.000000 1.768252
 1156.000000 1.825507
 1157.000000 1.786448
 1158.000000 1.830153
 1159.000000 1.771651
 1160.000000 1.798388
 1161.000000 1.758903
 1162.000000 1.783730
 1163.000000 1.852282
 1164.000000 1.748905
 1165.000000 1.847541
 1166.000000 1.784839
 1167.000000 1.746584
 1168.000000 1.786011
 1169.000000 1.794521
 1170.000000 1.909847
 1171.000000 1.960835
 1172.000000 1.840977
 1173.000000 1.883318
 1174.000000 1.962344
 1175.000000 1.750981
 1176.000000 1.866756
 1177.000000 1.895743
 1178.000000 1.791700
 1179.000000 1.833106
 1180.000000 1.676368
 1181.000000 1.784546
 1182.000000 1.757450
 1183.000000 1.897747
 1184.000000 1.747793
 1185.000000 1.758843
 1186.000000 1.556821
 1187.000000 1.737269
 1188.000000 1.627216
 1189.000000 1.489564
 1190.000000 1.747093
 1191.000000 1.650708
 1192.000000 1.697455
 1193.000000 1.802985
 1194.000000 1.699747
 1195.000000 1.556311
 1196.000000 1.770907
 1197.000000 1.802107
 1198.000000 1.820110
 1199.000000 1.842185
 1200.000000 1.794111
 1201.000000 1.972935
 1202.000000 1.839144
 1203.000000 1.913120
 1204.000000 1.910857
 1205.000000 1.811094
 1206.000000 1.910247
 1207.000000 1.978477
 1208.000000 1.874174
 1209.000000 1.805568
 1210.000000 1.782139
 1211.000000 1.705860
 1212.000000 1.830280
 1213.000000 1.824460
 1214.000000 1.697643
 1215.000000 1.818185
 1216.000000 1.704520
 1217.000000 1.726100
 1218.000000 1.778799
 1219.000000 1.669370
 1220.000000 1.620291
 1221.000000 1.625198
 1222.000000 1.709130
 1223.000000 1.667105
 1224.000000 1.929611
 1225.000000 1.910001
 1226.000000 2.020981
 1227.000000 1.976265
 1228.000000 2.334631
 1229.000000 2.128716
 1230.000000 2.211502
 1231.000000 2.086862
 1232.000000 2.179951
 1233.000000 2.306155
 1234.000000 2.457642
 1235.000000 2.412766
 1236.000000 2.442237
 1237.000000 2.512772
 1238.000000 2.312930
 1239.000000 2.199472
 1240.000000 2.181352
 1241.000000 2.180455
 1242.000000 2.077649
 1243.000000 2.160880
 1244.000000 2.105566
 1245.000000 2.170330
 1246.000000 2.151348
 1247.000000 2.136398
 1248.000000 2.119375
 1249.000000 2.160180
 1250.000000 1.953966
 1251.000000 2.172771
 1252.000000 2.153563
 1253.000000 2.074728
 1254.000000 1.945217
 1255.000000 2.040766
 1256.000000 1.966122
 1257.000000 1.965517
 1258.000000 2.152724
 1259.000000 2.121325
 1260.000000 2.045485
 1261.000000 2.047396
 1262.000000 2.159361
 1263.000000 2.130967
 1264.000000 2.156431
 1265.000000 2.015201
 1266.000000 1.982316
 1267.000000 1.976137
 1268.000000 1.913777
 1269.000000 1.894896
 1270.000000 1.764698
 1271.000000 1.887161
 1272.000000 2.043864
 1273.000000 2.005779
 1274.000000 2.061653
 1275.000000 2.269864
 1276.000000 2.124859
 1277.000000 2.142176
 1278.000000 2.104012
 1279.000000 2.290955
 1280.000000 2.087298
 1281.000000 2.112700
 1282.000000 2.222061
 1283.000000 2.241193
 1284.000000 1.987822
 1285.000000 1.964803
 1286.000000 2.195952
 1287.000000 2.105352
 1288.000000 1.856970
 1289.000000 1.910412
 1290.000000 1.989608
 1291.000000 1.822732
 1292.000000 1.820449
 1293.000000 1.857376
 1294.000000 1.896884
 1295.000000 2.005833
 1296.000000 2.053167
 1297.000000 1.979943
 1298.000000 1.938900
 1299.000000 1.792620
 1300.000000 1.817959
 1301.000000 1.886506
 1302.000000 1.785873
 1303.000000 1.884513
 1304.000000 1.666965
 1305.000000 1.887165
 1306.000000 1.752655
 1307.000000 1.601786
 1308.000000 1.447663
 1309.000000 1.686015
 1310.000000 1.630639
 1311.000000 1.835968
 1312.000000 1.734933
 1313.000000 1.717513
 1314.000000 1.832010
 1315.000000 1.805691
 1316.000000 1.878197
 1317.000000 1.700886
 1318.000000 1.892622
 1319.000000 1.686198
 1320.000000 1.725265
 1321.000000 1.725419
 1322.000000 1.306648
 1323.000000 1.480429
 1324.000000 1.516640
 1325.000000 1.507739
 1326.000000 1.432515
 1327.000000 1.551788
 1328.000000 1.608263
 1329.000000 1.790164
 1330.000000 1.953293
 1331.000000 1.649724
 1332.000000 1.661587
 1333.000000 1.842166
 1334.000000 1.807926
 1335.000000 1.595904
 1336.000000 1.734889
 1337.000000 1.723379
 1338.000000 1.778989
 1339.000000 1.699416
 1340.000000 1.633855
 1341.000000 1.586941
 1342.000000 1.667254
 1343.000000 1.836493
 1344.000000 1.824666
 1345.000000 2.144501
 1346.000000 2.296848
 1347.000000 2.194930
 1348.000000 2.296790
 1349.000000 2.027350
 1350.000000 1.939050
 1351.000000 2.121226
 1352.000000 1.995719
 1353.000000 1.896643
 1354.000000 1.898374
 1355.000000 1.942561
 1356.000000 1.833971
 1357.000000 2.027563
 1358.000000 1.929210
 1359.000000 2.005155
 1360.000000 1.919817
 1361.000000 1.982162
 1362.000000 2.073077
 1363.000000 2.012568
 1364.000000 2.042549
 1365.000000 1.835083
 1366.000000 1.978966
 1367.000000 1.999469
 1368.000000 1.997084
 1369.000000 1.837694
 1370.000000 1.901955
 1371.000000 1.966411
 1372.000000 1.959768
 1373.000000 2.073478
 1374.000000 2.029304
 1375.000000 2.089665
 1376.000000 1.989362
 1377.000000 2.062236
 1378.000000 1.687266
 1379.000000 1.732119
 1380.000000 1.889307
 1381.000000 1.901315
 1382.000000 1.836306
 1383.000000 2.149731
 1384.000000 2.134281
 1385.000000 2.146349
 1386.000000 2.135624
 1387.000000 2.256986
 1388.000000 1.971191
 1389.000000 1.841768
 1390.000000 1.721796
 1391.000000 1.739747
 1392.000000 1.900787
 1393.000000 1.803845
 1394.000000 1.934687
 1395.000000 1.987412
 1396.000000 1.838042
 1397.000000 2.094908
 1398.000000 2.515606
 1399.000000 2.344084
 1400.000000 2.173041
 1401.000000 1.953227
 1402.000000 1.942909
 1403.000000 1.748150
 1404.000000 1.913094
 1405.000000 1.916496
 1406.000000 2.098612
 1407.000000 2.064506
 1408.000000 1.806332
 1409.000000 2.054834
 1410.000000 1.858141
 1411.000000 1.819169
 1412.000000 1.722700
 1413.000000 1.778227
 1414.000000 1.791097
 1415.000000 1.926550
 1416.000000 1.814210
 1417.000000 1.932987
 1418.000000 2.086062
 1419.000000 2.162716
 1420.000000 2.100928
 1421.000000 2.132038
 1422.000000 2.099319
 1423.000000 2.148098
 1424.000000 2.191937
 1425.000000 2.017016
 1426.000000 1.784907
 1427.000000 2.057597
 1428.000000 2.273023
 1429.000000 1.906760
 1430.000000 2.005488
 1431.000000 2.296740
 1432.000000 2.147068
 1433.000000 2.504313
 1434.000000 2.077374
 1435.000000 2.198887
 1436.000000 2.242780
 1437.000000 2.383536
 1438.000000 2.339335
 1439.000000 2.276011
 1440.000000 2.249753
 1441.000000 2.282784
 1442.000000 2.241191
 1443.000000 2.291919
 1444.000000 2.248261
 1445.000000 2.243139
 1446.000000 2.248534
 1447.000000 2.278065
 1448.000000 2.288072
 1449.000000 2.354210
 1450.000000 2.207956
 1451.000000 2.264048
 1452.000000 2.198845
 1453.000000 2.312445
 1454.000000 2.355838
 1455.000000 2.276887
 1456.000000 2.190318
 1457.000000 2.033399
 1458.000000 1.948107
 1459.000000 2.215569
 1460.000000 2.099781
 1461.000000 2.200903
 1462.000000 2.212377
 1463.000000 2.195722
 1464.000000 2.186385
 1465.000000 1.975914
 1466.000000 2.271935
 1467.000000 2.251548
 1468.000000 2.179290
 1469.000000 1.964130
 1470.000000 2.070724
 1471.000000 1.833654
 1472.000000 2.023938
 1473.000000 2.081040
 1474.000000 1.768070
 1475.000000 1.850836
 1476.000000 1.924852
 1477.000000 1.813586
 1478.000000 1.697472
 1479.000000 1.765992
 1480.000000 1.879525
 1481.000000 1.890503
 1482.000000 1.851824
 1483.000000 1.898363
 1484.000000 1.913713
 1485.000000 1.886602
 1486.000000 1.831876
 1487.000000 1.796563
 1488.000000 1.811935
 1489.000000 1.888021
 1490.000000 1.862669
 1491.000000 1.898795
 1492.000000 1.936031
 1493.000000 1.875443
 1494.000000 1.991903
 1495.000000 1.946691
 1496.000000 1.580721
 1497.000000 1.549596
 1498.000000 1.524382
 1499.000000 1.505743
 1500.000000 1.500540
 1501.000000 1.752216
 1502.000000 1.822675
 1503.000000 1.832046
 1504.000000 1.888041
 1505.000000 1.496128
 1506.000000 1.559296
 1507.000000 1.712134
 1508.000000 1.563025
 1509.000000 1.717345
 1510.000000 1.741736
 1511.000000 1.788774
 1512.000000 1.769946
 1513.000000 1.802952
 1514.000000 1.577404
 1515.000000 1.725669
 1516.000000 1.606605
 1517.000000 1.538959
 1518.000000 1.465768
 1519.000000 1.732213
 1520.000000 1.731726
 1521.000000 1.690967
 1522.000000 1.888989
 1523.000000 1.824006
 1524.000000 1.826283
 1525.000000 1.744952
 1526.000000 1.870895
 1527.000000 1.747723
 1528.000000 1.935775
 1529.000000 1.837531
 1530.000000 1.897425
 1531.000000 1.775334
 1532.000000 2.008909
 1533.000000 1.989596
 1534.000000 2.157464
 1535.000000 2.205587
 1536.000000 2.097405
 1537.000000 2.073695
 1538.000000 2.173127
 1539.000000 2.254699
 1540.000000 2.322125
 1541.000000 2.250742
 1542.000000 2.238588
 1543.000000 2.330277
 1544.000000 2.193391
 1545.000000 2.474731
 1546.000000 2.311950
 1547.000000 2.260655
 1548.000000 2.158204
 1549.000000 2.278837
 1550.000000 2.043330
 1551.000000 2.306762
 1552.000000 2.186846
 1553.000000 2.425567
 1554.000000 2.277483
 1555.000000 2.278025
 1556.000000 2.260673
 1557.000000 2.237662
 1558.000000 2.448661
 1559.000000 2.187193
 1560.000000 2.220126
 1561.000000 2.170806
 1562.000000 2.307665
 1563.000000 1.981879
 1564.000000 2.134533
 1565.000000 1.995054
 1566.000000 2.165003
 1567.000000 1.908153
 1568.000000 1.962902
 1569.000000 2.150064
 1570.000000 2.247071
 1571.000000 1.886193
 1572.000000 2.094017
 1573.000000 2.038743
 1574.000000 2.296141
 1575.000000 2.064312
 1576.000000 2.083296
 1577.000000 2.116527
 1578.000000 1.895261
 1579.000000 2.133229
 1580.000000 2.283886
 1581.000000 2.233363
 1582.000000 2.271553
 1583.000000 2.158295
 1584.000000 2.127427
 1585.000000 2.071131
 1586.000000 2.018061
 1587.000000 1.815787
 1588.000000 1.696674
 1589.000000 1.631909
 1590.000000 1.515869
 1591.000000 1.689732
 1592.000000 1.812285
 1593.000000 1.856129
 1594.000000 1.877922
 1595.000000 1.885169
 1596.000000 1.772844
 1597.000000 1.788631
 1598.000000 1.802793
 1599.000000 2.004476
 1600.000000 2.034156
 1601.000000 2.115778
 1602.000000 1.904208
 1603.000000 1.774270
 1604.000000 1.785129
 1605.000000 1.840110
 1606.000000 1.993468
 1607.000000 2.179419
 1608.000000 2.263486
 1609.000000 2.343907
 1610.000000 2.295482
 1611.000000 2.200000
 1612.000000 2.264636
 1613.000000 2.315361
 1614.000000 2.281570
 1615.000000 2.193712
 1616.000000 2.215532
 1617.000000 2.349616
 1618.000000 2.399157
 1619.000000 2.292082
 1620.000000 2.375468
 1621.000000 2.294426
 1622.000000 2.239264
 1623.000000 2.314804
 1624.000000 2.112679
 1625.000000 2.160023
 1626.000000 2.161681
 1627.000000 2.148950
 1628.000000 2.146471
 1629.000000 2.088647
 1630.000000 2.172145
 1631.000000 1.996233
 1632.000000 2.085951
 1633.000000 2.197307
 1634.000000 2.028888
 1635.000000 2.010667
 1636.000000 1.952656
 1637.000000 1.824982
 1638.000000 1.926100
 1639.000000 1.542442
 1640.000000 1.818238
 1641.000000 1.787831
 1642.000000 1.697826
 1643.000000 1.706765
 1644.000000 1.848026
 1645.000000 1.614553
 1646.000000 1.604571
 1647.000000 1.661995
 1648.000000 1.740115
 1649.000000 1.381858
 1650.000000 1.698320
 1651.000000 1.803891
 1652.000000 1.773591
 1653.000000 1.734310
 1654.000000 2.047404
 1655.000000 1.658031
 1656.000000 1.663677
 1657.000000 1.518308
 1658.000000 0.837758
 1659.000000 0.982721
 1660.000000 1.295536
 1661.000000 1.350811
 1662.000000 1.396848
 1663.000000 0.914289
 1664.000000 0.906065
 1665.000000 0.412477
 1666.000000 0.460054
 1667.000000 0.234491
 1668.000000 0.614208
 1669.000000 0.766262
 1670.000000 0.599423
 1671.000000 0.475827
 1672.000000 0.527750
 1673.000000 0.495591
 1674.000000 0.810316
 1675.000000 0.921844
 1676.000000 0.849806
 1677.000000 1.162793
 1678.000000 2.354148
 1679.000000 2.975545
 1680.000000 3.170525
 1681.000000 3.873252
 1682.000000 3.958731
 1683.000000 3.929174
 1684.000000 3.644324
 1685.000000 2.703431
 1686.000000 2.747912
 1687.000000 2.658823
 1688.000000 2.836576
 1689.000000 2.975262
 1690.000000 4.498987
 1691.000000 3.645144
 1692.000000 3.354972
 1693.000000 4.495803
 1694.000000 4.013592
 1695.000000 3.754020
 1696.000000 3.384427
 1697.000000 3.075860
 1698.000000 3.084025
 1699.000000 1.612557
 1700.000000 1.390701
 1701.000000 1.944568
 1702.000000 3.144711
 1703.000000 3.697227
 1704.000000 5.066279
 1705.000000 4.789295
 1706.000000 3.362221
 1707.000000 2.673767
 1708.000000 2.040753
 1709.000000 3.857054
 1710.000000 3.047501
 1711.000000 3.109975
 1712.000000 3.417543
 1713.000000 3.001407
 1714.000000 2.761133
 1715.000000 3.908117
 1716.000000 4.275437
 1717.000000 3.815867
 1718.000000 3.563563
 1719.000000 4.297522
 1720.000000 4.727437
 1721.000000 4.555866
 1722.000000 4.391717
 1723.000000 3.847467
 1724.000000 3.367828
 1725.000000 2.256166
 1726.000000 1.418485
 1727.000000 1.523728
 1728.000000 1.591098
 1729.000000 1.085349
 1730.000000 1.289013
 1731.000000 0.706170
 1732.000000 0.897771
 1733.000000 0.745939
 1734.000000 0.759606
 1735.000000 0.775236
 1736.000000 1.633884
 1737.000000 1.846477
 1738.000000 1.766012
 1739.000000 2.430926
 1740.000000 2.159552
 1741.000000 1.934493
 1742.000000 2.951906
 1743.000000 1.903739
 1744.000000 3.053994
 1745.000000 2.546344
 1746.000000 2.218141
 1747.000000 2.486829
 1748.000000 3.389017
 1749.000000 2.393500
 1750.000000 1.887200
 1751.000000 2.831693
 1752.000000 3.330759
 1753.000000 3.389337
 1754.000000 3.267040
 1755.000000 3.829678
 1756.000000 3.183526
 1757.000000 2.244845
 1758.000000 2.129978
 1759.000000 1.919337
 1760.000000 1.950176
 1761.000000 1.936052
 1762.000000 2.055025
 1763.000000 1.746108
 1764.000000 1.818834
 1765.000000 1.374687
 1766.000000 2.640115
 1767.000000 2.119638
 1768.000000 2.092300
 1769.000000 1.633026
 1770.000000 3.588463
 1771.000000 4.392542
 1772.000000 4.508965
 1773.000000 4.461297
 1774.000000 3.930506
 1775.000000 3.658916
 1776.000000 3.705315
 1777.000000 2.795665
 1778.000000 4.301781
 1779.000000 3.036963
 1780.000000 2.386509
 1781.000000 3.334174
 1782.000000 3.198200
 1783.000000 3.567392
 1784.000000 3.451139
 1785.000000 3.530295
 1786.000000 3.299372
 1787.000000 2.816672
 1788.000000 3.545062
 1789.000000 4.429178
 1790.000000 4.256790
 1791.000000 4.472610
 1792.000000 4.196807
 1793.000000 4.564577
 1794.000000 4.379544
 1795.000000 4.404336
 1796.000000 4.336656
 1797.000000 4.062766
 1798.000000 3.477395
 1799.000000 2.918073
 1800.000000 2.879196
 1801.000000 2.861310
 1802.000000 3.424418
 1803.000000 3.130660
 1804.000000 2.736835
 1805.000000 2.263174
 1806.000000 2.213851
 1807.000000 1.779140
 1808.000000 1.493137
 1809.000000 1.776413
 1810.000000 1.805037
 1811.000000 1.460998
 1812.000000 1.649963
 1813.000000 1.534048
 1814.000000 1.415681
 1815.000000 1.171136
 1816.000000 1.159478
 1817.000000 1.191378
 1818.000000 0.949923
 1819.000000 1.359155
 1820.000000 1.109259
 1821.000000 1.583175
 1822.000000 1.336090
 1823.000000 1.428656
 1824.000000 1.484276
 1825.000000 1.253662
 1826.000000 1.507067
 1827.000000 1.196779
 1828.000000 1.142465
 1829.000000 0.976284
 1830.000000 1.366250
 1831.000000 2.512638
 1832.000000 4.004591
 1833.000000 3.821477
 1834.000000 3.394098
 1835.000000 3.060836
 1836.000000 2.231568
 1837.000000 2.898376
 1838.000000 3.214969
 1839.000000 3.628336
 1840.000000 3.537695
 1841.000000 3.387940
 1842.000000 3.500242
 1843.000000 3.521994
 1844.000000 3.575517
 1845.000000 3.498362
 1846.000000 3.551147
 1847.000000 3.606369
 1848.000000 3.589894
 1849.000000 3.650829
 1850.000000 3.594699
 1851.000000 3.526704
 1852.000000 3.530593
 1853.000000 3.666734
 1854.000000 3.397495
 1855.000000 3.727690
 1856.000000 3.561265
 1857.000000 3.500876
 1858.000000 2.776023
 1859.000000 2.952385
 1860.000000 3.454091
 1861.000000 4.174141
 1862.000000 3.965786
 1863.000000 3.566467
 1864.000000 2.660562
 1865.000000 3.879498
 1866.000000 3.188138
 1867.000000 3.137969
 1868.000000 2.746657
 1869.000000 2.262116
 1870.000000 3.379600
 1871.000000 4.088132
 1872.000000 3.282111
 1873.000000 3.418548
 1874.000000 4.252611
 1875.000000 4.302697
 1876.000000 4.136550
 1877.000000 4.144531
 1878.000000 4.136825
 1879.000000 4.087777
 1880.000000 4.129293
 1881.000000 4.145397
 1882.000000 4.213109
 1883.000000 4.102340
 1884.000000 3.947447
 1885.000000 3.993733
 1886.000000 3.977669
 1887.000000 3.956926
 1888.000000 3.895355
 1889.000000 3.856531
 1890.000000 4.001103
 1891.000000 4.437495
 1892.000000 4.155897
 1893.000000 4.052544
 1894.000000 3.996921
 1895.000000 4.043637
 1896.000000 3.996018
 1897.000000 4.178937
 1898.000000 4.248199
 1899.000000 3.913423
 1900.000000 2.670622
 1901.000000 2.715195
 1902.000000 2.909159
 1903.000000 3.060667
 1904.000000 2.559792
 1905.000000 3.283508
 1906.000000 3.284625
 1907.000000 4.293957
 1908.000000 4.074265
 1909.000000 4.022553
 1910.000000 4.581985
 1911.000000 3.222576
 1912.000000 3.879253
 1913.000000 4.641890
 1914.000000 4.507952
 1915.000000 3.116862
 1916.000000 2.788440
 1917.000000 3.692650
 1918.000000 3.495835
 1919.000000 3.160817
 1920.000000 2.566083
 1921.000000 2.555320
 1922.000000 2.096795
 1923.000000 1.987276
 1924.000000 1.811215
 1925.000000 1.558122
 1926.000000 1.418410
 1927.000000 0.930116
 1928.000000 0.691198
 1929.000000 1.593826
 1930.000000 1.434402
 1931.000000 1.741957
 1932.000000 1.187712
 1933.000000 1.754165
 1934.000000 1.376896
 1935.000000 1.276323
 1936.000000 1.712094
 1937.000000 2.632850
 1938.000000 1.381309
 1939.000000 1.105503
 1940.000000 1.803806
 1941.000000 1.370146
 1942.000000 0.724469
 1943.000000 0.686280
 1944.000000 0.632137
 1945.000000 0.722665
 1946.000000 0.632435
 1947.000000 0.546419
 1948.000000 0.707264
 1949.000000 0.367218
 1950.000000 0.640560
 1951.000000 0.707220
 1952.000000 0.635695
 1953.000000 0.615366
 1954.000000 0.680424
 1955.000000 0.653266
 1956.000000 0.710219
 1957.000000 0.629754
 1958.000000 0.700511
 1959.000000 0.768314
 1960.000000 0.680313
 1961.000000 0.642400
 1962.000000 0.823130
 1963.000000 0.457442
 1964.000000 0.568615
 1965.000000 2.171968
 1966.000000 2.661822
 1967.000000 2.848467
 1968.000000 3.257569
 1969.000000 3.787594
 1970.000000 3.423761
 1971.000000 3.344253
 1972.000000 3.805611
 1973.000000 3.027944
 1974.000000 3.671386
 1975.000000 3.099131
 1976.000000 3.426425
 1977.000000 3.151364
 1978.000000 3.456571
 1979.000000 3.932319
 1980.000000 3.474753
 1981.000000 4.383674
 1982.000000 4.471934
 1983.000000 4.851854
 1984.000000 4.254994
 1985.000000 4.401093
 1986.000000 4.166611
 1987.000000 2.892740
 1988.000000 2.865364
 1989.000000 2.549333
 1990.000000 2.916440
 1991.000000 2.528095
 1992.000000 4.193292
 1993.000000 3.907328
 1994.000000 3.057332
 1995.000000 3.162877
 1996.000000 3.202427
 1997.000000 3.621431
 1998.000000 3.451747
 1999.000000 3.353344
 2000.000000 3.230159
 2001.000000 3.770941
 2002.000000 3.118712
 2003.000000 3.386159
 2004.000000 3.679649
 2005.000000 3.783149
 2006.000000 3.611872
 2007.000000 3.435989
 2008.000000 3.425307
 2009.000000 3.857412
 2010.000000 3.548827
 2011.000000 3.646410
 2012.000000 3.625612
 2013.000000 2.963675
 2014.000000 3.502461
 2015.000000 3.406004
 2016.000000 3.443293
 2017.000000 3.603269
 2018.000000 3.946979
 2019.000000 4.293141
 2020.000000 4.083598
 2021.000000 4.075738
 2022.000000 4.094552
 2023.000000 4.173523
 2024.000000 4.132103
