#! FIELDS time r0.min
 0.000000 1.556893
 1.000000 1.597066
 2.000000 1.574646
 3.000000 1.929354
 4.000000 0.976318
 5.000000 0.158799
 6.000000 0.158181
 7.000000 0.212952
 8.000000 0.168696
 9.000000 1.459499
 10.000000 1.083933
 11.000000 1.406426
 12.000000 2.560075
 13.000000 2.538443
 14.000000 1.792817
 15.000000 1.919344
 16.000000 1.953518
 17.000000 2.011006
 18.000000 1.718984
 19.000000 1.778524
 20.000000 1.449445
 21.000000 1.830460
 22.000000 1.787441
 23.000000 1.950188
 24.000000 2.543924
 25.000000 0.594494
 26.000000 0.200462
 27.000000 0.204673
 28.000000 0.208853
 29.000000 0.450499
 30.000000 1.345000
 31.000000 1.548949
 32.000000 2.617367
 33.000000 2.541468
 34.000000 0.893042
 35.000000 1.383157
 36.000000 2.590402
 37.000000 2.314865
 38.000000 3.029386
 39.000000 2.517228
 40.000000 2.721774
 41.000000 2.700527
 42.000000 2.787373
 43.000000 2.393750
 44.000000 0.196199
 45.000000 0.254973
 46.000000 0.762646
 47.000000 1.183529
 48.000000 0.762679
 49.000000 1.166608
 50.000000 0.636942
 51.000000 0.498786
 52.000000 0.329471
 53.000000 0.992969
 54.000000 0.385244
 55.000000 0.249624
 56.000000 0.269206
 57.000000 0.247107
 58.000000 0.459888
 59.000000 0.491293
 60.000000 0.418643
 61.000000 0.215699
 62.000000 0.173937
 63.000000 1.016415
 64.000000 0.954245
 65.000000 1.122298
 66.000000 1.632845
 67.000000 2.542895
 68.000000 2.401567
 69.000000 2.444839
 70.000000 2.465364
 71.000000 2.498875
 72.000000 2.788253
 73.000000 3.018860
 74.000000 2.813125
 75.000000 2.251873
 76.000000 2.997632
 77.000000 2.777125
 78.000000 2.189252
 79.000000 2.519108
 80.000000 2.453350
 81.000000 2.515364
 82.000000 2.332805
 83.000000 2.506264
 84.000000 2.470440
 85.000000 2.213714
 86.000000 2.394719
 87.000000 2.458180
 88.000000 2.685682
 89.000000 2.808618
 90.000000 2.975963
 91.000000 3.006197
 92.000000 2.963893
 93.000000 2.656217
 94.000000 2.752986
 95.000000 3.079719
 96.000000 2.865067
 97.000000 1.125146
 98.000000 1.059118
 99.000000 0.461548
 100.000000 1.898058
 101.000000 1.018234
 102.000000 2.305751
 103.000000 1.234699
 104.000000 2.601891
 105.000000 1.993041
 106.000000 2.880661
 107.000000 2.165348
 108.000000 0.464952
 109.000000 0.643864
 110.000000 0.722016
 111.000000 0.906411
 112.000000 1.558759
 113.000000 2.170103
 114.000000 2.230156
 115.000000 1.965227
 116.000000 1.921719
 117.000000 2.278340
 118.000000 2.157327
 119.000000 1.702359
 120.000000 1.950329
 121.000000 1.856736
 122.000000 2.011128
 123.000000 1.744803
 124.000000 1.268329
 125.000000 1.034218
 126.000000 0.606502
 127.000000 0.233070
 128.000000 0.251445
 129.000000 0.226410
 130.000000 0.234983
 131.000000 0.250937
 132.000000 0.274644
 133.000000 0.398107
 134.000000 0.523566
 135.000000 0.712500
 136.000000 1.196492
 137.000000 0.813745
 138.000000 0.257888
 139.000000 0.263096
 140.000000 0.229233
 141.000000 0.205487
 142.000000 1.144308
 143.000000 1.831133
 144.000000 1.565469
 145.000000 1.050277
 146.000000 2.585113
 147.000000 2.653461
 148.000000 2.120289
 149.000000 2.198912
 150.000000 2.476777
 151.000000 2.307071
 152.000000 1.355973
 153.000000 2.362200
 154.000000 2.416095
 155.000000 2.517110
 156.000000 2.668105
 157.000000 2.159937
 158.000000 2.351429
 159.000000 2.118609
 160.000000 2.466570
 161.000000 2.781178
 162.000000 2.870598
 163.000000 2.480728
 164.000000 2.286433
 165.000000 2.555766
 166.000000 2.225287
 167.000000 1.873315
 168.000000 2.752936
 169.000000 2.436665
 170.000000 2.425353
 171.000000 2.197497
 172.000000 2.450171
 173.000000 2.531418
 174.000000 2.476124
 175.000000 2.530997
 176.000000 2.489234
 177.000000 2.416293
 178.000000 2.396440
 179.000000 2.500329
 180.000000 2.459597
 181.000000 2.492201
 182.000000 2.442688
 183.000000 2.409152
 184.000000 2.426698
 185.000000 2.366399
 186.000000 2.326943
 187.000000 2.373489
 188.000000 2.428015
 189.000000 2.405794
 190.000000 2.488814
 191.000000 2.501279
 192.000000 2.620003
 193.000000 2.437992
 194.000000 2.547645
 195.000000 2.517651
 196.000000 2.520765
 197.000000 2.561206
 198.000000 2.449878
 199.000000 2.462736
 200.000000 2.451980
 201.000000 2.489759
 202.000000 2.450643
 203.000000 2.511207
 204.000000 2.690240
 205.000000 2.454976
 206.000000 1.924443
 207.000000 2.100949
 208.000000 2.240792
 209.000000 2.441696
 210.000000 2.531798
 211.000000 2.451790
 212.000000 1.997658
 213.000000 2.040948
 214.000000 2.461849
 215.000000 2.489277
 216.000000 2.564596
 217.000000 2.199431
 218.000000 2.425192
 219.000000 2.655849
 220.000000 2.462586
 221.000000 2.631542
 222.000000 2.609044
 223.000000 2.696543
 224.000000 2.777763
 225.000000 2.885501
 226.000000 2.765374
 227.000000 2.700309
 228.000000 2.712843
 229.000000 2.703016
 230.000000 2.668142
 231.000000 2.698495
 232.000000 2.603974
 233.000000 2.819377
 234.000000 2.834695
 235.000000 2.805135
 236.000000 2.811670
 237.000000 2.792084
 238.000000 2.616114
 239.000000 2.752346
 240.000000 2.898537
 241.000000 2.881069
 242.000000 2.801620
 243.000000 2.850926
 244.000000 2.832363
 245.000000 2.195281
 246.000000 0.818702
 247.000000 1.449819
 248.000000 2.411386
 249.000000 2.696715
 250.000000 2.708194
 251.000000 2.351188
 252.000000 2.907680
 253.000000 2.876985
 254.000000 2.740875
 255.000000 2.654568
 256.000000 2.426124
 257.000000 2.476001
 258.000000 2.371956
 259.000000 2.324481
 260.000000 1.468527
 261.000000 0.518444
 262.000000 2.503591
 263.000000 2.187536
 264.000000 1.311045
 265.000000 1.068573
 266.000000 0.516822
 267.000000 1.941298
 268.000000 2.287457
 269.000000 2.404613
 270.000000 2.528344
 271.000000 2.664055
 272.000000 1.721968
 273.000000 2.840420
 274.000000 2.914274
 275.000000 1.839417
 276.000000 1.844118
 277.000000 1.751351
 278.000000 1.300229
 279.000000 2.274730
 280.000000 1.522713
 281.000000 2.203618
 282.000000 2.204047
 283.000000 2.379179
 284.000000 0.814667
 285.000000 2.848283
 286.000000 2.508526
 287.000000 2.896010
 288.000000 2.767450
 289.000000 1.661746
 290.000000 2.312286
 291.000000 2.531382
 292.000000 1.984335
 293.000000 2.158928
 294.000000 1.835148
 295.000000 1.825043
 296.000000 2.189170
 297.000000 2.589044
 298.000000 2.029237
 299.000000 1.024955
 300.000000 1.314659
 301.000000 0.609837
 302.000000 1.540530
 303.000000 2.239481
 304.000000 2.623903
 305.000000 2.625851
 306.000000 2.786170
 307.000000 2.688399
 308.000000 1.997429
 309.000000 2.216173
 310.000000 0.975115
 311.000000 0.205253
 312.000000 2.024875
 313.000000 2.584079
 314.000000 2.561312
 315.000000 2.344469
 316.000000 2.878432
 317.000000 2.509289
 318.000000 2.771149
 319.000000 1.990955
 320.000000 2.752903
 321.000000 1.849266
 322.000000 1.705635
 323.000000 2.275065
 324.000000 1.954996
 325.000000 2.693383
 326.000000 2.769389
 327.000000 2.802126
 328.000000 2.215877
 329.000000 2.732311
 330.000000 1.987177
 331.000000 2.479595
 332.000000 2.183521
 333.000000 0.959468
 334.000000 0.454683
 335.000000 1.998901
 336.000000 2.770726
 337.000000 2.783176
 338.000000 2.572479
 339.000000 2.752968
 340.000000 2.785822
 341.000000 2.650246
 342.000000 2.574602
 343.000000 2.519477
 344.000000 2.412678
 345.000000 2.376499
 346.000000 2.306926
 347.000000 2.674359
 348.000000 2.632008
 349.000000 2.451894
 350.000000 2.420711
 351.000000 2.266784
 352.000000 2.454637
 353.000000 2.583029
 354.000000 2.741032
 355.000000 2.566468
 356.000000 2.622098
 357.000000 2.525685
 358.000000 2.157181
 359.000000 2.326984
 360.000000 2.633461
 361.000000 2.607859
 362.000000 2.662153
 363.000000 2.720342
 364.000000 2.785791
 365.000000 2.778988
 366.000000 2.713271
 367.000000 2.773095
 368.000000 2.694049
 369.000000 2.734376
 370.000000 2.688868
 371.000000 2.662673
 372.000000 2.635721
 373.000000 2.711666
 374.000000 2.612380
 375.000000 2.597261
 376.000000 2.621020
 377.000000 2.700271
 378.000000 2.653206
 379.000000 2.573353
 380.000000 2.578901
 381.000000 2.539832
 382.000000 2.555288
 383.000000 2.611485
 384.000000 2.642713
 385.000000 2.570060
 386.000000 2.626567
 387.000000 2.623318
 388.000000 2.552931
 389.000000 2.615706
 390.000000 2.574975
 391.000000 2.575767
 392.000000 2.529438
 393.000000 2.588831
 394.000000 2.688678
 395.000000 2.522134
 396.000000 2.689882
 397.000000 2.524956
 398.000000 2.663044
 399.000000 2.402312
 400.000000 2.511985
 401.000000 2.442171
 402.000000 2.206881
 403.000000 2.536402
 404.000000 2.572154
 405.000000 2.538363
 406.000000 2.504137
 407.000000 2.474486
 408.000000 2.513649
 409.000000 2.483349
 410.000000 2.520226
 411.000000 2.594569
 412.000000 2.576026
 413.000000 2.594469
 414.000000 2.603233
 415.000000 2.599515
 416.000000 2.578084
 417.000000 2.585733
 418.000000 2.570437
 419.000000 2.559786
 420.000000 2.517290
 421.000000 2.529396
 422.000000 2.551138
 423.000000 2.627184
 424.000000 2.697104
 425.000000 2.633705
 426.000000 2.625894
 427.000000 2.669066
 428.000000 2.687814
 429.000000 2.590022
 430.000000 2.744145
 431.000000 2.724825
 432.000000 2.814056
 433.000000 2.836172
 434.000000 2.692693
 435.000000 2.782063
 436.000000 2.629076
 437.000000 2.723471
 438.000000 2.709870
 439.000000 2.708927
 440.000000 2.746340
 441.000000 2.549483
 442.000000 2.649033
 443.000000 2.543356
 444.000000 2.489321
 445.000000 2.386985
 446.000000 2.652799
 447.000000 2.829742
 448.000000 2.162731
 449.000000 2.793437
 450.000000 3.047022
 451.000000 3.254320
 452.000000 2.412252
 453.000000 2.765809
 454.000000 2.004777
 455.000000 2.844141
 456.000000 3.157233
 457.000000 1.982688
 458.000000 2.442982
 459.000000 2.821255
 460.000000 2.727573
 461.000000 1.590027
 462.000000 1.865975
 463.000000 2.275626
 464.000000 0.353629
 465.000000 1.615108
 466.000000 2.473354
 467.000000 1.509541
 468.000000 2.421480
 469.000000 2.598991
 470.000000 2.847896
 471.000000 2.878778
 472.000000 2.598213
 473.000000 1.736284
 474.000000 0.764520
 475.000000 0.431406
 476.000000 1.831463
 477.000000 0.949129
 478.000000 0.242741
 479.000000 0.182563
 480.000000 0.223341
 481.000000 0.241471
 482.000000 0.234830
 483.000000 1.156630
 484.000000 2.361261
 485.000000 2.044054
 486.000000 2.334145
 487.000000 2.721737
 488.000000 2.125813
 489.000000 1.504168
 490.000000 0.423828
 491.000000 0.195658
 492.000000 0.251736
 493.000000 1.724720
 494.000000 1.878230
 495.000000 2.152283
 496.000000 2.327943
 497.000000 2.612049
 498.000000 2.813034
 499.000000 2.821539
 500.000000 2.934349
 501.000000 3.013271
 502.000000 2.756922
 503.000000 2.522621
 504.000000 2.442314
 505.000000 1.894181
 506.000000 2.434918
 507.000000 2.604126
 508.000000 1.691049
 509.000000 2.200675
 510.000000 2.691471
 511.000000 2.610059
 512.000000 1.941863
 513.000000 2.452491
 514.000000 2.627146
 515.000000 2.509520
 516.000000 2.775802
 517.000000 2.118971
 518.000000 2.549505
 519.000000 1.510720
 520.000000 1.972998
 521.000000 2.558680
 522.000000 2.987969
 523.000000 1.248514
 524.000000 1.779252
 525.000000 1.532087
 526.000000 0.310725
 527.000000 0.558193
 528.000000 2.046344
 529.000000 1.954517
 530.000000 2.251784
 531.000000 2.075325
 532.000000 1.746246
 533.000000 2.355223
 534.000000 0.165810
 535.000000 0.308387
 536.000000 0.777738
 537.000000 2.169402
 538.000000 2.467058
 539.000000 2.471360
 540.000000 2.235199
 541.000000 1.445664
 542.000000 2.583205
 543.000000 1.960312
 544.000000 2.067331
 545.000000 1.340051
 546.000000 0.954446
 547.000000 1.330663
 548.000000 1.139297
 549.000000 1.453033
 550.000000 1.354278
 551.000000 1.538407
 552.000000 1.587333
 553.000000 1.420374
 554.000000 1.753817
 555.000000 1.875094
 556.000000 1.840431
 557.000000 1.248569
 558.000000 1.721738
 559.000000 1.681311
 560.000000 1.712279
 561.000000 1.783072
 562.000000 1.618605
 563.000000 1.348545
 564.000000 1.539587
 565.000000 1.807305
 566.000000 1.801431
 567.000000 1.990403
 568.000000 1.891485
 569.000000 1.594860
 570.000000 1.216358
 571.000000 0.950751
 572.000000 1.347469
 573.000000 0.720569
 574.000000 1.564772
 575.000000 1.415360
 576.000000 0.991805
 577.000000 0.808701
 578.000000 1.253840
 579.000000 2.576893
 580.000000 1.930576
 581.000000 2.494783
 582.000000 2.455825
 583.000000 2.432887
 584.000000 2.461758
 585.000000 1.078436
 586.000000 2.328514
 587.000000 2.472655
 588.000000 1.540168
 589.000000 2.069858
 590.000000 2.581412
 591.000000 2.305779
 592.000000 2.605553
 593.000000 2.492660
 594.000000 2.411330
 595.000000 2.962121
 596.000000 2.801325
 597.000000 2.915145
 598.000000 2.918625
 599.000000 2.869583
 600.000000 2.865228
 601.000000 2.955683
 602.000000 2.926343
 603.000000 2.934901
 604.000000 2.868392
 605.000000 2.821461
 606.000000 2.831233
 607.000000 2.851771
 608.000000 2.816035
 609.000000 2.744631
 610.000000 2.722578
 611.000000 2.724807
 612.000000 2.752126
 613.000000 2.836534
 614.000000 2.813635
 615.000000 2.920222
 616.000000 2.949058
 617.000000 2.921130
 618.000000 2.999662
 619.000000 2.838700
 620.000000 2.785101
 621.000000 2.793955
 622.000000 2.905511
 623.000000 2.885320
 624.000000 2.728883
 625.000000 2.842029
 626.000000 2.778721
 627.000000 2.631045
 628.000000 2.846462
 629.000000 2.562697
 630.000000 2.689778
 631.000000 2.654339
 632.000000 2.589069
 633.000000 2.722761
 634.000000 2.929364
 635.000000 2.974228
 636.000000 2.965988
 637.000000 2.659602
 638.000000 2.631496
 639.000000 2.930359
 640.000000 2.960420
 641.000000 2.707990
 642.000000 3.010135
 643.000000 2.705752
 644.000000 2.598080
 645.000000 2.728946
 646.000000 3.082844
 647.000000 3.074232
 648.000000 2.596123
 649.000000 2.599428
 650.000000 2.639030
 651.000000 2.736237
 652.000000 2.849818
 653.000000 2.896161
 654.000000 3.000787
 655.000000 2.988934
 656.000000 3.060208
 657.000000 3.086840
 658.000000 3.058847
 659.000000 3.067640
 660.000000 2.969911
 661.000000 2.912864
 662.000000 2.954731
 663.000000 2.934338
 664.000000 2.895622
 665.000000 2.993666
 666.000000 2.585811
 667.000000 2.657504
 668.000000 2.677032
 669.000000 2.733891
 670.000000 2.741785
 671.000000 2.609457
 672.000000 2.666528
 673.000000 2.902335
 674.000000 2.900944
 675.000000 2.966022
 676.000000 2.935338
 677.000000 2.925823
 678.000000 2.967060
 679.000000 3.054697
 680.000000 3.015885
 681.000000 2.946004
 682.000000 2.888112
 683.000000 2.881007
 684.000000 2.900128
 685.000000 2.889515
 686.000000 2.956661
 687.000000 2.860367
 688.000000 2.851946
 689.000000 2.920903
 690.000000 2.936181
 691.000000 2.358671
 692.000000 2.514102
 693.000000 2.316712
 694.000000 2.837790
 695.000000 2.568001
 696.000000 2.343966
 697.000000 2.606315
 698.000000 2.938537
 699.000000 2.892786
 700.000000 2.842668
 701.000000 2.745155
 702.000000 2.660882
 703.000000 2.488067
 704.000000 2.506253
 705.000000 1.491885
 706.000000 2.016334
 707.000000 2.598474
 708.000000 2.551045
 709.000000 2.924311
 710.000000 3.088588
 711.000000 2.819389
 712.000000 2.436035
 713.000000 2.829703
 714.000000 2.538718
 715.000000 2.776516
 716.000000 2.671806
 717.000000 2.716259
 718.000000 2.225512
 719.000000 1.803767
 720.000000 1.855940
 721.000000 0.189021
 722.000000 2.372437
 723.000000 2.620019
 724.000000 1.064074
 725.000000 0.223594
 726.000000 2.184341
 727.000000 2.306492
 728.000000 2.742117
 729.000000 2.370414
 730.000000 2.744272
 731.000000 2.489184
 732.000000 1.353719
 733.000000 1.913868
 734.000000 2.996785
 735.000000 3.010525
 736.000000 2.471694
 737.000000 2.420084
 738.000000 2.831706
 739.000000 1.586650
 740.000000 2.584353
 741.000000 1.233472
 742.000000 2.715180
 743.000000 2.178352
 744.000000 2.575301
 745.000000 2.267315
 746.000000 1.999224
 747.000000 2.044873
 748.000000 2.623238
 749.000000 2.597515
 750.000000 2.634220
 751.000000 2.549778
 752.000000 2.751617
 753.000000 2.732165
 754.000000 2.325386
 755.000000 2.194125
 756.000000 2.448115
 757.000000 2.018581
 758.000000 0.702590
 759.000000 1.422322
 760.000000 0.210797
 761.000000 0.175445
 762.000000 0.514039
 763.000000 0.267410
 764.000000 1.669356
 765.000000 2.001434
 766.000000 1.943502
 767.000000 2.575222
 768.000000 2.918306
 769.000000 2.588593
 770.000000 2.626680
 771.000000 2.813626
 772.000000 2.882426
 773.000000 2.649246
 774.000000 2.384100
 775.000000 1.539359
 776.000000 1.724914
 777.000000 2.081450
 778.000000 1.573770
 779.000000 1.281376
 780.000000 2.317443
 781.000000 1.780132
 782.000000 1.987428
 783.000000 1.169385
 784.000000 1.744438
 785.000000 2.436672
 786.000000 2.845195
 787.000000 1.918634
 788.000000 2.394155
 789.000000 2.570624
 790.000000 2.411948
 791.000000 2.396831
 792.000000 2.725828
 793.000000 2.985167
 794.000000 3.259417
 795.000000 2.974499
 796.000000 2.799064
 797.000000 3.041559
 798.000000 2.744520
 799.000000 2.015180
 800.000000 1.702713
 801.000000 1.517837
 802.000000 0.347389
 803.000000 2.361850
 804.000000 2.388831
 805.000000 2.173456
 806.000000 1.933813
 807.000000 1.108234
 808.000000 1.110966
 809.000000 1.895512
 810.000000 1.781947
 811.000000 2.233453
 812.000000 2.382016
 813.000000 2.408243
 814.000000 2.441209
 815.000000 2.134340
 816.000000 2.633124
 817.000000 2.964081
 818.000000 2.909258
 819.000000 3.033206
 820.000000 2.537811
 821.000000 2.449663
 822.000000 2.674925
 823.000000 2.565860
 824.000000 2.355628
 825.000000 1.857289
 826.000000 2.223084
 827.000000 1.935273
 828.000000 1.020936
 829.000000 2.132127
 830.000000 2.263571
 831.000000 2.180933
 832.000000 1.888392
 833.000000 1.996271
 834.000000 2.065327
 835.000000 2.388730
 836.000000 2.546971
 837.000000 2.335859
 838.000000 2.592462
 839.000000 2.299957
 840.000000 2.403429
 841.000000 2.778130
 842.000000 1.764413
 843.000000 1.727502
 844.000000 2.680022
 845.000000 2.596952
 846.000000 2.251954
 847.000000 2.540759
 848.000000 2.062839
 849.000000 2.874160
 850.000000 2.941797
 851.000000 2.557776
 852.000000 2.702459
 853.000000 2.498866
 854.000000 2.539312
 855.000000 3.283791
 856.000000 2.806478
 857.000000 2.629506
 858.000000 3.042340
 859.000000 2.703917
 860.000000 2.358632
 861.000000 2.437247
 862.000000 2.196831
 863.000000 2.478987
 864.000000 2.728896
 865.000000 2.648426
 866.000000 2.355759
 867.000000 2.881419
 868.000000 2.543509
 869.000000 2.197449
 870.000000 2.576305
 871.000000 2.674443
 872.000000 2.578837
 873.000000 2.748608
 874.000000 2.586455
 875.000000 2.771389
 876.000000 2.515908
 877.000000 2.611703
 878.000000 2.074704
 879.000000 2.773498
 880.000000 2.223306
 881.000000 3.109119
 882.000000 2.427715
 883.000000 2.882518
 884.000000 2.563632
 885.000000 2.922714
 886.000000 2.604445
 887.000000 2.746809
 888.000000 2.322583
 889.000000 2.607781
 890.000000 2.553769
 891.000000 2.419029
 892.000000 2.755034
 893.000000 2.789293
 894.000000 2.687716
 895.000000 2.442181
 896.000000 2.023881
 897.000000 2.474052
 898.000000 2.466041
 899.000000 2.583592
 900.000000 2.113624
 901.000000 2.218463
 902.000000 2.531617
 903.000000 2.983326
 904.000000 2.779530
 905.000000 2.714238
 906.000000 2.142598
 907.000000 1.217892
 908.000000 0.244782
 909.000000 0.185434
 910.000000 0.174937
 911.000000 0.189326
 912.000000 0.276243
 913.000000 0.261994
 914.000000 0.237392
 915.000000 0.200893
 916.000000 0.195438
 917.000000 0.247026
 918.000000 0.195512
 919.000000 0.240156
 920.000000 0.474644
 921.000000 0.739947
 922.000000 0.766114
 923.000000 1.281931
 924.000000 1.465732
 925.000000 0.857006
 926.000000 1.243611
 927.000000 1.166405
 928.000000 0.940813
 929.000000 1.139360
 930.000000 1.384204
 931.000000 1.276736
 932.000000 1.108094
 933.000000 1.055435
 934.000000 1.436074
 935.000000 0.858656
 936.000000 0.674685
 937.000000 0.478758
 938.000000 0.955077
 939.000000 1.096082
 940.000000 1.020391
 941.000000 0.798526
 942.000000 0.558821
 943.000000 0.596700
 944.000000 0.266467
 945.000000 0.286574
 946.000000 0.235937
 947.000000 0.302498
 948.000000 0.339316
 949.000000 0.302702
 950.000000 0.366289
 951.000000 0.274236
 952.000000 0.544408
 953.000000 0.691961
 954.000000 1.030318
 955.000000 0.857740
 956.000000 0.987232
 957.000000 0.958367
 958.000000 0.592235
 959.000000 0.939220
 960.000000 0.964894
 961.000000 0.868772
 962.000000 1.249538
 963.000000 1.117689
 964.000000 0.354193
 965.000000 1.048761
 966.000000 0.972793
 967.000000 1.026703
 968.000000 0.695305
 969.000000 0.615802
 970.000000 0.716160
 971.000000 0.796204
 972.000000 0.731349
 973.000000 0.707079
 974.000000 0.790344
 975.000000 0.741907
 976.000000 0.483576
 977.000000 0.567583
 978.000000 2.010517
 979.000000 1.783831
 980.000000 1.853117
 981.000000 1.318277
 982.000000 2.816615
 983.000000 2.066462
 984.000000 1.703229
 985.000000 2.973300
 986.000000 2.639605
 987.000000 2.879667
 988.000000 2.744112
 989.000000 2.520776
 990.000000 2.178145
 991.000000 2.150883
 992.000000 2.810280
 993.000000 2.813002
 994.000000 2.661475
 995.000000 1.885551
 996.000000 2.453949
 997.000000 2.295952
 998.000000 0.446518
 999.000000 1.107668
 1000.000000 0.784341
 1001.000000 0.194376
 1002.000000 0.191382
 1003.000000 0.179695
 1004.000000 0.196769
 1005.000000 0.263657
 1006.000000 0.190193
 1007.000000 0.232472
 1008.000000 0.217756
 1009.000000 0.245573
 1010.000000 0.184962
 1011.000000 0.164743
 1012.000000 0.236207
 1013.000000 0.256826
 1014.000000 0.438352
 1015.000000 0.686407
 1016.000000 0.579544
 1017.000000 0.288538
 1018.000000 0.545345
 1019.000000 0.276976
 1020.000000 0.240562
 1021.000000 0.207601
 1022.000000 0.296457
 1023.000000 0.220638
 1024.000000 0.178048
 1025.000000 0.203946
 1026.000000 0.194636
 1027.000000 0.308757
 1028.000000 0.263324
 1029.000000 0.430669
 1030.000000 0.203083
 1031.000000 0.553623
 1032.000000 0.212570
 1033.000000 0.268035
 1034.000000 0.191763
 1035.000000 0.202685
 1036.000000 0.173150
 1037.000000 0.217020
 1038.000000 0.255363
 1039.000000 0.834179
 1040.000000 0.720045
 1041.000000 1.873162
 1042.000000 1.697200
 1043.000000 2.332769
 1044.000000 2.106495
 1045.000000 2.546481
 1046.000000 2.902175
 1047.000000 2.915914
 1048.000000 2.882541
 1049.000000 2.998180
 1050.000000 3.000215
 1051.000000 3.063509
 1052.000000 2.727624
 1053.000000 2.450794
 1054.000000 2.733846
 1055.000000 2.790113
 1056.000000 2.241037
 1057.000000 2.354254
 1058.000000 2.630346
 1059.000000 2.506393
 1060.000000 2.587075
 1061.000000 2.788699
 1062.000000 2.812147
 1063.000000 2.800862
 1064.000000 3.120164
 1065.000000 2.969609
 1066.000000 2.889466
 1067.000000 2.564916
 1068.000000 2.778377
 1069.000000 2.866548
 1070.000000 2.795221
 1071.000000 2.831615
 1072.000000 2.219113
 1073.000000 2.409584
 1074.000000 1.090403
 1075.000000 1.830471
 1076.000000 0.933357
 1077.000000 1.296751
 1078.000000 1.915354
 1079.000000 2.463805
 1080.000000 2.544180
 1081.000000 0.700349
 1082.000000 0.885113
 1083.000000 1.583122
 1084.000000 2.212388
 1085.000000 0.905085
 1086.000000 2.539191
 1087.000000 2.450794
 1088.000000 2.176472
 1089.000000 3.114980
 1090.000000 3.033085
 1091.000000 2.628997
 1092.000000 2.512562
 1093.000000 2.828336
 1094.000000 2.599747
 1095.000000 2.578714
 1096.000000 2.429349
 1097.000000 2.818578
 1098.000000 2.414721
 1099.000000 2.235898
 1100.000000 2.264831
 1101.000000 1.512133
 1102.000000 1.368765
 1103.000000 0.800505
 1104.000000 0.243985
 1105.000000 1.731253
 1106.000000 1.256335
 1107.000000 1.238112
 1108.000000 0.637760
 1109.000000 0.478167
 1110.000000 0.792796
 1111.000000 0.721455
 1112.000000 0.313253
 1113.000000 0.592283
 1114.000000 0.406880
 1115.000000 0.499323
 1116.000000 0.274736
 1117.000000 0.260448
 1118.000000 0.391031
 1119.000000 0.713296
 1120.000000 0.502691
 1121.000000 0.468143
 1122.000000 0.617586
 1123.000000 0.816301
 1124.000000 0.786077
 1125.000000 0.497381
 1126.000000 0.490906
 1127.000000 0.526568
 1128.000000 0.646637
 1129.000000 1.006062
 1130.000000 1.072389
 1131.000000 1.141788
 1132.000000 1.123818
 1133.000000 0.977715
 1134.000000 0.799796
 1135.000000 0.761816
 1136.000000 0.737088
 1137.000000 0.983391
 1138.000000 0.899821
 1139.000000 1.155828
 1140.000000 1.119860
 1141.000000 0.958381
 1142.000000 1.051526
 1143.000000 1.061409
 1144.000000 1.237335
 1145.000000 1.225535
 1146.000000 1.043867
 1147.000000 1.147230
 1148.000000 1.228908
 1149.000000 1.089986
 1150.000000 1.184930
 1151.000000 1.278439
 1152.000000 1.359899
 1153.000000 1.102584
 1154.000000 1.188640
 1155.000000 1.092541
 1156.000000 1.320866
 1157.000000 1.181969
 1158.000000 1.193684
 1159.000000 1.134982
 1160.000000 1.195504
 1161.000000 1.184693
 1162.000000 1.242481
 1163.000000 1.110314
 1164.000000 1.048350
 1165.000000 1.154006
 1166.000000 1.209245
 1167.000000 1.161398
 1168.000000 1.164936
 1169.000000 1.240586
 1170.000000 1.045547
 1171.000000 1.144314
 1172.000000 1.145542
 1173.000000 1.063749
 1174.000000 1.188419
 1175.000000 1.138159
 1176.000000 1.096762
 1177.000000 1.088715
 1178.000000 1.137093
 1179.000000 1.112108
 1180.000000 1.021422
 1181.000000 1.026003
 1182.000000 1.154881
 1183.000000 1.153483
 1184.000000 1.283185
 1185.000000 1.083960
 1186.000000 1.191243
 1187.000000 1.247131
 1188.000000 1.209861
 1189.000000 1.108337
 1190.000000 1.097726
 1191.000000 1.156091
 1192.000000 1.068772
 1193.000000 1.146303
 1194.000000 1.163572
 1195.000000 1.184412
 1196.000000 1.169479
 1197.000000 1.174957
 1198.000000 1.120780
 1199.000000 1.143896
 1200.000000 1.052400
 1201.000000 1.163618
 1202.000000 1.050291
 1203.000000 1.040830
 1204.000000 1.199612
 1205.000000 1.062074
 1206.000000 1.172509
 1207.000000 1.074160
 1208.000000 1.202462
 1209.000000 1.146854
 1210.000000 1.228780
 1211.000000 1.177053
 1212.000000 1.122422
 1213.000000 1.065378
 1214.000000 1.059897
 1215.000000 1.216737
 1216.000000 1.127098
 1217.000000 1.106014
 1218.000000 1.222232
 1219.000000 1.160211
 1220.000000 1.178150
 1221.000000 1.220680
 1222.000000 1.185090
 1223.000000 1.152235
 1224.000000 1.192473
 1225.000000 1.052901
 1226.000000 1.053425
 1227.000000 1.091807
 1228.000000 1.107478
 1229.000000 1.118499
 1230.000000 1.200991
 1231.000000 1.084434
 1232.000000 1.206291
 1233.000000 1.139342
 1234.000000 1.216342
 1235.000000 1.258510
 1236.000000 1.212087
 1237.000000 1.295456
 1238.000000 1.053348
 1239.000000 1.086162
 1240.000000 1.124548
 1241.000000 1.240004
 1242.000000 1.255161
 1243.000000 1.152814
 1244.000000 1.224456
 1245.000000 1.177535
 1246.000000 1.128159
 1247.000000 1.124637
 1248.000000 1.240823
 1249.000000 1.197481
 1250.000000 1.031231
 1251.000000 1.213820
 1252.000000 1.123761
 1253.000000 1.196305
 1254.000000 1.110871
 1255.000000 1.209093
 1256.000000 1.237666
 1257.000000 1.201532
 1258.000000 1.059702
 1259.000000 1.238573
 1260.000000 1.122172
 1261.000000 1.244257
 1262.000000 1.196342
 1263.000000 1.173801
 1264.000000 1.125034
 1265.000000 1.091798
 1266.000000 1.113626
 1267.000000 1.166212
 1268.000000 1.100216
 1269.000000 1.049984
 1270.000000 1.168987
 1271.000000 1.039288
 1272.000000 1.070179
 1273.000000 1.092690
 1274.000000 1.049961
 1275.000000 1.145891
 1276.000000 1.228465
 1277.000000 1.234686
 1278.000000 1.230886
 1279.000000 1.249863
 1280.000000 1.123159
 1281.000000 1.226581
 1282.000000 1.154105
 1283.000000 1.112707
 1284.000000 1.030564
 1285.000000 1.171171
 1286.000000 1.070080
 1287.000000 1.118723
 1288.000000 1.178859
 1289.000000 1.174659
 1290.000000 1.100707
 1291.000000 0.908027
 1292.000000 0.861415
 1293.000000 1.098550
 1294.000000 1.049996
 1295.000000 1.145562
 1296.000000 1.056322
 1297.000000 1.075076
 1298.000000 1.137445
 1299.000000 1.204990
 1300.000000 1.333225
 1301.000000 1.355002
 1302.000000 1.153344
 1303.000000 1.280062
 1304.000000 1.054982
 1305.000000 1.167334
 1306.000000 1.120173
 1307.000000 1.174978
 1308.000000 1.050222
 1309.000000 1.189749
 1310.000000 1.108838
 1311.000000 1.137639
 1312.000000 1.165796
 1313.000000 1.227089
 1314.000000 1.147124
 1315.000000 1.207011
 1316.000000 1.231311
 1317.000000 1.031429
 1318.000000 1.077947
 1319.000000 1.118472
 1320.000000 0.986491
 1321.000000 1.148396
 1322.000000 1.065567
 1323.000000 1.042615
 1324.000000 1.014315
 1325.000000 1.124513
 1326.000000 1.208560
 1327.000000 1.148813
 1328.000000 1.160300
 1329.000000 1.210275
 1330.000000 1.221734
 1331.000000 1.127395
 1332.000000 0.967604
 1333.000000 1.212981
 1334.000000 1.268787
 1335.000000 1.201067
 1336.000000 1.274125
 1337.000000 1.154308
 1338.000000 1.109187
 1339.000000 1.201810
 1340.000000 1.098886
 1341.000000 1.067765
 1342.000000 1.152829
 1343.000000 1.158050
 1344.000000 1.179009
 1345.000000 1.100743
 1346.000000 1.114109
 1347.000000 1.254963
 1348.000000 1.186509
 1349.000000 1.003170
 1350.000000 1.190241
 1351.000000 1.271338
 1352.000000 1.143738
 1353.000000 1.147862
 1354.000000 1.069933
 1355.000000 1.066547
 1356.000000 1.212110
 1357.000000 1.047071
 1358.000000 1.240940
 1359.000000 1.102807
 1360.000000 1.143538
 1361.000000 0.960459
 1362.000000 1.050239
 1363.000000 1.165108
 1364.000000 1.120286
 1365.000000 0.989302
 1366.000000 1.075782
 1367.000000 1.128732
 1368.000000 1.106725
 1369.000000 1.106214
 1370.000000 1.128461
 1371.000000 1.031704
 1372.000000 1.127225
 1373.000000 1.079685
 1374.000000 1.041162
 1375.000000 1.135844
 1376.000000 1.147313
 1377.000000 1.122165
 1378.000000 1.060989
 1379.000000 1.113124
 1380.000000 1.221440
 1381.000000 1.148060
 1382.000000 1.005994
 1383.000000 1.070723
 1384.000000 1.074348
 1385.000000 1.127717
 1386.000000 1.186113
 1387.000000 1.217388
 1388.000000 0.961981
 1389.000000 0.936539
 1390.000000 0.842356
 1391.000000 0.789885
 1392.000000 0.984969
 1393.000000 0.889777
 1394.000000 0.793043
 1395.000000 0.861601
 1396.000000 0.685112
 1397.000000 0.845297
 1398.000000 1.159244
 1399.000000 1.171002
 1400.000000 1.323720
 1401.000000 1.084777
 1402.000000 1.104384
 1403.000000 1.024620
 1404.000000 1.220429
 1405.000000 1.090406
 1406.000000 1.228304
 1407.000000 1.274404
 1408.000000 1.074441
 1409.000000 1.053728
 1410.000000 1.066432
 1411.000000 1.102418
 1412.000000 1.247314
 1413.000000 1.167220
 1414.000000 1.258286
 1415.000000 1.187433
 1416.000000 1.181451
 1417.000000 1.159641
 1418.000000 1.167854
 1419.000000 1.098226
 1420.000000 1.184851
 1421.000000 1.230439
 1422.000000 1.146029
 1423.000000 1.146177
 1424.000000 1.306809
 1425.000000 1.091085
 1426.000000 1.044500
 1427.000000 1.065641
 1428.000000 1.187325
 1429.000000 1.127786
 1430.000000 1.091745
 1431.000000 1.208461
 1432.000000 1.158733
 1433.000000 1.362618
 1434.000000 1.347760
 1435.000000 1.312786
 1436.000000 1.346878
 1437.000000 1.354098
 1438.000000 1.279423
 1439.000000 1.365709
 1440.000000 1.277632
 1441.000000 1.261939
 1442.000000 1.328261
 1443.000000 1.274858
 1444.000000 1.324874
 1445.000000 1.359022
 1446.000000 1.401416
 1447.000000 1.381607
 1448.000000 1.311441
 1449.000000 1.376774
 1450.000000 1.333149
 1451.000000 1.299969
 1452.000000 1.196018
 1453.000000 1.327080
 1454.000000 1.290758
 1455.000000 1.321832
 1456.000000 1.380394
 1457.000000 1.329981
 1458.000000 1.279379
 1459.000000 1.358184
 1460.000000 1.182031
 1461.000000 1.314205
 1462.000000 1.271205
 1463.000000 1.312906
 1464.000000 1.314280
 1465.000000 1.221518
 1466.000000 1.337214
 1467.000000 1.370059
 1468.000000 1.376831
 1469.000000 1.338146
 1470.000000 1.327248
 1471.000000 1.362312
 1472.000000 1.368683
 1473.000000 1.411576
 1474.000000 1.387293
 1475.000000 1.303861
 1476.000000 1.352542
 1477.000000 1.358863
 1478.000000 1.160436
 1479.000000 1.271383
 1480.000000 1.370897
 1481.000000 1.329501
 1482.000000 1.335571
 1483.000000 1.321277
 1484.000000 1.331907
 1485.000000 1.368981
 1486.000000 1.189839
 1487.000000 1.220609
 1488.000000 1.194269
 1489.000000 1.357220
 1490.000000 1.296352
 1491.000000 1.328104
 1492.000000 1.344694
 1493.000000 1.289681
 1494.000000 1.439288
 1495.000000 1.375178
 1496.000000 1.380461
 1497.000000 1.371581
 1498.000000 1.322343
 1499.000000 1.389402
 1500.000000 1.236567
 1501.000000 1.400876
 1502.000000 1.390378
 1503.000000 1.393653
 1504.000000 1.361860
 1505.000000 1.257915
 1506.000000 1.322750
 1507.000000 1.393094
 1508.000000 1.350119
 1509.000000 1.414486
 1510.000000 1.363207
 1511.000000 1.412113
 1512.000000 1.391071
 1513.000000 1.370680
 1514.000000 1.353012
 1515.000000 1.346843
 1516.000000 1.333427
 1517.000000 1.253410
 1518.000000 1.298300
 1519.000000 1.448893
 1520.000000 1.388867
 1521.000000 1.356957
 1522.000000 1.403311
 1523.000000 1.411197
 1524.000000 1.271426
 1525.000000 1.294710
 1526.000000 1.367062
 1527.000000 1.332931
 1528.000000 1.416477
 1529.000000 1.299633
 1530.000000 1.346737
 1531.000000 1.357623
 1532.000000 1.352226
 1533.000000 1.354769
 1534.000000 1.384994
 1535.000000 1.406812
 1536.000000 1.469998
 1537.000000 1.364525
 1538.000000 1.415999
 1539.000000 1.497563
 1540.000000 1.409163
 1541.000000 1.429527
 1542.000000 1.399041
 1543.000000 1.260344
 1544.000000 1.303144
 1545.000000 1.392892
 1546.000000 1.413036
 1547.000000 1.364744
 1548.000000 1.376670
 1549.000000 1.318878
 1550.000000 1.402787
 1551.000000 1.356913
 1552.000000 1.334273
 1553.000000 1.443086
 1554.000000 1.363827
 1555.000000 1.382078
 1556.000000 1.278129
 1557.000000 1.372580
 1558.000000 1.308194
 1559.000000 1.397671
 1560.000000 1.384516
 1561.000000 1.350889
 1562.000000 1.363255
 1563.000000 1.312619
 1564.000000 1.303807
 1565.000000 1.362583
 1566.000000 1.381671
 1567.000000 1.151334
 1568.000000 1.248073
 1569.000000 1.326606
 1570.000000 1.449548
 1571.000000 1.388918
 1572.000000 1.383069
 1573.000000 1.516861
 1574.000000 1.472343
 1575.000000 1.394663
 1576.000000 1.364866
 1577.000000 1.450292
 1578.000000 1.252375
 1579.000000 1.367828
 1580.000000 1.337729
 1581.000000 1.476782
 1582.000000 1.430765
 1583.000000 1.383226
 1584.000000 1.395564
 1585.000000 1.489388
 1586.000000 1.315864
 1587.000000 1.263717
 1588.000000 1.443316
 1589.000000 1.337105
 1590.000000 1.438144
 1591.000000 1.341689
 1592.000000 1.284225
 1593.000000 1.291801
 1594.000000 1.338963
 1595.000000 1.314521
 1596.000000 1.263831
 1597.000000 1.358063
 1598.000000 1.297981
 1599.000000 1.237686
 1600.000000 1.285645
 1601.000000 1.237183
 1602.000000 1.189772
 1603.000000 1.183756
 1604.000000 1.289546
 1605.000000 1.178675
 1606.000000 1.296558
 1607.000000 1.318727
 1608.000000 1.453064
 1609.000000 1.449435
 1610.000000 1.333883
 1611.000000 1.321042
 1612.000000 1.344337
 1613.000000 1.366105
 1614.000000 1.431210
 1615.000000 1.277495
 1616.000000 1.323650
 1617.000000 1.315904
 1618.000000 1.187247
 1619.000000 1.250349
 1620.000000 1.238345
 1621.000000 1.343236
 1622.000000 1.178405
 1623.000000 1.259466
 1624.000000 1.225768
 1625.000000 1.311595
 1626.000000 1.154994
 1627.000000 1.171287
 1628.000000 1.205504
 1629.000000 1.301678
 1630.000000 1.229265
 1631.000000 1.162495
 1632.000000 1.233832
 1633.000000 1.275977
 1634.000000 1.239288
 1635.000000 1.231159
 1636.000000 1.299294
 1637.000000 1.246668
 1638.000000 1.145534
 1639.000000 0.719529
 1640.000000 0.946501
 1641.000000 1.011707
 1642.000000 0.976306
 1643.000000 0.935171
 1644.000000 1.070727
 1645.000000 1.008604
 1646.000000 0.998035
 1647.000000 1.060434
 1648.000000 1.093806
 1649.000000 0.825968
 1650.000000 0.938800
 1651.000000 1.061527
 1652.000000 1.060776
 1653.000000 1.100347
 1654.000000 1.067956
 1655.000000 1.016845
 1656.000000 1.021786
 1657.000000 0.969348
 1658.000000 0.231543
 1659.000000 0.219018
 1660.000000 0.494320
 1661.000000 0.644577
 1662.000000 0.497513
 1663.000000 0.503321
 1664.000000 0.225958
 1665.000000 0.265701
 1666.000000 0.178129
 1667.000000 0.231151
 1668.000000 0.428260
 1669.000000 0.228659
 1670.000000 0.304237
 1671.000000 0.225372
 1672.000000 0.204983
 1673.000000 0.232054
 1674.000000 0.172957
 1675.000000 0.228199
 1676.000000 0.217736
 1677.000000 0.170368
 1678.000000 0.189022
 1679.000000 1.575349
 1680.000000 1.748883
 1681.000000 2.271683
 1682.000000 2.265336
 1683.000000 1.867593
 1684.000000 1.447128
 1685.000000 0.475581
 1686.000000 0.226349
 1687.000000 0.183178
 1688.000000 0.166148
 1689.000000 0.692794
 1690.000000 2.889837
 1691.000000 2.736574
 1692.000000 2.327192
 1693.000000 3.000159
 1694.000000 2.738915
 1695.000000 2.503281
 1696.000000 2.081463
 1697.000000 1.436173
 1698.000000 1.856294
 1699.000000 0.288391
 1700.000000 0.199213
 1701.000000 0.560458
 1702.000000 2.333591
 1703.000000 2.696968
 1704.000000 3.220797
 1705.000000 3.199349
 1706.000000 1.613673
 1707.000000 0.329375
 1708.000000 1.164682
 1709.000000 2.249936
 1710.000000 2.303387
 1711.000000 2.439339
 1712.000000 2.408442
 1713.000000 1.783572
 1714.000000 2.161831
 1715.000000 2.853210
 1716.000000 2.741589
 1717.000000 2.895151
 1718.000000 2.689430
 1719.000000 2.873281
 1720.000000 3.093857
 1721.000000 2.907914
 1722.000000 2.754285
 1723.000000 2.159952
 1724.000000 1.109723
 1725.000000 0.167397
 1726.000000 0.222517
 1727.000000 0.159611
 1728.000000 0.203629
 1729.000000 0.150354
 1730.000000 0.183219
 1731.000000 0.208794
 1732.000000 0.172259
 1733.000000 0.172551
 1734.000000 0.181411
 1735.000000 0.181631
 1736.000000 0.233750
 1737.000000 0.202832
 1738.000000 0.209142
 1739.000000 0.248796
 1740.000000 0.190423
 1741.000000 0.170092
 1742.000000 2.212527
 1743.000000 0.486231
 1744.000000 1.622283
 1745.000000 0.616823
 1746.000000 0.160060
 1747.000000 0.386619
 1748.000000 1.749304
 1749.000000 1.150779
 1750.000000 0.222036
 1751.000000 0.453243
 1752.000000 1.514132
 1753.000000 1.746682
 1754.000000 0.769155
 1755.000000 2.063552
 1756.000000 1.606939
 1757.000000 0.514032
 1758.000000 0.636451
 1759.000000 0.619358
 1760.000000 0.197814
 1761.000000 0.438725
 1762.000000 0.522464
 1763.000000 0.400397
 1764.000000 0.225240
 1765.000000 0.167791
 1766.000000 0.958129
 1767.000000 0.277894
 1768.000000 0.320450
 1769.000000 0.370127
 1770.000000 2.521250
 1771.000000 3.139056
 1772.000000 3.212251
 1773.000000 2.871761
 1774.000000 2.224664
 1775.000000 2.003537
 1776.000000 2.217577
 1777.000000 1.778603
 1778.000000 1.907109
 1779.000000 1.881091
 1780.000000 1.559208
 1781.000000 2.323723
 1782.000000 2.450997
 1783.000000 2.391803
 1784.000000 2.705334
 1785.000000 2.044719
 1786.000000 1.477164
 1787.000000 0.667954
 1788.000000 1.876408
 1789.000000 2.799177
 1790.000000 1.830796
 1791.000000 2.311886
 1792.000000 1.419727
 1793.000000 2.793777
 1794.000000 2.298463
 1795.000000 1.406155
 1796.000000 1.975804
 1797.000000 2.301862
 1798.000000 1.196292
 1799.000000 2.035119
 1800.000000 2.445407
 1801.000000 2.134719
 1802.000000 2.753710
 1803.000000 2.655995
 1804.000000 2.079206
 1805.000000 2.047713
 1806.000000 1.250959
 1807.000000 1.371891
 1808.000000 0.723152
 1809.000000 0.807841
 1810.000000 0.774649
 1811.000000 0.801171
 1812.000000 0.896922
 1813.000000 0.621241
 1814.000000 0.317483
 1815.000000 0.301858
 1816.000000 0.261668
 1817.000000 0.242944
 1818.000000 0.238714
 1819.000000 0.411868
 1820.000000 0.288634
 1821.000000 0.729871
 1822.000000 0.443335
 1823.000000 0.481089
 1824.000000 0.657458
 1825.000000 0.469008
 1826.000000 0.629001
 1827.000000 0.430965
 1828.000000 0.441735
 1829.000000 0.216305
 1830.000000 0.961448
 1831.000000 0.648440
 1832.000000 2.537435
 1833.000000 2.393792
 1834.000000 2.323382
 1835.000000 2.063978
 1836.000000 1.452913
 1837.000000 2.275277
 1838.000000 2.210612
 1839.000000 2.208291
 1840.000000 2.676226
 1841.000000 2.620589
 1842.000000 2.676976
 1843.000000 2.577631
 1844.000000 2.685296
 1845.000000 2.647871
 1846.000000 2.631230
 1847.000000 2.513399
 1848.000000 2.657808
 1849.000000 2.814162
 1850.000000 2.788320
 1851.000000 2.720717
 1852.000000 2.663227
 1853.000000 2.661417
 1854.000000 2.618184
 1855.000000 2.600570
 1856.000000 2.390687
 1857.000000 2.258649
 1858.000000 1.778746
 1859.000000 2.189540
 1860.000000 2.408554
 1861.000000 2.658868
 1862.000000 2.622261
 1863.000000 2.583197
 1864.000000 1.322978
 1865.000000 2.725970
 1866.000000 1.506456
 1867.000000 1.015229
 1868.000000 1.511446
 1869.000000 1.750638
 1870.000000 2.105883
 1871.000000 2.649147
 1872.000000 2.528915
 1873.000000 2.761312
 1874.000000 2.896411
 1875.000000 2.849751
 1876.000000 2.698554
 1877.000000 2.655043
 1878.000000 2.605955
 1879.000000 2.628803
 1880.000000 2.736584
 1881.000000 2.653149
 1882.000000 2.772281
 1883.000000 2.902935
 1884.000000 2.889621
 1885.000000 2.774333
 1886.000000 2.783913
 1887.000000 2.835424
 1888.000000 2.837135
 1889.000000 2.697449
 1890.000000 2.883519
 1891.000000 3.071100
 1892.000000 2.789825
 1893.000000 2.747425
 1894.000000 2.921445
 1895.000000 3.027761
 1896.000000 3.012508
 1897.000000 3.064684
 1898.000000 3.106341
 1899.000000 2.914377
 1900.000000 2.361257
 1901.000000 2.399756
 1902.000000 2.479672
 1903.000000 2.500377
 1904.000000 1.151979
 1905.000000 1.793992
 1906.000000 2.104277
 1907.000000 2.506248
 1908.000000 2.435156
 1909.000000 1.376743
 1910.000000 2.115044
 1911.000000 1.748339
 1912.000000 2.683842
 1913.000000 2.544024
 1914.000000 2.432583
 1915.000000 2.054017
 1916.000000 2.415840
 1917.000000 2.331370
 1918.000000 2.742472
 1919.000000 2.139334
 1920.000000 0.210191
 1921.000000 0.202685
 1922.000000 0.230922
 1923.000000 0.188660
 1924.000000 0.559519
 1925.000000 0.665990
 1926.000000 0.260896
 1927.000000 0.803605
 1928.000000 0.331772
 1929.000000 0.184651
 1930.000000 0.270723
 1931.000000 0.607090
 1932.000000 0.224584
 1933.000000 0.683525
 1934.000000 0.242128
 1935.000000 0.202902
 1936.000000 0.231744
 1937.000000 1.560173
 1938.000000 0.241822
 1939.000000 0.854213
 1940.000000 0.451819
 1941.000000 0.280757
 1942.000000 0.368456
 1943.000000 0.566068
 1944.000000 0.375689
 1945.000000 0.366860
 1946.000000 0.614637
 1947.000000 0.309684
 1948.000000 0.550732
 1949.000000 0.367218
 1950.000000 0.179624
 1951.000000 0.174462
 1952.000000 0.186457
 1953.000000 0.163209
 1954.000000 0.157356
 1955.000000 0.187569
 1956.000000 0.176779
 1957.000000 0.165949
 1958.000000 0.181150
 1959.000000 0.175080
 1960.000000 0.250434
 1961.000000 0.246292
 1962.000000 0.189605
 1963.000000 0.263773
 1964.000000 0.250386
 1965.000000 1.966972
 1966.000000 2.222646
 1967.000000 1.202214
 1968.000000 1.888357
 1969.000000 2.507243
 1970.000000 1.687990
 1971.000000 0.630879
 1972.000000 0.787800
 1973.000000 1.704956
 1974.000000 1.132348
 1975.000000 0.178146
 1976.000000 0.274333
 1977.000000 0.208472
 1978.000000 0.191139
 1979.000000 1.199712
 1980.000000 1.268362
 1981.000000 2.271828
 1982.000000 2.345446
 1983.000000 2.998040
 1984.000000 2.867763
 1985.000000 2.443748
 1986.000000 2.173443
 1987.000000 2.344884
 1988.000000 2.326224
 1989.000000 2.058008
 1990.000000 2.130821
 1991.000000 1.972088
 1992.000000 2.434375
 1993.000000 2.536093
 1994.000000 2.577788
 1995.000000 1.612490
 1996.000000 0.194466
 1997.000000 2.600678
 1998.000000 1.927167
 1999.000000 1.379726
 2000.000000 1.786753
 2001.000000 1.822567
 2002.000000 1.844876
 2003.000000 1.979963
 2004.000000 1.335919
 2005.000000 1.930870
 2006.000000 2.110740
 2007.000000 2.070393
 2008.000000 1.177223
 2009.000000 2.337592
 2010.000000 2.134882
 2011.000000 1.947587
 2012.000000 1.936385
 2013.000000 1.573191
 2014.000000 1.846504
 2015.000000 2.296369
 2016.000000 1.322088
 2017.000000 2.257775
 2018.000000 2.670624
 2019.000000 2.996175
 2020.000000 2.774238
 2021.000000 2.747708
 2022.000000 2.822343
 2023.000000 2.811874
 2024.000000 2.886853
