#! FIELDS time r11.min
 0.000000 1.804598
 1.000000 2.092288
 2.000000 1.753629
 3.000000 2.703900
 4.000000 1.490299
 5.000000 1.078865
 6.000000 0.909825
 7.000000 0.675316
 8.000000 0.870742
 9.000000 2.413042
 10.000000 2.015979
 11.000000 2.308826
 12.000000 3.279364
 13.000000 3.636976
 14.000000 2.945229
 15.000000 3.443924
 16.000000 3.443055
 17.000000 3.692811
 18.000000 3.595352
 19.000000 3.416674
 20.000000 3.448466
 21.000000 3.691625
 22.000000 3.848371
 23.000000 3.727231
 24.000000 3.632596
 25.000000 1.908269
 26.000000 2.435396
 27.000000 3.239973
 28.000000 2.918181
 29.000000 2.815869
 30.000000 2.205980
 31.000000 2.973087
 32.000000 3.828199
 33.000000 4.045210
 34.000000 2.177179
 35.000000 2.444380
 36.000000 3.815289
 37.000000 3.763636
 38.000000 4.504213
 39.000000 3.552401
 40.000000 3.633041
 41.000000 3.147228
 42.000000 3.515508
 43.000000 3.891765
 44.000000 3.016169
 45.000000 2.454856
 46.000000 2.789076
 47.000000 2.891612
 48.000000 3.016986
 49.000000 3.029034
 50.000000 2.599522
 51.000000 2.892962
 52.000000 2.505971
 53.000000 2.975488
 54.000000 2.591639
 55.000000 2.354612
 56.000000 2.532749
 57.000000 2.415328
 58.000000 2.613805
 59.000000 2.629517
 60.000000 2.602418
 61.000000 2.572091
 62.000000 2.490163
 63.000000 2.502468
 64.000000 2.579085
 65.000000 2.332121
 66.000000 3.172012
 67.000000 3.980224
 68.000000 3.600778
 69.000000 3.939150
 70.000000 3.961298
 71.000000 3.201014
 72.000000 3.819120
 73.000000 4.251727
 74.000000 3.916618
 75.000000 2.625005
 76.000000 3.846684
 77.000000 3.349997
 78.000000 2.740439
 79.000000 3.553885
 80.000000 3.531752
 81.000000 3.616656
 82.000000 3.415277
 83.000000 3.668777
 84.000000 2.873880
 85.000000 2.824472
 86.000000 2.980574
 87.000000 3.388391
 88.000000 3.708039
 89.000000 3.524979
 90.000000 4.085100
 91.000000 4.126544
 92.000000 4.084561
 93.000000 4.040195
 94.000000 4.088895
 95.000000 4.256808
 96.000000 3.900434
 97.000000 3.225120
 98.000000 2.655251
 99.000000 1.853165
 100.000000 2.959817
 101.000000 2.579519
 102.000000 3.767440
 103.000000 3.071308
 104.000000 3.571846
 105.000000 3.053038
 106.000000 3.953282
 107.000000 2.847459
 108.000000 1.821103
 109.000000 1.840877
 110.000000 1.922497
 111.000000 2.070042
 112.000000 2.462533
 113.000000 2.867237
 114.000000 3.127796
 115.000000 2.956244
 116.000000 2.985311
 117.000000 3.013756
 118.000000 2.953571
 119.000000 2.593397
 120.000000 2.776385
 121.000000 2.845702
 122.000000 2.979806
 123.000000 2.837575
 124.000000 3.052778
 125.000000 2.849675
 126.000000 2.829942
 127.000000 2.364113
 128.000000 2.480323
 129.000000 1.775869
 130.000000 1.656104
 131.000000 1.601580
 132.000000 1.658494
 133.000000 1.657805
 134.000000 1.639743
 135.000000 1.813204
 136.000000 2.279100
 137.000000 2.195682
 138.000000 1.782494
 139.000000 1.578157
 140.000000 1.501642
 141.000000 1.673186
 142.000000 2.832676
 143.000000 2.543806
 144.000000 2.099358
 145.000000 1.955824
 146.000000 3.470508
 147.000000 3.275067
 148.000000 2.992263
 149.000000 3.100938
 150.000000 3.410239
 151.000000 3.432816
 152.000000 2.729447
 153.000000 3.289562
 154.000000 3.293862
 155.000000 3.593011
 156.000000 3.649060
 157.000000 2.966191
 158.000000 3.293123
 159.000000 2.939522
 160.000000 3.211332
 161.000000 4.000294
 162.000000 3.652459
 163.000000 3.666753
 164.000000 3.414974
 165.000000 3.152969
 166.000000 2.753250
 167.000000 2.296220
 168.000000 3.900440
 169.000000 2.969269
 170.000000 2.916691
 171.000000 2.652551
 172.000000 3.011002
 173.000000 3.102946
 174.000000 3.023025
 175.000000 3.099049
 176.000000 3.037026
 177.000000 2.889676
 178.000000 2.904494
 179.000000 3.051237
 180.000000 2.980030
 181.000000 3.043653
 182.000000 2.969002
 183.000000 2.964675
 184.000000 2.996700
 185.000000 2.937636
 186.000000 2.791666
 187.000000 2.935777
 188.000000 3.025456
 189.000000 2.961873
 190.000000 3.056472
 191.000000 3.109637
 192.000000 3.298309
 193.000000 3.000190
 194.000000 3.167681
 195.000000 3.082220
 196.000000 3.113274
 197.000000 3.154998
 198.000000 3.010645
 199.000000 3.021111
 200.000000 2.993105
 201.000000 3.046070
 202.000000 2.979645
 203.000000 3.057766
 204.000000 3.774108
 205.000000 3.433583
 206.000000 3.117005
 207.000000 3.022905
 208.000000 3.162147
 209.000000 3.378220
 210.000000 3.577080
 211.000000 3.485909
 212.000000 2.967239
 213.000000 2.954990
 214.000000 3.297100
 215.000000 3.417644
 216.000000 3.486001
 217.000000 3.115769
 218.000000 3.270030
 219.000000 3.510490
 220.000000 3.357824
 221.000000 3.497367
 222.000000 3.437230
 223.000000 3.641590
 224.000000 3.730141
 225.000000 3.985768
 226.000000 3.700578
 227.000000 3.683706
 228.000000 3.728161
 229.000000 3.628840
 230.000000 3.511371
 231.000000 3.588686
 232.000000 3.510364
 233.000000 3.698169
 234.000000 3.738901
 235.000000 3.790051
 236.000000 3.844307
 237.000000 3.788698
 238.000000 3.560614
 239.000000 3.593335
 240.000000 3.754362
 241.000000 3.833749
 242.000000 4.121403
 243.000000 4.014687
 244.000000 3.451071
 245.000000 2.982921
 246.000000 2.106213
 247.000000 2.479144
 248.000000 3.062887
 249.000000 3.030007
 250.000000 3.138087
 251.000000 3.426775
 252.000000 3.910280
 253.000000 3.757982
 254.000000 3.694955
 255.000000 3.372914
 256.000000 3.100725
 257.000000 2.983666
 258.000000 2.521051
 259.000000 2.772134
 260.000000 1.895830
 261.000000 1.082483
 262.000000 3.207802
 263.000000 3.041620
 264.000000 3.848858
 265.000000 2.260246
 266.000000 2.538145
 267.000000 3.061871
 268.000000 2.731960
 269.000000 2.983502
 270.000000 3.509448
 271.000000 3.415469
 272.000000 2.333177
 273.000000 3.842256
 274.000000 3.518670
 275.000000 2.664116
 276.000000 2.982588
 277.000000 3.317288
 278.000000 2.585374
 279.000000 3.808038
 280.000000 2.194761
 281.000000 3.532188
 282.000000 2.817841
 283.000000 3.230739
 284.000000 1.088979
 285.000000 3.664141
 286.000000 2.805060
 287.000000 3.904098
 288.000000 3.618622
 289.000000 2.108946
 290.000000 3.036772
 291.000000 3.673032
 292.000000 3.495862
 293.000000 3.907522
 294.000000 3.734054
 295.000000 3.468216
 296.000000 2.954079
 297.000000 3.194153
 298.000000 2.882763
 299.000000 1.705530
 300.000000 1.894564
 301.000000 2.182104
 302.000000 2.575684
 303.000000 3.236733
 304.000000 3.701346
 305.000000 3.610284
 306.000000 3.731385
 307.000000 3.271520
 308.000000 2.564735
 309.000000 3.014277
 310.000000 1.767807
 311.000000 0.695495
 312.000000 2.609405
 313.000000 3.187114
 314.000000 3.307002
 315.000000 3.115334
 316.000000 3.750257
 317.000000 3.826279
 318.000000 3.680617
 319.000000 3.113735
 320.000000 3.708948
 321.000000 2.960414
 322.000000 2.648090
 323.000000 3.345108
 324.000000 3.376482
 325.000000 3.727002
 326.000000 4.059918
 327.000000 3.890241
 328.000000 2.874082
 329.000000 3.415439
 330.000000 2.227785
 331.000000 2.983496
 332.000000 2.619029
 333.000000 1.592599
 334.000000 1.683320
 335.000000 3.153315
 336.000000 3.406055
 337.000000 3.756584
 338.000000 3.367616
 339.000000 3.945703
 340.000000 3.740913
 341.000000 3.779352
 342.000000 3.567696
 343.000000 3.460783
 344.000000 3.135561
 345.000000 3.000705
 346.000000 2.861533
 347.000000 3.236005
 348.000000 3.304976
 349.000000 3.149999
 350.000000 2.940683
 351.000000 2.873082
 352.000000 3.051504
 353.000000 3.283006
 354.000000 3.409192
 355.000000 3.355189
 356.000000 3.392965
 357.000000 3.089656
 358.000000 2.605952
 359.000000 2.945322
 360.000000 3.342852
 361.000000 3.445296
 362.000000 3.505537
 363.000000 3.847241
 364.000000 4.034600
 365.000000 4.011140
 366.000000 3.944962
 367.000000 4.099935
 368.000000 3.957126
 369.000000 4.120067
 370.000000 4.044612
 371.000000 3.942836
 372.000000 3.800857
 373.000000 3.937280
 374.000000 3.693325
 375.000000 3.619242
 376.000000 3.546922
 377.000000 3.804302
 378.000000 3.844260
 379.000000 3.748602
 380.000000 3.545934
 381.000000 3.542407
 382.000000 3.759117
 383.000000 3.725386
 384.000000 3.822990
 385.000000 3.714372
 386.000000 3.746873
 387.000000 3.828821
 388.000000 3.831239
 389.000000 4.246820
 390.000000 4.145043
 391.000000 4.124624
 392.000000 4.118031
 393.000000 4.149164
 394.000000 4.181498
 395.000000 3.966023
 396.000000 4.049685
 397.000000 3.990186
 398.000000 4.055886
 399.000000 3.841036
 400.000000 3.856328
 401.000000 3.946368
 402.000000 3.857749
 403.000000 4.073201
 404.000000 4.040296
 405.000000 3.880493
 406.000000 3.844726
 407.000000 3.847184
 408.000000 3.980126
 409.000000 3.930987
 410.000000 3.882620
 411.000000 4.046242
 412.000000 4.018105
 413.000000 3.986561
 414.000000 3.963515
 415.000000 3.970769
 416.000000 3.897846
 417.000000 3.917620
 418.000000 3.970111
 419.000000 4.000723
 420.000000 4.226281
 421.000000 3.833410
 422.000000 4.272919
 423.000000 4.396109
 424.000000 4.430893
 425.000000 4.544783
 426.000000 4.725787
 427.000000 4.806379
 428.000000 4.860304
 429.000000 3.230530
 430.000000 4.680153
 431.000000 4.503708
 432.000000 4.614774
 433.000000 4.511145
 434.000000 4.611586
 435.000000 4.745097
 436.000000 4.663949
 437.000000 4.913649
 438.000000 4.826186
 439.000000 4.692141
 440.000000 4.871340
 441.000000 4.642115
 442.000000 4.629102
 443.000000 3.106014
 444.000000 3.085129
 445.000000 3.012115
 446.000000 4.226795
 447.000000 3.676710
 448.000000 2.717882
 449.000000 3.640297
 450.000000 3.929742
 451.000000 4.274826
 452.000000 3.677866
 453.000000 4.112479
 454.000000 3.697739
 455.000000 4.280641
 456.000000 3.964442
 457.000000 2.797067
 458.000000 2.705811
 459.000000 3.322133
 460.000000 3.528523
 461.000000 2.671441
 462.000000 2.424933
 463.000000 3.385006
 464.000000 2.581254
 465.000000 2.847710
 466.000000 4.024561
 467.000000 3.362597
 468.000000 3.928769
 469.000000 4.188726
 470.000000 4.269199
 471.000000 4.115838
 472.000000 3.878669
 473.000000 3.599433
 474.000000 2.788189
 475.000000 3.218285
 476.000000 3.401345
 477.000000 2.414429
 478.000000 0.580212
 479.000000 0.285191
 480.000000 0.235790
 481.000000 1.181150
 482.000000 1.673298
 483.000000 2.720622
 484.000000 2.878596
 485.000000 2.673542
 486.000000 3.728025
 487.000000 3.553363
 488.000000 2.714820
 489.000000 3.067667
 490.000000 3.376978
 491.000000 2.205147
 492.000000 2.302487
 493.000000 2.982197
 494.000000 3.203034
 495.000000 3.560577
 496.000000 3.627943
 497.000000 3.362893
 498.000000 3.552971
 499.000000 3.700390
 500.000000 3.807378
 501.000000 4.021778
 502.000000 3.420367
 503.000000 3.393760
 504.000000 3.848039
 505.000000 2.881047
 506.000000 3.082002
 507.000000 3.315693
 508.000000 2.350399
 509.000000 2.947891
 510.000000 3.512594
 511.000000 3.387095
 512.000000 2.716173
 513.000000 3.302952
 514.000000 3.190235
 515.000000 3.002696
 516.000000 4.246268
 517.000000 3.683874
 518.000000 3.416451
 519.000000 2.328446
 520.000000 2.964219
 521.000000 3.815488
 522.000000 3.814388
 523.000000 2.059577
 524.000000 2.118743
 525.000000 2.101527
 526.000000 0.556133
 527.000000 0.902615
 528.000000 2.434017
 529.000000 2.743101
 530.000000 2.806502
 531.000000 3.666028
 532.000000 3.693571
 533.000000 2.999496
 534.000000 1.338915
 535.000000 1.541524
 536.000000 1.730231
 537.000000 2.675935
 538.000000 2.920339
 539.000000 3.077720
 540.000000 2.913861
 541.000000 2.683662
 542.000000 3.070778
 543.000000 2.492655
 544.000000 2.539250
 545.000000 2.340242
 546.000000 2.899526
 547.000000 3.136517
 548.000000 3.289532
 549.000000 3.271409
 550.000000 3.210165
 551.000000 3.011928
 552.000000 3.370270
 553.000000 3.336444
 554.000000 3.767872
 555.000000 3.830821
 556.000000 3.633298
 557.000000 3.172495
 558.000000 3.368131
 559.000000 3.335734
 560.000000 3.228907
 561.000000 3.291516
 562.000000 3.386526
 563.000000 3.223051
 564.000000 3.020816
 565.000000 3.089393
 566.000000 3.135992
 567.000000 3.286140
 568.000000 3.397050
 569.000000 2.959542
 570.000000 2.643094
 571.000000 2.512648
 572.000000 2.462287
 573.000000 2.474218
 574.000000 2.737973
 575.000000 2.588684
 576.000000 2.256511
 577.000000 1.359174
 578.000000 2.285048
 579.000000 3.288077
 580.000000 2.275519
 581.000000 3.082757
 582.000000 2.993177
 583.000000 3.134557
 584.000000 3.083470
 585.000000 1.994822
 586.000000 2.917936
 587.000000 3.000960
 588.000000 2.172806
 589.000000 2.850038
 590.000000 3.345975
 591.000000 3.275664
 592.000000 4.327063
 593.000000 4.349162
 594.000000 4.012170
 595.000000 4.164543
 596.000000 4.371435
 597.000000 4.648106
 598.000000 4.455892
 599.000000 4.373091
 600.000000 4.423068
 601.000000 4.802353
 602.000000 4.708807
 603.000000 4.458314
 604.000000 4.517959
 605.000000 4.202712
 606.000000 4.463928
 607.000000 4.515873
 608.000000 4.503786
 609.000000 4.408334
 610.000000 4.389348
 611.000000 4.537486
 612.000000 4.461504
 613.000000 4.623696
 614.000000 4.588133
 615.000000 4.691530
 616.000000 4.690868
 617.000000 4.607409
 618.000000 4.055912
 619.000000 4.639793
 620.000000 4.518595
 621.000000 4.623804
 622.000000 4.786579
 623.000000 4.651417
 624.000000 3.810780
 625.000000 4.763964
 626.000000 4.732560
 627.000000 3.447779
 628.000000 4.765089
 629.000000 3.316231
 630.000000 3.530540
 631.000000 3.301181
 632.000000 3.319353
 633.000000 3.346973
 634.000000 4.830859
 635.000000 4.803898
 636.000000 4.889504
 637.000000 3.419815
 638.000000 3.301635
 639.000000 4.853792
 640.000000 4.568015
 641.000000 3.303431
 642.000000 4.773226
 643.000000 3.241937
 644.000000 3.065078
 645.000000 3.227034
 646.000000 4.929148
 647.000000 4.979153
 648.000000 3.426004
 649.000000 3.296982
 650.000000 3.302560
 651.000000 3.523648
 652.000000 3.504051
 653.000000 4.598821
 654.000000 4.746152
 655.000000 4.815528
 656.000000 4.751310
 657.000000 4.770019
 658.000000 4.538710
 659.000000 4.350959
 660.000000 3.982914
 661.000000 3.816054
 662.000000 3.903649
 663.000000 3.890974
 664.000000 3.750042
 665.000000 3.854902
 666.000000 3.695676
 667.000000 3.775306
 668.000000 3.818644
 669.000000 3.935781
 670.000000 3.854428
 671.000000 3.753127
 672.000000 3.877455
 673.000000 3.785231
 674.000000 3.809298
 675.000000 3.859347
 676.000000 3.730498
 677.000000 3.686470
 678.000000 3.818035
 679.000000 4.007372
 680.000000 3.865767
 681.000000 3.713688
 682.000000 3.634426
 683.000000 3.703350
 684.000000 3.674575
 685.000000 3.722445
 686.000000 3.729838
 687.000000 3.634329
 688.000000 3.821794
 689.000000 3.863668
 690.000000 3.931384
 691.000000 3.657040
 692.000000 3.398468
 693.000000 3.523190
 694.000000 3.853809
 695.000000 3.630659
 696.000000 3.444192
 697.000000 3.651142
 698.000000 4.105371
 699.000000 3.992990
 700.000000 3.913752
 701.000000 3.745455
 702.000000 3.580773
 703.000000 3.356633
 704.000000 3.138292
 705.000000 2.164982
 706.000000 2.590365
 707.000000 3.618778
 708.000000 3.533633
 709.000000 3.968106
 710.000000 4.290944
 711.000000 3.769422
 712.000000 3.208281
 713.000000 3.861867
 714.000000 3.513907
 715.000000 3.677167
 716.000000 3.709582
 717.000000 3.694540
 718.000000 3.144254
 719.000000 2.689474
 720.000000 2.832620
 721.000000 1.635809
 722.000000 3.221417
 723.000000 3.563727
 724.000000 1.709588
 725.000000 0.630592
 726.000000 3.170024
 727.000000 2.912201
 728.000000 3.709524
 729.000000 3.273120
 730.000000 3.635026
 731.000000 3.178461
 732.000000 2.079061
 733.000000 2.603378
 734.000000 4.589279
 735.000000 4.621118
 736.000000 3.826392
 737.000000 3.303068
 738.000000 3.675033
 739.000000 2.956790
 740.000000 3.634768
 741.000000 3.037955
 742.000000 3.744053
 743.000000 3.125818
 744.000000 3.608599
 745.000000 3.212393
 746.000000 3.164993
 747.000000 3.185748
 748.000000 3.559520
 749.000000 3.527699
 750.000000 3.697117
 751.000000 3.381043
 752.000000 3.505609
 753.000000 3.736390
 754.000000 3.501054
 755.000000 3.096897
 756.000000 3.457279
 757.000000 2.826149
 758.000000 1.756493
 759.000000 2.352416
 760.000000 1.575618
 761.000000 1.206142
 762.000000 1.094947
 763.000000 1.347997
 764.000000 2.418070
 765.000000 2.783021
 766.000000 2.674203
 767.000000 3.392285
 768.000000 3.861251
 769.000000 3.558732
 770.000000 3.872566
 771.000000 4.082254
 772.000000 4.198824
 773.000000 3.930793
 774.000000 3.556500
 775.000000 2.157062
 776.000000 2.363371
 777.000000 2.737190
 778.000000 2.321253
 779.000000 2.220528
 780.000000 3.038767
 781.000000 2.453932
 782.000000 2.635705
 783.000000 2.188107
 784.000000 2.595461
 785.000000 3.107125
 786.000000 3.677259
 787.000000 2.711833
 788.000000 3.531703
 789.000000 3.274825
 790.000000 3.608778
 791.000000 3.703091
 792.000000 3.840607
 793.000000 3.912581
 794.000000 4.413471
 795.000000 3.883385
 796.000000 3.567511
 797.000000 4.054541
 798.000000 3.886133
 799.000000 3.103389
 800.000000 2.831184
 801.000000 3.013979
 802.000000 2.371101
 803.000000 3.035840
 804.000000 2.996121
 805.000000 2.844170
 806.000000 2.698928
 807.000000 2.050332
 808.000000 2.102404
 809.000000 2.732208
 810.000000 2.634430
 811.000000 2.979762
 812.000000 3.014638
 813.000000 2.936028
 814.000000 3.109496
 815.000000 2.714435
 816.000000 3.445706
 817.000000 4.000273
 818.000000 3.880319
 819.000000 4.052780
 820.000000 3.860055
 821.000000 3.667629
 822.000000 3.475543
 823.000000 3.431994
 824.000000 3.140450
 825.000000 2.890246
 826.000000 2.829372
 827.000000 2.792081
 828.000000 2.188496
 829.000000 2.891532
 830.000000 2.972586
 831.000000 3.032223
 832.000000 2.691579
 833.000000 2.903175
 834.000000 2.827215
 835.000000 3.120219
 836.000000 3.135878
 837.000000 2.895677
 838.000000 3.289934
 839.000000 2.903263
 840.000000 3.133253
 841.000000 3.638238
 842.000000 2.947295
 843.000000 3.233412
 844.000000 3.868484
 845.000000 3.556004
 846.000000 3.504580
 847.000000 3.622374
 848.000000 3.399443
 849.000000 4.007897
 850.000000 4.174571
 851.000000 3.761532
 852.000000 3.538741
 853.000000 3.178241
 854.000000 3.154036
 855.000000 4.553450
 856.000000 3.968899
 857.000000 3.642818
 858.000000 4.021369
 859.000000 3.758623
 860.000000 3.307600
 861.000000 3.298025
 862.000000 3.055240
 863.000000 3.345408
 864.000000 3.726190
 865.000000 3.444875
 866.000000 3.110549
 867.000000 3.770746
 868.000000 3.198921
 869.000000 2.764668
 870.000000 3.333650
 871.000000 3.604434
 872.000000 3.570230
 873.000000 3.600865
 874.000000 3.341353
 875.000000 3.593588
 876.000000 3.281246
 877.000000 3.486687
 878.000000 2.902991
 879.000000 3.640794
 880.000000 2.907219
 881.000000 4.182878
 882.000000 3.127887
 883.000000 3.879152
 884.000000 3.489839
 885.000000 4.038707
 886.000000 3.586347
 887.000000 3.608276
 888.000000 3.107843
 889.000000 3.462082
 890.000000 3.371093
 891.000000 3.138640
 892.000000 3.553113
 893.000000 3.749568
 894.000000 3.678826
 895.000000 3.470564
 896.000000 2.985541
 897.000000 3.171434
 898.000000 3.229840
 899.000000 3.486332
 900.000000 3.078652
 901.000000 3.188471
 902.000000 3.500604
 903.000000 3.834844
 904.000000 3.981886
 905.000000 3.817646
 906.000000 3.010666
 907.000000 2.380874
 908.000000 1.835501
 909.000000 1.793346
 910.000000 1.743280
 911.000000 1.839958
 912.000000 1.812645
 913.000000 1.815228
 914.000000 1.742081
 915.000000 1.713885
 916.000000 1.789842
 917.000000 1.854935
 918.000000 1.702213
 919.000000 1.720901
 920.000000 1.885782
 921.000000 2.066623
 922.000000 2.122665
 923.000000 2.398117
 924.000000 2.557515
 925.000000 2.135335
 926.000000 2.330954
 927.000000 2.234004
 928.000000 2.226017
 929.000000 2.310690
 930.000000 2.452020
 931.000000 2.482932
 932.000000 2.238517
 933.000000 2.212810
 934.000000 2.489298
 935.000000 2.161472
 936.000000 2.098136
 937.000000 1.955651
 938.000000 2.226450
 939.000000 2.324778
 940.000000 2.325692
 941.000000 2.192679
 942.000000 2.096898
 943.000000 2.101915
 944.000000 1.900525
 945.000000 1.833711
 946.000000 1.886455
 947.000000 1.787697
 948.000000 1.695995
 949.000000 1.820695
 950.000000 1.867507
 951.000000 1.853243
 952.000000 1.968482
 953.000000 2.076858
 954.000000 2.265457
 955.000000 2.333209
 956.000000 2.226542
 957.000000 2.285582
 958.000000 2.232139
 959.000000 2.146666
 960.000000 2.197898
 961.000000 2.116124
 962.000000 2.329858
 963.000000 2.265944
 964.000000 1.809390
 965.000000 2.241122
 966.000000 2.228265
 967.000000 2.258991
 968.000000 2.170653
 969.000000 2.244906
 970.000000 2.241324
 971.000000 2.076138
 972.000000 2.051009
 973.000000 2.152836
 974.000000 2.077665
 975.000000 2.022802
 976.000000 2.168343
 977.000000 1.973299
 978.000000 2.915996
 979.000000 2.873754
 980.000000 2.811138
 981.000000 2.031356
 982.000000 3.582530
 983.000000 2.984081
 984.000000 2.635304
 985.000000 3.931588
 986.000000 3.357231
 987.000000 3.849255
 988.000000 3.572314
 989.000000 3.157080
 990.000000 2.736298
 991.000000 2.860197
 992.000000 3.933556
 993.000000 3.946671
 994.000000 3.708862
 995.000000 3.051033
 996.000000 3.473709
 997.000000 3.367196
 998.000000 1.780208
 999.000000 2.307002
 1000.000000 2.280111
 1001.000000 1.444145
 1002.000000 0.804274
 1003.000000 0.996627
 1004.000000 1.420832
 1005.000000 1.405444
 1006.000000 1.289168
 1007.000000 1.340548
 1008.000000 1.036005
 1009.000000 1.499840
 1010.000000 1.234413
 1011.000000 0.991496
 1012.000000 1.883460
 1013.000000 2.023197
 1014.000000 1.985544
 1015.000000 2.264708
 1016.000000 2.333584
 1017.000000 2.330070
 1018.000000 2.158335
 1019.000000 2.174964
 1020.000000 2.001883
 1021.000000 1.985808
 1022.000000 1.899246
 1023.000000 1.782712
 1024.000000 1.690536
 1025.000000 1.603220
 1026.000000 1.579354
 1027.000000 1.804273
 1028.000000 1.675192
 1029.000000 1.554138
 1030.000000 1.514240
 1031.000000 1.773649
 1032.000000 1.476644
 1033.000000 1.610612
 1034.000000 1.419463
 1035.000000 1.512440
 1036.000000 1.567989
 1037.000000 1.566445
 1038.000000 1.512990
 1039.000000 1.605708
 1040.000000 1.581936
 1041.000000 2.767928
 1042.000000 2.812041
 1043.000000 3.470204
 1044.000000 3.145548
 1045.000000 3.408974
 1046.000000 3.836228
 1047.000000 3.967809
 1048.000000 3.998187
 1049.000000 4.053698
 1050.000000 4.151427
 1051.000000 4.126133
 1052.000000 3.718201
 1053.000000 3.292729
 1054.000000 3.595815
 1055.000000 3.861474
 1056.000000 3.185871
 1057.000000 3.398954
 1058.000000 3.409224
 1059.000000 3.304831
 1060.000000 3.592465
 1061.000000 3.907591
 1062.000000 3.952003
 1063.000000 3.893804
 1064.000000 4.283410
 1065.000000 4.034432
 1066.000000 3.995037
 1067.000000 3.562600
 1068.000000 3.869718
 1069.000000 4.006793
 1070.000000 3.832046
 1071.000000 3.924447
 1072.000000 3.224190
 1073.000000 3.300182
 1074.000000 2.372895
 1075.000000 2.614071
 1076.000000 1.722729
 1077.000000 2.181573
 1078.000000 3.076954
 1079.000000 3.355816
 1080.000000 3.372084
 1081.000000 1.481798
 1082.000000 1.619150
 1083.000000 2.511184
 1084.000000 2.998358
 1085.000000 2.107551
 1086.000000 3.457601
 1087.000000 3.422233
 1088.000000 2.956741
 1089.000000 4.374908
 1090.000000 4.194098
 1091.000000 3.716293
 1092.000000 3.434851
 1093.000000 3.817673
 1094.000000 3.493800
 1095.000000 3.325877
 1096.000000 3.254271
 1097.000000 3.865487
 1098.000000 3.313133
 1099.000000 3.042752
 1100.000000 3.037762
 1101.000000 2.894918
 1102.000000 2.388600
 1103.000000 1.939160
 1104.000000 2.094190
 1105.000000 2.825159
 1106.000000 2.797727
 1107.000000 2.557991
 1108.000000 2.279119
 1109.000000 2.125783
 1110.000000 2.329170
 1111.000000 2.225122
 1112.000000 2.101203
 1113.000000 2.063749
 1114.000000 2.072939
 1115.000000 2.027295
 1116.000000 1.823384
 1117.000000 1.651833
 1118.000000 1.780780
 1119.000000 2.042899
 1120.000000 2.045186
 1121.000000 1.977529
 1122.000000 2.044205
 1123.000000 2.032514
 1124.000000 2.008007
 1125.000000 2.014530
 1126.000000 2.079545
 1127.000000 1.947808
 1128.000000 2.200009
 1129.000000 2.315384
 1130.000000 2.317597
 1131.000000 2.382760
 1132.000000 2.363593
 1133.000000 2.297417
 1134.000000 2.250662
 1135.000000 2.199574
 1136.000000 2.170199
 1137.000000 2.218382
 1138.000000 2.110301
 1139.000000 2.272939
 1140.000000 2.325426
 1141.000000 2.282355
 1142.000000 2.182734
 1143.000000 2.259329
 1144.000000 2.347734
 1145.000000 2.277447
 1146.000000 2.247556
 1147.000000 2.255290
 1148.000000 2.275189
 1149.000000 2.258618
 1150.000000 2.296170
 1151.000000 2.316633
 1152.000000 2.423031
 1153.000000 2.247851
 1154.000000 2.228940
 1155.000000 2.308984
 1156.000000 2.422618
 1157.000000 2.327265
 1158.000000 2.337298
 1159.000000 2.338120
 1160.000000 2.293657
 1161.000000 2.225337
 1162.000000 2.286917
 1163.000000 2.410744
 1164.000000 2.297201
 1165.000000 2.392244
 1166.000000 2.335265
 1167.000000 2.324453
 1168.000000 2.375043
 1169.000000 2.374007
 1170.000000 2.425087
 1171.000000 2.511374
 1172.000000 2.430169
 1173.000000 2.411688
 1174.000000 2.485571
 1175.000000 2.307996
 1176.000000 2.332260
 1177.000000 2.423336
 1178.000000 2.302221
 1179.000000 2.316897
 1180.000000 2.219631
 1181.000000 2.265235
 1182.000000 2.289090
 1183.000000 2.401002
 1184.000000 2.329417
 1185.000000 2.353874
 1186.000000 2.179907
 1187.000000 2.267545
 1188.000000 2.149173
 1189.000000 2.168178
 1190.000000 2.298995
 1191.000000 2.280059
 1192.000000 2.245723
 1193.000000 2.346968
 1194.000000 2.359605
 1195.000000 2.300251
 1196.000000 2.413635
 1197.000000 2.406639
 1198.000000 2.384426
 1199.000000 2.346971
 1200.000000 2.341278
 1201.000000 2.447320
 1202.000000 2.301260
 1203.000000 2.365064
 1204.000000 2.380568
 1205.000000 2.301132
 1206.000000 2.324262
 1207.000000 2.377909
 1208.000000 2.400526
 1209.000000 2.409523
 1210.000000 2.377687
 1211.000000 2.359266
 1212.000000 2.422823
 1213.000000 2.441583
 1214.000000 2.458770
 1215.000000 2.511647
 1216.000000 2.585101
 1217.000000 2.490000
 1218.000000 2.454041
 1219.000000 2.434385
 1220.000000 2.411775
 1221.000000 2.382032
 1222.000000 2.482498
 1223.000000 2.421911
 1224.000000 2.686578
 1225.000000 2.625508
 1226.000000 2.747852
 1227.000000 2.770393
 1228.000000 2.920747
 1229.000000 2.738640
 1230.000000 2.907973
 1231.000000 2.665580
 1232.000000 2.696799
 1233.000000 2.725268
 1234.000000 2.786175
 1235.000000 3.004973
 1236.000000 2.793128
 1237.000000 3.114478
 1238.000000 2.864556
 1239.000000 2.688100
 1240.000000 2.435123
 1241.000000 2.455656
 1242.000000 2.321934
 1243.000000 2.240877
 1244.000000 2.090932
 1245.000000 2.612838
 1246.000000 2.318550
 1247.000000 2.377128
 1248.000000 2.153979
 1249.000000 2.268736
 1250.000000 2.185589
 1251.000000 2.437657
 1252.000000 2.239803
 1253.000000 2.342156
 1254.000000 2.093543
 1255.000000 2.261225
 1256.000000 2.504451
 1257.000000 2.563973
 1258.000000 2.615706
 1259.000000 2.704134
 1260.000000 2.640206
 1261.000000 2.676881
 1262.000000 2.789326
 1263.000000 2.761303
 1264.000000 2.746620
 1265.000000 2.626181
 1266.000000 2.467006
 1267.000000 2.321335
 1268.000000 2.532062
 1269.000000 2.281572
 1270.000000 2.047084
 1271.000000 2.249108
 1272.000000 2.248213
 1273.000000 2.123577
 1274.000000 2.621064
 1275.000000 2.738571
 1276.000000 2.440802
 1277.000000 2.494670
 1278.000000 2.617732
 1279.000000 2.388117
 1280.000000 2.053168
 1281.000000 2.012131
 1282.000000 1.927423
 1283.000000 2.306773
 1284.000000 2.283322
 1285.000000 2.313692
 1286.000000 2.545416
 1287.000000 2.450828
 1288.000000 2.480238
 1289.000000 2.410717
 1290.000000 2.361561
 1291.000000 2.290876
 1292.000000 2.425957
 1293.000000 2.232680
 1294.000000 2.576508
 1295.000000 2.270688
 1296.000000 2.455158
 1297.000000 2.378181
 1298.000000 2.153606
 1299.000000 2.243389
 1300.000000 2.422256
 1301.000000 2.221156
 1302.000000 2.053590
 1303.000000 2.141136
 1304.000000 1.758885
 1305.000000 2.105817
 1306.000000 2.214109
 1307.000000 2.142759
 1308.000000 2.190387
 1309.000000 2.312324
 1310.000000 2.311214
 1311.000000 2.537755
 1312.000000 2.386047
 1313.000000 2.353180
 1314.000000 2.405701
 1315.000000 2.333017
 1316.000000 2.148533
 1317.000000 2.186325
 1318.000000 2.352218
 1319.000000 2.184067
 1320.000000 2.025402
 1321.000000 2.042025
 1322.000000 1.683210
 1323.000000 1.953412
 1324.000000 1.914768
 1325.000000 1.872073
 1326.000000 1.969865
 1327.000000 1.843544
 1328.000000 2.109885
 1329.000000 2.275116
 1330.000000 2.321186
 1331.000000 2.107647
 1332.000000 2.308187
 1333.000000 2.578996
 1334.000000 2.232897
 1335.000000 2.175485
 1336.000000 2.401099
 1337.000000 2.278419
 1338.000000 2.336649
 1339.000000 2.175928
 1340.000000 1.910481
 1341.000000 1.903170
 1342.000000 1.983186
 1343.000000 2.306722
 1344.000000 2.346172
 1345.000000 2.481413
 1346.000000 2.705898
 1347.000000 2.652993
 1348.000000 2.687363
 1349.000000 2.518514
 1350.000000 2.650430
 1351.000000 2.896245
 1352.000000 3.491809
 1353.000000 3.537998
 1354.000000 3.276682
 1355.000000 3.279601
 1356.000000 3.496251
 1357.000000 3.491397
 1358.000000 3.482162
 1359.000000 3.557351
 1360.000000 3.631728
 1361.000000 3.668337
 1362.000000 3.610124
 1363.000000 3.702431
 1364.000000 4.024718
 1365.000000 4.355506
 1366.000000 4.318797
 1367.000000 4.376531
 1368.000000 4.393651
 1369.000000 4.376531
 1370.000000 4.222397
 1371.000000 4.269622
 1372.000000 4.151153
 1373.000000 4.126778
 1374.000000 3.928838
 1375.000000 4.181784
 1376.000000 3.926641
 1377.000000 3.803722
 1378.000000 4.182529
 1379.000000 3.936933
 1380.000000 3.805916
 1381.000000 3.818099
 1382.000000 3.756261
 1383.000000 4.073325
 1384.000000 4.057195
 1385.000000 3.944008
 1386.000000 3.920090
 1387.000000 4.073142
 1388.000000 4.166957
 1389.000000 4.244994
 1390.000000 4.237480
 1391.000000 4.228154
 1392.000000 4.478862
 1393.000000 4.482349
 1394.000000 4.326898
 1395.000000 4.384829
 1396.000000 4.267719
 1397.000000 4.184779
 1398.000000 4.076004
 1399.000000 4.046300
 1400.000000 3.931576
 1401.000000 3.952331
 1402.000000 4.107219
 1403.000000 4.018793
 1404.000000 3.975809
 1405.000000 3.849709
 1406.000000 3.923821
 1407.000000 3.724232
 1408.000000 3.451538
 1409.000000 3.521642
 1410.000000 3.370062
 1411.000000 2.924958
 1412.000000 3.239066
 1413.000000 2.918920
 1414.000000 2.706378
 1415.000000 2.777736
 1416.000000 2.522949
 1417.000000 2.690430
 1418.000000 2.948347
 1419.000000 3.024118
 1420.000000 3.036403
 1421.000000 3.207726
 1422.000000 3.227465
 1423.000000 3.168840
 1424.000000 2.905229
 1425.000000 2.978367
 1426.000000 2.229259
 1427.000000 2.861213
 1428.000000 2.917185
 1429.000000 2.721771
 1430.000000 2.666425
 1431.000000 3.066948
 1432.000000 2.749527
 1433.000000 3.071246
 1434.000000 3.322340
 1435.000000 3.073259
 1436.000000 3.182656
 1437.000000 2.905700
 1438.000000 3.033185
 1439.000000 3.034174
 1440.000000 2.701851
 1441.000000 2.710121
 1442.000000 2.701622
 1443.000000 2.824509
 1444.000000 2.655270
 1445.000000 2.730103
 1446.000000 2.837509
 1447.000000 2.614185
 1448.000000 2.696703
 1449.000000 3.263146
 1450.000000 3.307510
 1451.000000 3.678061
 1452.000000 3.700859
 1453.000000 3.752306
 1454.000000 3.811617
 1455.000000 3.982747
 1456.000000 4.024098
 1457.000000 3.968636
 1458.000000 3.778024
 1459.000000 3.913487
 1460.000000 4.037952
 1461.000000 3.790998
 1462.000000 3.835897
 1463.000000 3.866709
 1464.000000 3.698235
 1465.000000 3.852509
 1466.000000 3.820390
 1467.000000 3.926792
 1468.000000 3.931135
 1469.000000 3.799788
 1470.000000 3.888505
 1471.000000 3.917201
 1472.000000 3.848224
 1473.000000 3.907514
 1474.000000 3.723436
 1475.000000 3.754199
 1476.000000 3.524698
 1477.000000 3.682423
 1478.000000 3.543216
 1479.000000 3.526262
 1480.000000 3.681008
 1481.000000 3.638765
 1482.000000 3.497178
 1483.000000 3.611536
 1484.000000 3.591537
 1485.000000 3.587263
 1486.000000 3.290858
 1487.000000 3.328641
 1488.000000 3.392539
 1489.000000 2.948967
 1490.000000 3.192954
 1491.000000 3.328487
 1492.000000 3.568512
 1493.000000 3.341619
 1494.000000 3.529318
 1495.000000 3.792945
 1496.000000 3.793485
 1497.000000 3.797037
 1498.000000 3.800669
 1499.000000 3.872081
 1500.000000 3.945290
 1501.000000 3.862745
 1502.000000 3.924755
 1503.000000 4.008586
 1504.000000 4.012208
 1505.000000 3.977628
 1506.000000 3.939436
 1507.000000 3.799406
 1508.000000 3.557430
 1509.000000 3.756455
 1510.000000 3.516057
 1511.000000 3.417494
 1512.000000 3.542702
 1513.000000 3.465799
 1514.000000 3.564197
 1515.000000 3.584915
 1516.000000 3.806231
 1517.000000 3.807314
 1518.000000 3.832318
 1519.000000 3.554915
 1520.000000 3.608638
 1521.000000 3.606848
 1522.000000 3.167614
 1523.000000 2.678312
 1524.000000 2.721758
 1525.000000 2.984525
 1526.000000 2.457991
 1527.000000 2.389886
 1528.000000 2.472202
 1529.000000 2.975067
 1530.000000 3.275935
 1531.000000 3.210076
 1532.000000 3.281345
 1533.000000 3.748881
 1534.000000 3.892172
 1535.000000 3.741136
 1536.000000 3.730282
 1537.000000 3.929930
 1538.000000 3.861649
 1539.000000 3.734650
 1540.000000 3.835579
 1541.000000 3.850373
 1542.000000 3.955914
 1543.000000 4.055907
 1544.000000 4.246802
 1545.000000 4.147931
 1546.000000 4.078710
 1547.000000 4.254171
 1548.000000 4.311474
 1549.000000 4.461267
 1550.000000 4.530309
 1551.000000 4.681748
 1552.000000 4.606391
 1553.000000 4.647214
 1554.000000 4.648375
 1555.000000 4.480267
 1556.000000 4.423351
 1557.000000 4.440100
 1558.000000 4.188669
 1559.000000 3.968855
 1560.000000 3.558514
 1561.000000 3.403799
 1562.000000 3.278692
 1563.000000 3.032146
 1564.000000 3.422993
 1565.000000 3.301237
 1566.000000 3.594996
 1567.000000 3.429582
 1568.000000 2.972961
 1569.000000 3.033419
 1570.000000 3.452063
 1571.000000 3.246861
 1572.000000 3.387684
 1573.000000 3.495596
 1574.000000 3.633709
 1575.000000 3.473757
 1576.000000 3.522024
 1577.000000 3.607359
 1578.000000 3.225263
 1579.000000 3.355317
 1580.000000 3.360461
 1581.000000 3.240425
 1582.000000 3.199368
 1583.000000 2.966937
 1584.000000 3.079214
 1585.000000 3.080127
 1586.000000 3.111182
 1587.000000 3.110404
 1588.000000 3.024963
 1589.000000 3.091643
 1590.000000 3.349285
 1591.000000 3.445159
 1592.000000 3.515835
 1593.000000 3.326521
 1594.000000 3.230850
 1595.000000 3.308031
 1596.000000 3.725012
 1597.000000 3.723072
 1598.000000 3.655450
 1599.000000 3.541791
 1600.000000 3.549428
 1601.000000 3.327012
 1602.000000 3.680421
 1603.000000 3.423199
 1604.000000 3.601054
 1605.000000 3.672228
 1606.000000 3.458301
 1607.000000 3.658110
 1608.000000 3.810321
 1609.000000 3.918460
 1610.000000 3.767802
 1611.000000 3.635151
 1612.000000 3.309429
 1613.000000 3.335343
 1614.000000 3.475666
 1615.000000 3.143413
 1616.000000 3.179532
 1617.000000 3.025940
 1618.000000 2.856657
 1619.000000 2.856623
 1620.000000 2.964115
 1621.000000 2.891210
 1622.000000 2.830907
 1623.000000 3.111906
 1624.000000 3.261139
 1625.000000 3.412025
 1626.000000 3.415581
 1627.000000 3.266669
 1628.000000 3.031720
 1629.000000 2.900075
 1630.000000 2.761940
 1631.000000 2.967230
 1632.000000 2.530247
 1633.000000 2.320390
 1634.000000 2.490877
 1635.000000 2.366738
 1636.000000 2.611560
 1637.000000 2.408986
 1638.000000 2.480952
 1639.000000 2.196784
 1640.000000 2.468641
 1641.000000 2.613409
 1642.000000 2.737174
 1643.000000 2.832902
 1644.000000 3.031596
 1645.000000 2.775660
 1646.000000 2.871393
 1647.000000 2.841470
 1648.000000 2.952229
 1649.000000 2.747790
 1650.000000 2.844286
 1651.000000 3.079154
 1652.000000 3.128281
 1653.000000 3.009255
 1654.000000 3.370648
 1655.000000 3.104046
 1656.000000 3.111560
 1657.000000 3.237697
 1658.000000 3.447825
 1659.000000 3.467048
 1660.000000 3.303364
 1661.000000 3.102171
 1662.000000 3.427548
 1663.000000 3.335310
 1664.000000 3.217398
 1665.000000 2.938494
 1666.000000 2.879036
 1667.000000 2.696439
 1668.000000 2.708501
 1669.000000 2.548102
 1670.000000 2.534397
 1671.000000 2.454866
 1672.000000 2.409687
 1673.000000 2.544063
 1674.000000 2.515983
 1675.000000 2.310425
 1676.000000 2.271035
 1677.000000 2.099752
 1678.000000 1.616702
 1679.000000 2.578591
 1680.000000 2.728327
 1681.000000 3.013945
 1682.000000 2.559225
 1683.000000 2.427522
 1684.000000 2.081859
 1685.000000 1.236462
 1686.000000 0.685606
 1687.000000 0.546646
 1688.000000 0.840486
 1689.000000 1.347801
 1690.000000 3.689667
 1691.000000 4.283490
 1692.000000 3.702893
 1693.000000 4.111516
 1694.000000 3.802614
 1695.000000 3.380946
 1696.000000 3.352252
 1697.000000 3.411190
 1698.000000 3.421927
 1699.000000 2.380126
 1700.000000 2.164822
 1701.000000 2.590347
 1702.000000 3.856240
 1703.000000 4.223590
 1704.000000 4.318647
 1705.000000 4.371860
 1706.000000 3.155960
 1707.000000 3.065726
 1708.000000 2.696759
 1709.000000 2.997633
 1710.000000 2.918149
 1711.000000 3.357963
 1712.000000 3.617199
 1713.000000 3.563383
 1714.000000 3.089413
 1715.000000 3.910322
 1716.000000 3.472007
 1717.000000 3.993786
 1718.000000 3.832813
 1719.000000 3.867262
 1720.000000 4.116385
 1721.000000 3.875235
 1722.000000 3.310501
 1723.000000 2.506618
 1724.000000 2.068869
 1725.000000 1.484880
 1726.000000 2.003609
 1727.000000 1.727395
 1728.000000 1.571164
 1729.000000 1.899106
 1730.000000 1.699391
 1731.000000 1.558733
 1732.000000 1.387535
 1733.000000 1.433955
 1734.000000 1.403341
 1735.000000 1.250683
 1736.000000 1.250246
 1737.000000 0.468740
 1738.000000 1.581350
 1739.000000 1.533392
 1740.000000 0.956652
 1741.000000 0.655621
 1742.000000 3.186349
 1743.000000 1.111820
 1744.000000 2.171261
 1745.000000 1.123131
 1746.000000 1.064792
 1747.000000 1.097797
 1748.000000 2.408557
 1749.000000 1.784231
 1750.000000 0.591024
 1751.000000 1.209121
 1752.000000 1.538806
 1753.000000 2.184122
 1754.000000 1.166368
 1755.000000 2.821910
 1756.000000 2.665065
 1757.000000 2.721248
 1758.000000 3.037483
 1759.000000 3.121825
 1760.000000 2.715189
 1761.000000 2.864807
 1762.000000 2.579692
 1763.000000 2.312037
 1764.000000 2.008918
 1765.000000 1.684956
 1766.000000 1.366717
 1767.000000 0.438913
 1768.000000 0.761404
 1769.000000 1.822011
 1770.000000 3.076565
 1771.000000 4.281953
 1772.000000 4.466554
 1773.000000 3.703773
 1774.000000 2.416938
 1775.000000 2.798343
 1776.000000 3.685488
 1777.000000 2.950798
 1778.000000 3.413081
 1779.000000 3.045207
 1780.000000 3.465383
 1781.000000 3.136601
 1782.000000 4.219955
 1783.000000 3.255173
 1784.000000 4.604928
 1785.000000 3.139509
 1786.000000 2.933443
 1787.000000 3.272390
 1788.000000 2.169877
 1789.000000 3.400798
 1790.000000 2.316927
 1791.000000 3.057852
 1792.000000 3.126400
 1793.000000 3.622030
 1794.000000 3.296681
 1795.000000 2.847093
 1796.000000 3.121616
 1797.000000 3.208687
 1798.000000 2.164567
 1799.000000 2.214779
 1800.000000 2.775410
 1801.000000 2.504939
 1802.000000 3.527687
 1803.000000 3.682740
 1804.000000 3.141686
 1805.000000 2.808577
 1806.000000 1.609887
 1807.000000 2.643761
 1808.000000 2.841323
 1809.000000 2.960884
 1810.000000 2.902797
 1811.000000 3.048586
 1812.000000 3.164578
 1813.000000 3.044649
 1814.000000 3.169168
 1815.000000 3.465971
 1816.000000 3.230507
 1817.000000 3.490855
 1818.000000 2.938934
 1819.000000 3.156281
 1820.000000 2.757322
 1821.000000 2.974130
 1822.000000 3.030027
 1823.000000 2.848874
 1824.000000 2.561555
 1825.000000 2.657473
 1826.000000 2.918717
 1827.000000 2.968527
 1828.000000 2.927063
 1829.000000 3.180252
 1830.000000 2.164925
 1831.000000 2.084288
 1832.000000 2.799119
 1833.000000 2.990611
 1834.000000 3.124589
 1835.000000 2.888879
 1836.000000 2.872015
 1837.000000 3.139281
 1838.000000 2.453125
 1839.000000 2.563622
 1840.000000 3.265492
 1841.000000 3.271564
 1842.000000 3.332092
 1843.000000 3.112324
 1844.000000 3.566478
 1845.000000 3.367265
 1846.000000 3.361163
 1847.000000 3.705145
 1848.000000 3.380542
 1849.000000 3.984231
 1850.000000 3.663890
 1851.000000 3.725339
 1852.000000 3.506907
 1853.000000 3.393341
 1854.000000 3.476421
 1855.000000 3.170372
 1856.000000 2.790795
 1857.000000 2.947304
 1858.000000 2.696316
 1859.000000 3.426278
 1860.000000 3.625085
 1861.000000 3.849829
 1862.000000 3.385895
 1863.000000 3.892580
 1864.000000 2.694849
 1865.000000 3.666761
 1866.000000 3.050129
 1867.000000 2.634612
 1868.000000 3.048079
 1869.000000 2.909956
 1870.000000 2.367652
 1871.000000 3.376586
 1872.000000 3.495296
 1873.000000 4.068134
 1874.000000 3.750698
 1875.000000 3.371811
 1876.000000 3.279287
 1877.000000 3.183392
 1878.000000 3.133241
 1879.000000 3.258480
 1880.000000 3.525764
 1881.000000 3.313494
 1882.000000 3.654324
 1883.000000 3.838368
 1884.000000 3.782149
 1885.000000 3.676857
 1886.000000 3.754235
 1887.000000 3.792698
 1888.000000 3.864835
 1889.000000 3.622479
 1890.000000 3.814950
 1891.000000 4.392124
 1892.000000 4.229712
 1893.000000 3.942028
 1894.000000 4.278594
 1895.000000 4.600998
 1896.000000 4.666643
 1897.000000 4.602650
 1898.000000 4.391273
 1899.000000 4.132916
 1900.000000 3.935317
 1901.000000 3.842878
 1902.000000 4.002072
 1903.000000 3.884583
 1904.000000 1.862773
 1905.000000 2.022320
 1906.000000 2.721379
 1907.000000 3.371370
 1908.000000 3.119376
 1909.000000 2.301403
 1910.000000 2.671884
 1911.000000 3.291184
 1912.000000 3.942215
 1913.000000 3.138298
 1914.000000 3.366047
 1915.000000 3.017258
 1916.000000 3.421707
 1917.000000 3.211848
 1918.000000 4.159338
 1919.000000 2.982761
 1920.000000 1.896079
 1921.000000 2.019698
 1922.000000 2.228168
 1923.000000 2.327219
 1924.000000 2.536571
 1925.000000 2.952489
 1926.000000 2.840586
 1927.000000 2.424671
 1928.000000 2.359968
 1929.000000 1.190179
 1930.000000 2.166954
 1931.000000 2.150409
 1932.000000 2.210949
 1933.000000 2.421323
 1934.000000 2.127418
 1935.000000 2.359882
 1936.000000 2.676009
 1937.000000 2.752067
 1938.000000 2.154442
 1939.000000 2.596235
 1940.000000 2.228345
 1941.000000 2.405103
 1942.000000 2.710173
 1943.000000 3.197146
 1944.000000 3.135218
 1945.000000 2.669337
 1946.000000 3.020269
 1947.000000 3.021047
 1948.000000 2.962234
 1949.000000 2.801706
 1950.000000 3.027402
 1951.000000 2.783924
 1952.000000 2.860030
 1953.000000 3.021054
 1954.000000 2.772331
 1955.000000 2.778517
 1956.000000 2.726991
 1957.000000 2.749011
 1958.000000 2.982576
 1959.000000 3.428873
 1960.000000 3.193477
 1961.000000 3.263615
 1962.000000 3.006582
 1963.000000 3.116711
 1964.000000 2.595899
 1965.000000 3.049305
 1966.000000 3.120385
 1967.000000 2.703391
 1968.000000 2.864476
 1969.000000 3.352933
 1970.000000 2.077812
 1971.000000 1.384004
 1972.000000 1.421152
 1973.000000 2.661699
 1974.000000 1.316170
 1975.000000 0.322243
 1976.000000 0.502419
 1977.000000 1.012842
 1978.000000 0.266596
 1979.000000 2.214253
 1980.000000 2.118809
 1981.000000 2.751707
 1982.000000 2.794972
 1983.000000 3.683445
 1984.000000 3.593534
 1985.000000 3.110471
 1986.000000 2.557656
 1987.000000 3.811842
 1988.000000 3.546467
 1989.000000 3.451803
 1990.000000 3.355241
 1991.000000 3.133987
 1992.000000 2.804964
 1993.000000 2.934989
 1994.000000 3.994262
 1995.000000 3.012847
 1996.000000 1.873949
 1997.000000 3.530309
 1998.000000 2.888432
 1999.000000 2.685787
 2000.000000 3.067024
 2001.000000 2.283285
 2002.000000 2.840166
 2003.000000 2.915460
 2004.000000 2.740111
 2005.000000 2.921514
 2006.000000 3.148688
 2007.000000 2.869554
 2008.000000 2.618682
 2009.000000 3.247780
 2010.000000 2.939604
 2011.000000 2.995449
 2012.000000 2.763415
 2013.000000 2.455542
 2014.000000 2.924347
 2015.000000 3.280214
 2016.000000 2.756245
 2017.000000 3.140060
 2018.000000 3.409096
 2019.000000 4.257462
 2020.000000 3.865049
 2021.000000 4.043383
 2022.000000 4.044265
 2023.000000 4.098816
 2024.000000 3.958090
