#! FIELDS time r28.min
 0.000000 2.800173
 1.000000 2.891769
 2.000000 2.706520
 3.000000 2.901768
 4.000000 2.656483
 5.000000 1.815650
 6.000000 1.553115
 7.000000 1.235234
 8.000000 1.456871
 9.000000 2.724795
 10.000000 1.196406
 11.000000 1.682944
 12.000000 3.860276
 13.000000 3.987918
 14.000000 3.450992
 15.000000 3.566356
 16.000000 3.647289
 17.000000 3.638167
 18.000000 3.396787
 19.000000 3.412495
 20.000000 3.061561
 21.000000 3.090735
 22.000000 3.226809
 23.000000 3.101460
 24.000000 4.063462
 25.000000 2.158774
 26.000000 1.823284
 27.000000 1.650342
 28.000000 1.677322
 29.000000 1.815390
 30.000000 1.963944
 31.000000 1.962619
 32.000000 3.486220
 33.000000 3.262382
 34.000000 2.301629
 35.000000 2.930053
 36.000000 3.084766
 37.000000 2.647473
 38.000000 3.885105
 39.000000 3.880005
 40.000000 4.154773
 41.000000 4.287176
 42.000000 4.631313
 43.000000 2.725363
 44.000000 0.273456
 45.000000 0.700639
 46.000000 0.775410
 47.000000 1.465814
 48.000000 1.084674
 49.000000 1.179897
 50.000000 0.687641
 51.000000 0.940481
 52.000000 0.808307
 53.000000 1.391950
 54.000000 0.944657
 55.000000 0.881135
 56.000000 0.803611
 57.000000 0.947899
 58.000000 0.653339
 59.000000 0.700452
 60.000000 0.867433
 61.000000 0.839047
 62.000000 0.617573
 63.000000 1.870918
 64.000000 1.823605
 65.000000 2.172992
 66.000000 3.005814
 67.000000 3.893816
 68.000000 3.299390
 69.000000 3.523886
 70.000000 3.672249
 71.000000 3.727307
 72.000000 4.168336
 73.000000 4.508074
 74.000000 4.269341
 75.000000 3.395345
 76.000000 4.443314
 77.000000 4.135125
 78.000000 3.428012
 79.000000 3.002749
 80.000000 2.795097
 81.000000 2.981195
 82.000000 2.661797
 83.000000 2.882251
 84.000000 3.752675
 85.000000 3.473033
 86.000000 3.537524
 87.000000 3.521507
 88.000000 3.985189
 89.000000 4.099217
 90.000000 4.416760
 91.000000 4.436909
 92.000000 4.315743
 93.000000 3.842931
 94.000000 3.891386
 95.000000 4.707869
 96.000000 4.418617
 97.000000 2.821968
 98.000000 1.937915
 99.000000 0.800236
 100.000000 2.751720
 101.000000 2.004388
 102.000000 3.101369
 103.000000 2.336049
 104.000000 3.919727
 105.000000 3.368207
 106.000000 4.301916
 107.000000 2.833153
 108.000000 1.112790
 109.000000 1.083841
 110.000000 1.136145
 111.000000 1.223434
 112.000000 1.737873
 113.000000 2.439842
 114.000000 2.436380
 115.000000 2.125438
 116.000000 2.144179
 117.000000 2.540497
 118.000000 2.312487
 119.000000 1.744355
 120.000000 2.061636
 121.000000 2.010158
 122.000000 2.182653
 123.000000 2.012402
 124.000000 2.286695
 125.000000 1.905949
 126.000000 2.127189
 127.000000 1.488192
 128.000000 1.639672
 129.000000 0.282451
 130.000000 0.234983
 131.000000 0.310219
 132.000000 0.274652
 133.000000 0.660652
 134.000000 0.523566
 135.000000 0.718582
 136.000000 1.196793
 137.000000 0.922128
 138.000000 0.273951
 139.000000 0.271372
 140.000000 0.591115
 141.000000 1.255541
 142.000000 2.454471
 143.000000 2.896842
 144.000000 2.604168
 145.000000 1.877132
 146.000000 3.514488
 147.000000 3.799383
 148.000000 3.041929
 149.000000 3.049708
 150.000000 3.363943
 151.000000 3.119257
 152.000000 2.359247
 153.000000 3.167137
 154.000000 3.109756
 155.000000 3.272545
 156.000000 3.541573
 157.000000 3.089799
 158.000000 3.139703
 159.000000 3.037864
 160.000000 3.557311
 161.000000 3.599805
 162.000000 4.125479
 163.000000 3.215512
 164.000000 2.912505
 165.000000 3.803581
 166.000000 3.417823
 167.000000 3.102417
 168.000000 3.473703
 169.000000 3.553381
 170.000000 3.679368
 171.000000 3.424895
 172.000000 3.724721
 173.000000 3.757917
 174.000000 3.706347
 175.000000 3.788503
 176.000000 3.788954
 177.000000 3.712798
 178.000000 3.641160
 179.000000 3.793983
 180.000000 3.656609
 181.000000 3.741089
 182.000000 3.601675
 183.000000 3.604223
 184.000000 3.617447
 185.000000 3.640625
 186.000000 3.607261
 187.000000 3.678264
 188.000000 3.715572
 189.000000 3.673192
 190.000000 3.800593
 191.000000 3.767643
 192.000000 3.879663
 193.000000 3.701731
 194.000000 3.791651
 195.000000 3.705567
 196.000000 3.771283
 197.000000 3.824724
 198.000000 3.648102
 199.000000 3.688026
 200.000000 3.641655
 201.000000 3.694153
 202.000000 3.745002
 203.000000 3.789852
 204.000000 3.317079
 205.000000 2.994346
 206.000000 2.485728
 207.000000 2.691875
 208.000000 2.881664
 209.000000 3.125013
 210.000000 3.249404
 211.000000 3.098071
 212.000000 2.634574
 213.000000 2.800638
 214.000000 3.078207
 215.000000 3.159633
 216.000000 3.379514
 217.000000 3.108940
 218.000000 3.412676
 219.000000 3.692658
 220.000000 3.376639
 221.000000 3.526691
 222.000000 3.532214
 223.000000 3.630965
 224.000000 3.707304
 225.000000 3.866735
 226.000000 3.671004
 227.000000 3.540949
 228.000000 3.588933
 229.000000 3.590888
 230.000000 3.606262
 231.000000 3.641058
 232.000000 3.548294
 233.000000 3.922003
 234.000000 3.914760
 235.000000 3.813453
 236.000000 3.732946
 237.000000 3.774229
 238.000000 3.345135
 239.000000 3.725638
 240.000000 3.840092
 241.000000 3.833946
 242.000000 3.645577
 243.000000 3.705143
 244.000000 4.487190
 245.000000 4.149698
 246.000000 4.100387
 247.000000 4.068009
 248.000000 4.185582
 249.000000 4.156953
 250.000000 4.242939
 251.000000 4.303033
 252.000000 4.410972
 253.000000 4.039723
 254.000000 4.072031
 255.000000 3.599839
 256.000000 3.786669
 257.000000 3.559964
 258.000000 3.635708
 259.000000 3.893696
 260.000000 3.790737
 261.000000 3.703791
 262.000000 4.605488
 263.000000 4.338213
 264.000000 2.922230
 265.000000 2.509744
 266.000000 1.877884
 267.000000 3.164694
 268.000000 4.298625
 269.000000 4.574387
 270.000000 4.876369
 271.000000 4.836417
 272.000000 4.270012
 273.000000 4.770975
 274.000000 4.416044
 275.000000 3.862100
 276.000000 3.598396
 277.000000 3.130649
 278.000000 2.596240
 279.000000 2.823500
 280.000000 3.580692
 281.000000 4.433963
 282.000000 2.932683
 283.000000 3.538534
 284.000000 2.427893
 285.000000 4.153262
 286.000000 4.057652
 287.000000 4.439411
 288.000000 3.992745
 289.000000 2.802669
 290.000000 3.426926
 291.000000 3.609446
 292.000000 3.184445
 293.000000 3.518612
 294.000000 3.108716
 295.000000 2.810616
 296.000000 3.101583
 297.000000 3.699250
 298.000000 3.170285
 299.000000 2.562286
 300.000000 2.310805
 301.000000 2.328763
 302.000000 2.681188
 303.000000 3.292386
 304.000000 3.791475
 305.000000 3.620774
 306.000000 3.818573
 307.000000 3.779236
 308.000000 3.084400
 309.000000 3.164964
 310.000000 2.109347
 311.000000 1.631951
 312.000000 3.259145
 313.000000 3.518152
 314.000000 3.708585
 315.000000 3.430049
 316.000000 4.172189
 317.000000 3.413821
 318.000000 4.105528
 319.000000 3.639188
 320.000000 4.101475
 321.000000 3.396959
 322.000000 3.069128
 323.000000 3.439621
 324.000000 3.158355
 325.000000 3.669329
 326.000000 3.938335
 327.000000 4.045208
 328.000000 3.221830
 329.000000 3.868446
 330.000000 2.852186
 331.000000 3.425443
 332.000000 3.246766
 333.000000 1.832870
 334.000000 0.664598
 335.000000 2.857995
 336.000000 3.974110
 337.000000 4.007767
 338.000000 3.712736
 339.000000 3.928899
 340.000000 3.812319
 341.000000 3.841796
 342.000000 3.764835
 343.000000 3.779872
 344.000000 3.681145
 345.000000 3.550251
 346.000000 3.523188
 347.000000 3.936522
 348.000000 3.750747
 349.000000 3.804253
 350.000000 3.628762
 351.000000 3.388567
 352.000000 3.452536
 353.000000 3.651231
 354.000000 3.754895
 355.000000 3.462363
 356.000000 3.600638
 357.000000 3.435554
 358.000000 2.958416
 359.000000 3.153049
 360.000000 3.416164
 361.000000 3.506011
 362.000000 3.616295
 363.000000 3.917535
 364.000000 4.044566
 365.000000 4.032991
 366.000000 3.764774
 367.000000 3.804705
 368.000000 3.585738
 369.000000 3.724244
 370.000000 3.680620
 371.000000 3.550603
 372.000000 3.495640
 373.000000 3.854242
 374.000000 3.547185
 375.000000 3.474514
 376.000000 3.593617
 377.000000 3.658800
 378.000000 3.652725
 379.000000 3.563168
 380.000000 3.701413
 381.000000 3.735303
 382.000000 3.831875
 383.000000 3.723601
 384.000000 3.630111
 385.000000 3.771027
 386.000000 3.785971
 387.000000 3.541894
 388.000000 3.828331
 389.000000 3.857394
 390.000000 3.874139
 391.000000 3.994948
 392.000000 3.880955
 393.000000 4.000544
 394.000000 4.061674
 395.000000 3.797987
 396.000000 3.959736
 397.000000 3.802352
 398.000000 4.013411
 399.000000 3.879645
 400.000000 3.867229
 401.000000 4.001824
 402.000000 3.759695
 403.000000 3.988528
 404.000000 4.043847
 405.000000 3.957811
 406.000000 3.920034
 407.000000 3.872069
 408.000000 3.991280
 409.000000 3.794309
 410.000000 3.705816
 411.000000 3.972112
 412.000000 3.876516
 413.000000 3.724096
 414.000000 3.844163
 415.000000 3.876438
 416.000000 3.890441
 417.000000 3.988477
 418.000000 4.031650
 419.000000 4.084839
 420.000000 3.948724
 421.000000 4.352243
 422.000000 3.892483
 423.000000 3.954271
 424.000000 4.042202
 425.000000 3.993424
 426.000000 4.018997
 427.000000 3.975200
 428.000000 3.998633
 429.000000 3.550059
 430.000000 4.060275
 431.000000 3.997358
 432.000000 4.233422
 433.000000 4.201445
 434.000000 4.058469
 435.000000 3.942635
 436.000000 3.809915
 437.000000 3.904236
 438.000000 3.888028
 439.000000 4.033335
 440.000000 3.977726
 441.000000 3.623367
 442.000000 3.649574
 443.000000 3.987315
 444.000000 4.068856
 445.000000 4.191657
 446.000000 3.675209
 447.000000 4.710513
 448.000000 3.031063
 449.000000 4.717459
 450.000000 4.997976
 451.000000 5.334969
 452.000000 3.267621
 453.000000 3.479352
 454.000000 2.248474
 455.000000 3.656704
 456.000000 4.877017
 457.000000 3.770162
 458.000000 3.953632
 459.000000 4.463126
 460.000000 4.260320
 461.000000 3.468158
 462.000000 3.230773
 463.000000 3.717631
 464.000000 2.871737
 465.000000 3.192128
 466.000000 3.414395
 467.000000 2.736554
 468.000000 3.481915
 469.000000 3.900651
 470.000000 3.913296
 471.000000 4.198724
 472.000000 3.504909
 473.000000 2.779609
 474.000000 1.961408
 475.000000 1.847148
 476.000000 2.341956
 477.000000 1.647682
 478.000000 2.439506
 479.000000 2.672704
 480.000000 2.445863
 481.000000 3.060663
 482.000000 3.497344
 483.000000 4.042368
 484.000000 4.183987
 485.000000 3.870847
 486.000000 3.381274
 487.000000 3.535905
 488.000000 3.289204
 489.000000 1.636380
 490.000000 1.220078
 491.000000 0.350077
 492.000000 1.369726
 493.000000 2.428907
 494.000000 2.742706
 495.000000 2.851393
 496.000000 3.054240
 497.000000 3.551233
 498.000000 3.963956
 499.000000 3.947476
 500.000000 4.109517
 501.000000 4.168942
 502.000000 4.574001
 503.000000 4.235505
 504.000000 3.442546
 505.000000 3.344468
 506.000000 3.590809
 507.000000 3.840437
 508.000000 2.984572
 509.000000 3.410384
 510.000000 3.871200
 511.000000 3.749683
 512.000000 3.342935
 513.000000 3.132360
 514.000000 3.494808
 515.000000 3.568293
 516.000000 3.768883
 517.000000 2.978220
 518.000000 3.531903
 519.000000 2.597266
 520.000000 2.876840
 521.000000 3.635647
 522.000000 4.315961
 523.000000 2.500072
 524.000000 2.400182
 525.000000 2.212387
 526.000000 1.313876
 527.000000 1.676276
 528.000000 2.621650
 529.000000 2.761466
 530.000000 2.871151
 531.000000 2.838312
 532.000000 2.885015
 533.000000 3.489796
 534.000000 3.082100
 535.000000 3.126429
 536.000000 3.261492
 537.000000 3.930799
 538.000000 3.873400
 539.000000 3.798868
 540.000000 3.644828
 541.000000 3.066881
 542.000000 3.813360
 543.000000 3.516093
 544.000000 3.550647
 545.000000 2.580490
 546.000000 2.424131
 547.000000 2.360183
 548.000000 2.204108
 549.000000 2.461285
 550.000000 2.474994
 551.000000 2.493353
 552.000000 2.600118
 553.000000 2.484943
 554.000000 2.835079
 555.000000 2.813304
 556.000000 2.748631
 557.000000 2.261496
 558.000000 2.559770
 559.000000 2.527582
 560.000000 2.474594
 561.000000 2.551577
 562.000000 2.416516
 563.000000 2.194075
 564.000000 2.162343
 565.000000 2.346995
 566.000000 2.083264
 567.000000 2.213840
 568.000000 2.179559
 569.000000 1.828355
 570.000000 1.467645
 571.000000 1.198964
 572.000000 1.730516
 573.000000 1.487382
 574.000000 2.022600
 575.000000 1.897447
 576.000000 2.241861
 577.000000 2.317779
 578.000000 2.527502
 579.000000 3.829969
 580.000000 2.896382
 581.000000 3.537135
 582.000000 3.202499
 583.000000 3.391709
 584.000000 3.560410
 585.000000 2.578553
 586.000000 3.544000
 587.000000 3.365923
 588.000000 3.410488
 589.000000 3.742680
 590.000000 4.249196
 591.000000 3.210530
 592.000000 3.620962
 593.000000 3.860909
 594.000000 3.700292
 595.000000 4.221810
 596.000000 3.935511
 597.000000 4.107444
 598.000000 4.114299
 599.000000 4.197266
 600.000000 4.221158
 601.000000 4.357272
 602.000000 4.288254
 603.000000 4.285358
 604.000000 4.242783
 605.000000 4.181781
 606.000000 4.178319
 607.000000 4.284598
 608.000000 4.164269
 609.000000 4.121476
 610.000000 4.125190
 611.000000 4.164846
 612.000000 4.016290
 613.000000 4.291844
 614.000000 4.147241
 615.000000 4.336190
 616.000000 4.295014
 617.000000 4.314584
 618.000000 4.700464
 619.000000 4.343350
 620.000000 4.095665
 621.000000 4.113361
 622.000000 4.321730
 623.000000 4.250154
 624.000000 4.428794
 625.000000 4.289801
 626.000000 4.242750
 627.000000 4.309225
 628.000000 4.196657
 629.000000 4.223801
 630.000000 4.470250
 631.000000 4.367491
 632.000000 4.219496
 633.000000 4.359473
 634.000000 4.237631
 635.000000 4.306806
 636.000000 4.313798
 637.000000 4.219959
 638.000000 4.242664
 639.000000 4.250117
 640.000000 4.279495
 641.000000 4.343970
 642.000000 4.435712
 643.000000 4.269259
 644.000000 4.215561
 645.000000 4.225424
 646.000000 4.504993
 647.000000 4.514452
 648.000000 4.086653
 649.000000 4.091841
 650.000000 4.049546
 651.000000 4.134507
 652.000000 4.559440
 653.000000 4.018084
 654.000000 4.202479
 655.000000 4.346332
 656.000000 4.357203
 657.000000 4.367787
 658.000000 4.259741
 659.000000 4.479233
 660.000000 4.392359
 661.000000 4.334632
 662.000000 4.406530
 663.000000 4.327285
 664.000000 4.265564
 665.000000 4.378441
 666.000000 3.604184
 667.000000 3.724010
 668.000000 3.741547
 669.000000 3.860317
 670.000000 3.824308
 671.000000 3.693991
 672.000000 3.677613
 673.000000 4.199648
 674.000000 4.144288
 675.000000 4.212934
 676.000000 4.181224
 677.000000 4.164846
 678.000000 4.259861
 679.000000 4.434773
 680.000000 4.359434
 681.000000 4.221544
 682.000000 4.054184
 683.000000 4.109847
 684.000000 4.151164
 685.000000 4.175490
 686.000000 4.272469
 687.000000 4.085294
 688.000000 3.939164
 689.000000 4.088202
 690.000000 4.152774
 691.000000 3.948425
 692.000000 3.557017
 693.000000 3.774338
 694.000000 4.267633
 695.000000 3.814527
 696.000000 3.579471
 697.000000 3.856200
 698.000000 4.382368
 699.000000 4.280957
 700.000000 4.195340
 701.000000 4.075982
 702.000000 3.949208
 703.000000 3.825785
 704.000000 3.084291
 705.000000 1.987137
 706.000000 2.305944
 707.000000 4.080078
 708.000000 3.998153
 709.000000 4.470466
 710.000000 4.660371
 711.000000 4.331933
 712.000000 3.328109
 713.000000 3.906929
 714.000000 3.813660
 715.000000 4.078333
 716.000000 3.774875
 717.000000 3.914137
 718.000000 3.214128
 719.000000 2.813088
 720.000000 2.907278
 721.000000 2.120149
 722.000000 3.739900
 723.000000 3.794569
 724.000000 2.009696
 725.000000 0.514178
 726.000000 2.890189
 727.000000 2.864698
 728.000000 4.013436
 729.000000 3.732829
 730.000000 4.226844
 731.000000 4.008365
 732.000000 3.161458
 733.000000 3.697641
 734.000000 4.156350
 735.000000 4.085511
 736.000000 3.322703
 737.000000 3.070876
 738.000000 4.108993
 739.000000 2.952769
 740.000000 3.501643
 741.000000 2.510667
 742.000000 3.680813
 743.000000 2.939393
 744.000000 3.196419
 745.000000 2.888339
 746.000000 2.452129
 747.000000 2.469289
 748.000000 3.448521
 749.000000 3.633136
 750.000000 3.640860
 751.000000 3.396918
 752.000000 3.772090
 753.000000 3.367915
 754.000000 3.191541
 755.000000 2.743794
 756.000000 3.457744
 757.000000 2.931614
 758.000000 2.260857
 759.000000 2.121960
 760.000000 0.999020
 761.000000 1.874337
 762.000000 2.095199
 763.000000 2.054482
 764.000000 3.529394
 765.000000 3.773080
 766.000000 3.239447
 767.000000 3.846292
 768.000000 3.813366
 769.000000 3.407284
 770.000000 3.379637
 771.000000 3.685128
 772.000000 3.636610
 773.000000 3.232103
 774.000000 2.857149
 775.000000 2.358382
 776.000000 2.822780
 777.000000 2.997843
 778.000000 3.082761
 779.000000 2.982805
 780.000000 3.454236
 781.000000 3.155921
 782.000000 3.212999
 783.000000 3.123654
 784.000000 3.524511
 785.000000 3.905966
 786.000000 4.403598
 787.000000 3.488939
 788.000000 3.120911
 789.000000 3.837676
 790.000000 3.089946
 791.000000 3.493529
 792.000000 3.882530
 793.000000 4.544740
 794.000000 4.971800
 795.000000 4.567924
 796.000000 4.287017
 797.000000 4.654846
 798.000000 3.962162
 799.000000 2.892419
 800.000000 2.418141
 801.000000 2.396564
 802.000000 2.326976
 803.000000 3.720164
 804.000000 3.699277
 805.000000 3.469416
 806.000000 3.216770
 807.000000 2.792174
 808.000000 2.406966
 809.000000 3.266554
 810.000000 3.097300
 811.000000 3.534710
 812.000000 3.739298
 813.000000 3.802436
 814.000000 2.926037
 815.000000 2.484102
 816.000000 3.485141
 817.000000 4.256346
 818.000000 4.153570
 819.000000 4.376516
 820.000000 3.744674
 821.000000 3.482454
 822.000000 4.097125
 823.000000 3.534970
 824.000000 3.206579
 825.000000 2.271381
 826.000000 2.846976
 827.000000 2.799203
 828.000000 2.534561
 829.000000 3.297718
 830.000000 3.329833
 831.000000 3.382717
 832.000000 3.255420
 833.000000 3.409838
 834.000000 3.354584
 835.000000 3.515278
 836.000000 3.522595
 837.000000 3.324481
 838.000000 3.453074
 839.000000 3.087428
 840.000000 3.499092
 841.000000 3.842338
 842.000000 2.329514
 843.000000 2.946809
 844.000000 3.887638
 845.000000 3.729455
 846.000000 3.554313
 847.000000 3.398720
 848.000000 3.232468
 849.000000 4.071238
 850.000000 4.082384
 851.000000 3.446325
 852.000000 3.741069
 853.000000 3.921357
 854.000000 3.895701
 855.000000 4.805301
 856.000000 4.078232
 857.000000 3.809893
 858.000000 4.539374
 859.000000 4.044343
 860.000000 3.565215
 861.000000 3.694106
 862.000000 3.463607
 863.000000 3.889215
 864.000000 4.079746
 865.000000 3.945198
 866.000000 3.529500
 867.000000 4.237029
 868.000000 3.914020
 869.000000 3.298672
 870.000000 3.765748
 871.000000 4.074836
 872.000000 3.867618
 873.000000 4.041481
 874.000000 3.986435
 875.000000 4.134660
 876.000000 3.847080
 877.000000 4.054970
 878.000000 3.474076
 879.000000 4.023694
 880.000000 3.469268
 881.000000 4.601634
 882.000000 3.303856
 883.000000 4.283188
 884.000000 3.884528
 885.000000 4.326427
 886.000000 3.887648
 887.000000 3.740577
 888.000000 3.627989
 889.000000 3.890917
 890.000000 3.764304
 891.000000 3.719985
 892.000000 4.209011
 893.000000 4.262514
 894.000000 4.067109
 895.000000 3.744965
 896.000000 3.394916
 897.000000 3.770005
 898.000000 3.838527
 899.000000 3.949908
 900.000000 3.480731
 901.000000 3.537999
 902.000000 3.750508
 903.000000 4.583284
 904.000000 4.055023
 905.000000 3.983670
 906.000000 3.431197
 907.000000 2.756949
 908.000000 1.981847
 909.000000 1.990163
 910.000000 1.835928
 911.000000 1.948255
 912.000000 1.948887
 913.000000 1.972411
 914.000000 2.058258
 915.000000 2.048711
 916.000000 1.907352
 917.000000 1.853933
 918.000000 1.854413
 919.000000 1.746298
 920.000000 1.729671
 921.000000 1.883639
 922.000000 2.175799
 923.000000 2.183774
 924.000000 2.339036
 925.000000 2.025902
 926.000000 2.149537
 927.000000 2.234255
 928.000000 2.156310
 929.000000 2.331866
 930.000000 2.560885
 931.000000 2.274785
 932.000000 2.281654
 933.000000 2.271149
 934.000000 2.511481
 935.000000 2.282526
 936.000000 2.076131
 937.000000 2.094235
 938.000000 2.205594
 939.000000 2.286453
 940.000000 2.346269
 941.000000 2.373104
 942.000000 2.311167
 943.000000 2.307637
 944.000000 1.990507
 945.000000 2.034368
 946.000000 2.059239
 947.000000 2.077734
 948.000000 2.048294
 949.000000 1.818074
 950.000000 2.049925
 951.000000 2.067814
 952.000000 2.223566
 953.000000 1.929174
 954.000000 2.067643
 955.000000 1.824665
 956.000000 1.600832
 957.000000 1.665902
 958.000000 1.504395
 959.000000 1.876578
 960.000000 2.024506
 961.000000 1.873120
 962.000000 2.030577
 963.000000 2.081689
 964.000000 1.548915
 965.000000 1.977763
 966.000000 1.973371
 967.000000 1.976642
 968.000000 1.813944
 969.000000 1.751469
 970.000000 1.901628
 971.000000 2.078466
 972.000000 1.855472
 973.000000 1.782967
 974.000000 1.715788
 975.000000 1.600311
 976.000000 1.789209
 977.000000 1.640015
 978.000000 2.938020
 979.000000 2.787891
 980.000000 3.376344
 981.000000 2.932213
 982.000000 4.248478
 983.000000 3.116289
 984.000000 2.683636
 985.000000 4.535164
 986.000000 4.017132
 987.000000 4.462828
 988.000000 4.193555
 989.000000 3.900553
 990.000000 3.642548
 991.000000 3.535000
 992.000000 3.783543
 993.000000 3.783164
 994.000000 3.488785
 995.000000 3.056261
 996.000000 3.680119
 997.000000 3.673115
 998.000000 2.471913
 999.000000 2.598783
 1000.000000 2.357116
 1001.000000 1.529082
 1002.000000 1.653570
 1003.000000 0.640084
 1004.000000 0.849456
 1005.000000 0.910457
 1006.000000 0.790617
 1007.000000 0.957489
 1008.000000 0.667211
 1009.000000 0.618393
 1010.000000 0.485117
 1011.000000 0.243148
 1012.000000 0.656487
 1013.000000 0.621805
 1014.000000 0.886821
 1015.000000 1.016739
 1016.000000 0.906945
 1017.000000 0.976499
 1018.000000 1.023637
 1019.000000 0.566638
 1020.000000 0.651524
 1021.000000 0.550849
 1022.000000 0.759495
 1023.000000 0.860647
 1024.000000 0.723328
 1025.000000 0.892385
 1026.000000 1.054541
 1027.000000 1.018364
 1028.000000 1.464031
 1029.000000 1.224416
 1030.000000 1.243776
 1031.000000 1.489604
 1032.000000 1.502416
 1033.000000 1.569283
 1034.000000 1.688250
 1035.000000 1.677995
 1036.000000 1.612085
 1037.000000 1.549321
 1038.000000 1.457450
 1039.000000 2.289416
 1040.000000 1.302918
 1041.000000 2.620744
 1042.000000 3.050012
 1043.000000 3.636298
 1044.000000 3.279682
 1045.000000 3.532392
 1046.000000 4.250813
 1047.000000 4.254100
 1048.000000 3.873442
 1049.000000 4.231637
 1050.000000 4.290071
 1051.000000 4.471216
 1052.000000 3.982228
 1053.000000 3.527040
 1054.000000 3.926299
 1055.000000 4.074958
 1056.000000 3.279369
 1057.000000 3.340523
 1058.000000 3.391441
 1059.000000 3.173557
 1060.000000 3.476745
 1061.000000 4.055230
 1062.000000 4.181415
 1063.000000 4.028065
 1064.000000 4.278368
 1065.000000 3.933746
 1066.000000 4.021489
 1067.000000 3.657476
 1068.000000 3.932592
 1069.000000 4.016366
 1070.000000 3.820890
 1071.000000 3.937056
 1072.000000 2.995040
 1073.000000 2.934877
 1074.000000 2.278700
 1075.000000 2.793519
 1076.000000 2.080630
 1077.000000 2.552041
 1078.000000 3.076588
 1079.000000 3.054794
 1080.000000 3.840180
 1081.000000 2.277713
 1082.000000 2.290375
 1083.000000 2.352671
 1084.000000 2.917314
 1085.000000 1.759090
 1086.000000 3.138648
 1087.000000 3.134350
 1088.000000 3.129864
 1089.000000 4.216739
 1090.000000 3.975394
 1091.000000 3.548078
 1092.000000 3.684661
 1093.000000 4.109451
 1094.000000 3.906925
 1095.000000 3.869837
 1096.000000 3.639905
 1097.000000 4.079940
 1098.000000 2.962627
 1099.000000 2.575693
 1100.000000 2.563678
 1101.000000 2.486742
 1102.000000 2.592264
 1103.000000 2.040856
 1104.000000 2.213771
 1105.000000 2.681711
 1106.000000 3.005022
 1107.000000 2.728607
 1108.000000 2.638378
 1109.000000 2.648543
 1110.000000 2.737377
 1111.000000 2.674567
 1112.000000 2.624173
 1113.000000 2.543486
 1114.000000 2.628641
 1115.000000 2.410297
 1116.000000 2.210757
 1117.000000 2.066178
 1118.000000 2.286103
 1119.000000 2.409937
 1120.000000 2.451977
 1121.000000 2.437008
 1122.000000 2.421754
 1123.000000 2.420763
 1124.000000 2.419238
 1125.000000 2.377543
 1126.000000 2.302500
 1127.000000 2.257470
 1128.000000 2.653685
 1129.000000 2.764926
 1130.000000 2.687410
 1131.000000 2.803823
 1132.000000 2.757664
 1133.000000 2.642464
 1134.000000 2.657865
 1135.000000 2.527966
 1136.000000 2.427335
 1137.000000 2.542709
 1138.000000 2.337082
 1139.000000 2.637733
 1140.000000 2.622901
 1141.000000 2.668001
 1142.000000 2.775181
 1143.000000 2.534970
 1144.000000 2.536462
 1145.000000 2.700969
 1146.000000 2.676242
 1147.000000 2.677826
 1148.000000 2.741222
 1149.000000 2.715668
 1150.000000 2.710659
 1151.000000 2.740145
 1152.000000 2.718892
 1153.000000 2.561061
 1154.000000 2.632290
 1155.000000 2.699922
 1156.000000 2.736602
 1157.000000 2.811915
 1158.000000 2.860383
 1159.000000 2.920006
 1160.000000 2.924548
 1161.000000 2.837184
 1162.000000 2.811773
 1163.000000 2.812254
 1164.000000 2.734316
 1165.000000 2.606545
 1166.000000 2.612157
 1167.000000 2.565925
 1168.000000 2.762458
 1169.000000 2.765786
 1170.000000 2.689168
 1171.000000 2.776518
 1172.000000 2.713620
 1173.000000 2.874912
 1174.000000 2.882982
 1175.000000 2.915463
 1176.000000 2.965826
 1177.000000 2.991660
 1178.000000 2.894251
 1179.000000 2.895474
 1180.000000 2.785927
 1181.000000 2.823781
 1182.000000 2.793745
 1183.000000 2.810104
 1184.000000 2.738397
 1185.000000 2.674842
 1186.000000 2.614480
 1187.000000 2.646881
 1188.000000 2.526239
 1189.000000 2.504860
 1190.000000 2.674125
 1191.000000 2.607902
 1192.000000 2.682226
 1193.000000 2.735551
 1194.000000 2.540310
 1195.000000 2.504419
 1196.000000 2.670413
 1197.000000 2.736071
 1198.000000 2.476141
 1199.000000 2.408191
 1200.000000 2.385089
 1201.000000 2.407675
 1202.000000 2.325036
 1203.000000 2.345179
 1204.000000 2.330831
 1205.000000 2.379820
 1206.000000 2.506198
 1207.000000 2.421748
 1208.000000 2.439769
 1209.000000 2.534146
 1210.000000 2.549396
 1211.000000 2.525984
 1212.000000 2.230505
 1213.000000 2.291189
 1214.000000 2.247354
 1215.000000 2.557338
 1216.000000 2.311599
 1217.000000 2.178376
 1218.000000 2.410862
 1219.000000 2.277220
 1220.000000 2.266634
 1221.000000 2.157062
 1222.000000 2.396865
 1223.000000 2.362397
 1224.000000 2.410766
 1225.000000 2.596153
 1226.000000 2.828708
 1227.000000 2.764304
 1228.000000 3.000267
 1229.000000 2.894526
 1230.000000 2.974892
 1231.000000 2.967481
 1232.000000 3.035105
 1233.000000 3.075383
 1234.000000 3.151038
 1235.000000 3.201820
 1236.000000 3.169740
 1237.000000 3.208399
 1238.000000 2.933475
 1239.000000 2.998232
 1240.000000 2.884691
 1241.000000 2.898123
 1242.000000 2.864433
 1243.000000 2.816390
 1244.000000 2.781002
 1245.000000 2.893588
 1246.000000 2.838290
 1247.000000 2.956066
 1248.000000 2.804952
 1249.000000 2.868663
 1250.000000 2.764721
 1251.000000 2.995229
 1252.000000 2.878889
 1253.000000 2.889439
 1254.000000 2.851701
 1255.000000 2.887044
 1256.000000 2.864069
 1257.000000 2.870260
 1258.000000 2.941036
 1259.000000 2.955291
 1260.000000 2.924536
 1261.000000 2.909742
 1262.000000 3.007227
 1263.000000 2.959412
 1264.000000 2.970946
 1265.000000 2.901343
 1266.000000 2.799031
 1267.000000 2.778770
 1268.000000 2.770445
 1269.000000 2.764918
 1270.000000 2.594561
 1271.000000 2.678318
 1272.000000 2.815538
 1273.000000 2.668720
 1274.000000 2.899488
 1275.000000 3.084292
 1276.000000 2.919123
 1277.000000 2.949563
 1278.000000 2.960458
 1279.000000 2.929429
 1280.000000 2.617867
 1281.000000 2.708776
 1282.000000 2.663978
 1283.000000 2.835401
 1284.000000 2.750108
 1285.000000 2.773887
 1286.000000 2.971740
 1287.000000 2.907224
 1288.000000 2.540976
 1289.000000 2.751329
 1290.000000 2.739980
 1291.000000 2.680712
 1292.000000 2.670789
 1293.000000 2.634738
 1294.000000 2.723533
 1295.000000 2.664740
 1296.000000 2.757146
 1297.000000 2.764096
 1298.000000 2.666173
 1299.000000 2.633868
 1300.000000 2.573488
 1301.000000 2.374420
 1302.000000 2.381055
 1303.000000 2.442209
 1304.000000 2.442483
 1305.000000 2.486736
 1306.000000 2.423561
 1307.000000 2.264673
 1308.000000 2.102238
 1309.000000 2.341190
 1310.000000 2.321921
 1311.000000 2.409143
 1312.000000 2.306068
 1313.000000 2.257674
 1314.000000 2.325143
 1315.000000 2.366738
 1316.000000 2.253257
 1317.000000 2.162269
 1318.000000 2.306554
 1319.000000 2.227945
 1320.000000 2.172451
 1321.000000 2.234077
 1322.000000 2.206651
 1323.000000 2.103551
 1324.000000 2.195295
 1325.000000 2.134112
 1326.000000 2.123158
 1327.000000 2.120320
 1328.000000 2.285199
 1329.000000 2.355432
 1330.000000 2.474352
 1331.000000 2.298230
 1332.000000 2.396601
 1333.000000 2.652454
 1334.000000 2.599463
 1335.000000 2.494306
 1336.000000 2.251450
 1337.000000 2.399343
 1338.000000 2.157152
 1339.000000 2.272389
 1340.000000 2.258965
 1341.000000 2.347792
 1342.000000 2.222517
 1343.000000 2.308846
 1344.000000 2.399206
 1345.000000 2.177589
 1346.000000 2.217806
 1347.000000 2.653823
 1348.000000 2.442212
 1349.000000 2.619750
 1350.000000 2.558907
 1351.000000 2.736382
 1352.000000 2.978162
 1353.000000 2.862473
 1354.000000 2.888762
 1355.000000 2.795705
 1356.000000 2.762688
 1357.000000 2.795894
 1358.000000 2.724575
 1359.000000 2.851143
 1360.000000 2.662391
 1361.000000 2.677429
 1362.000000 2.930881
 1363.000000 2.722062
 1364.000000 2.506379
 1365.000000 2.666386
 1366.000000 2.804723
 1367.000000 2.730188
 1368.000000 2.756772
 1369.000000 2.784122
 1370.000000 2.707169
 1371.000000 2.680412
 1372.000000 2.749651
 1373.000000 2.492842
 1374.000000 2.466911
 1375.000000 2.707993
 1376.000000 2.238597
 1377.000000 2.309902
 1378.000000 2.505306
 1379.000000 2.435017
 1380.000000 2.529516
 1381.000000 2.525803
 1382.000000 2.529452
 1383.000000 2.906869
 1384.000000 2.991823
 1385.000000 2.895668
 1386.000000 2.691588
 1387.000000 2.974200
 1388.000000 2.920213
 1389.000000 2.761172
 1390.000000 2.653141
 1391.000000 2.604516
 1392.000000 2.787247
 1393.000000 2.761824
 1394.000000 2.700546
 1395.000000 2.619443
 1396.000000 2.644247
 1397.000000 2.576383
 1398.000000 2.840616
 1399.000000 2.941158
 1400.000000 2.822536
 1401.000000 2.767076
 1402.000000 2.679587
 1403.000000 2.743928
 1404.000000 2.796797
 1405.000000 2.704289
 1406.000000 2.963231
 1407.000000 2.975554
 1408.000000 2.822360
 1409.000000 2.842310
 1410.000000 2.796912
 1411.000000 2.796725
 1412.000000 2.818310
 1413.000000 2.693282
 1414.000000 2.589800
 1415.000000 2.595989
 1416.000000 2.569025
 1417.000000 2.560577
 1418.000000 2.592498
 1419.000000 2.495646
 1420.000000 2.539368
 1421.000000 2.571640
 1422.000000 2.890535
 1423.000000 2.703036
 1424.000000 3.076045
 1425.000000 2.702602
 1426.000000 2.793683
 1427.000000 2.992066
 1428.000000 3.054297
 1429.000000 2.915334
 1430.000000 2.747267
 1431.000000 2.772300
 1432.000000 2.668027
 1433.000000 3.057852
 1434.000000 2.663803
 1435.000000 2.790302
 1436.000000 2.799408
 1437.000000 2.745687
 1438.000000 2.810433
 1439.000000 2.969195
 1440.000000 2.982654
 1441.000000 2.845200
 1442.000000 2.970275
 1443.000000 2.849077
 1444.000000 2.975714
 1445.000000 3.000142
 1446.000000 3.115173
 1447.000000 3.066548
 1448.000000 3.087604
 1449.000000 3.149484
 1450.000000 3.107949
 1451.000000 3.040483
 1452.000000 2.911307
 1453.000000 2.922727
 1454.000000 3.036845
 1455.000000 3.137782
 1456.000000 2.786375
 1457.000000 2.868402
 1458.000000 2.836528
 1459.000000 3.066375
 1460.000000 2.842616
 1461.000000 2.815237
 1462.000000 2.807339
 1463.000000 2.855647
 1464.000000 2.671204
 1465.000000 2.777085
 1466.000000 2.612457
 1467.000000 2.774696
 1468.000000 2.785464
 1469.000000 2.568771
 1470.000000 2.390907
 1471.000000 2.200187
 1472.000000 2.021716
 1473.000000 1.997632
 1474.000000 1.985415
 1475.000000 1.993108
 1476.000000 1.958532
 1477.000000 1.977863
 1478.000000 1.942043
 1479.000000 1.936211
 1480.000000 1.964281
 1481.000000 1.900338
 1482.000000 2.013785
 1483.000000 2.006915
 1484.000000 1.973057
 1485.000000 2.007433
 1486.000000 1.933960
 1487.000000 1.940636
 1488.000000 1.880278
 1489.000000 1.968969
 1490.000000 1.893914
 1491.000000 1.941348
 1492.000000 2.012912
 1493.000000 1.969039
 1494.000000 1.885252
 1495.000000 2.020494
 1496.000000 2.137939
 1497.000000 2.113941
 1498.000000 2.168767
 1499.000000 2.036181
 1500.000000 2.099642
 1501.000000 2.068831
 1502.000000 2.038186
 1503.000000 2.132593
 1504.000000 2.158500
 1505.000000 2.160847
 1506.000000 1.936815
 1507.000000 1.870944
 1508.000000 2.057314
 1509.000000 2.154260
 1510.000000 2.165865
 1511.000000 1.971168
 1512.000000 1.876056
 1513.000000 2.048506
 1514.000000 1.917158
 1515.000000 1.855726
 1516.000000 1.874554
 1517.000000 1.980292
 1518.000000 1.912337
 1519.000000 2.155637
 1520.000000 2.179940
 1521.000000 2.046261
 1522.000000 2.618887
 1523.000000 2.737840
 1524.000000 2.800097
 1525.000000 2.625106
 1526.000000 2.839772
 1527.000000 2.717499
 1528.000000 2.700367
 1529.000000 2.580001
 1530.000000 2.844453
 1531.000000 2.778953
 1532.000000 2.662150
 1533.000000 2.776616
 1534.000000 2.864264
 1535.000000 2.782772
 1536.000000 2.754794
 1537.000000 2.412874
 1538.000000 2.659018
 1539.000000 2.499958
 1540.000000 2.431516
 1541.000000 2.531706
 1542.000000 2.611500
 1543.000000 2.907618
 1544.000000 2.836463
 1545.000000 2.954932
 1546.000000 3.059867
 1547.000000 2.983419
 1548.000000 2.939525
 1549.000000 3.057980
 1550.000000 2.953282
 1551.000000 3.167418
 1552.000000 3.038402
 1553.000000 3.168056
 1554.000000 3.138048
 1555.000000 3.181672
 1556.000000 3.040408
 1557.000000 2.955997
 1558.000000 3.027369
 1559.000000 3.073270
 1560.000000 3.121258
 1561.000000 3.126094
 1562.000000 3.197927
 1563.000000 2.834733
 1564.000000 2.857452
 1565.000000 2.702922
 1566.000000 2.932840
 1567.000000 2.710873
 1568.000000 2.761357
 1569.000000 2.916068
 1570.000000 2.966549
 1571.000000 2.844038
 1572.000000 2.937249
 1573.000000 3.005012
 1574.000000 3.083651
 1575.000000 2.932029
 1576.000000 2.907609
 1577.000000 2.659295
 1578.000000 2.498086
 1579.000000 2.840657
 1580.000000 3.101980
 1581.000000 2.867732
 1582.000000 2.898492
 1583.000000 2.790506
 1584.000000 2.971463
 1585.000000 2.778870
 1586.000000 2.881282
 1587.000000 2.866952
 1588.000000 2.730985
 1589.000000 2.571880
 1590.000000 2.574775
 1591.000000 2.713787
 1592.000000 2.830148
 1593.000000 2.895539
 1594.000000 2.800128
 1595.000000 2.859190
 1596.000000 2.770363
 1597.000000 2.890545
 1598.000000 2.869143
 1599.000000 2.833669
 1600.000000 3.042489
 1601.000000 3.117541
 1602.000000 2.734768
 1603.000000 2.679650
 1604.000000 2.663561
 1605.000000 2.745062
 1606.000000 2.889399
 1607.000000 3.012951
 1608.000000 3.101551
 1609.000000 3.135425
 1610.000000 3.013776
 1611.000000 3.089724
 1612.000000 2.883099
 1613.000000 2.629634
 1614.000000 2.630049
 1615.000000 2.478227
 1616.000000 2.451952
 1617.000000 2.813112
 1618.000000 2.647786
 1619.000000 2.514474
 1620.000000 2.431431
 1621.000000 2.633647
 1622.000000 2.574511
 1623.000000 2.671060
 1624.000000 2.673485
 1625.000000 2.352130
 1626.000000 2.532305
 1627.000000 2.665854
 1628.000000 2.702230
 1629.000000 2.705381
 1630.000000 2.708235
 1631.000000 2.450392
 1632.000000 2.542323
 1633.000000 2.616546
 1634.000000 2.356102
 1635.000000 2.151780
 1636.000000 2.130813
 1637.000000 1.982909
 1638.000000 2.157426
 1639.000000 2.278214
 1640.000000 2.056450
 1641.000000 1.771571
 1642.000000 2.106738
 1643.000000 2.051475
 1644.000000 2.097595
 1645.000000 2.122722
 1646.000000 2.155405
 1647.000000 2.519873
 1648.000000 2.595466
 1649.000000 2.585601
 1650.000000 2.850248
 1651.000000 2.689512
 1652.000000 2.734374
 1653.000000 2.673104
 1654.000000 2.919161
 1655.000000 2.727817
 1656.000000 2.519587
 1657.000000 2.663046
 1658.000000 1.896515
 1659.000000 2.344801
 1660.000000 2.519784
 1661.000000 2.481117
 1662.000000 2.230167
 1663.000000 1.968360
 1664.000000 1.936031
 1665.000000 1.694051
 1666.000000 1.171371
 1667.000000 0.929073
 1668.000000 0.967337
 1669.000000 1.341900
 1670.000000 0.761084
 1671.000000 0.575120
 1672.000000 0.609334
 1673.000000 0.514433
 1674.000000 0.361693
 1675.000000 0.637245
 1676.000000 0.527191
 1677.000000 0.339225
 1678.000000 1.691894
 1679.000000 2.245575
 1680.000000 2.412227
 1681.000000 3.234051
 1682.000000 3.687863
 1683.000000 3.521921
 1684.000000 3.065640
 1685.000000 2.127994
 1686.000000 2.215635
 1687.000000 2.530347
 1688.000000 2.298696
 1689.000000 2.369700
 1690.000000 4.085066
 1691.000000 3.474006
 1692.000000 3.103560
 1693.000000 4.095363
 1694.000000 3.827912
 1695.000000 3.371638
 1696.000000 3.162023
 1697.000000 2.880559
 1698.000000 2.391460
 1699.000000 0.321125
 1700.000000 1.191067
 1701.000000 1.307271
 1702.000000 2.821538
 1703.000000 3.301716
 1704.000000 4.807367
 1705.000000 4.761696
 1706.000000 2.927531
 1707.000000 2.219721
 1708.000000 1.927353
 1709.000000 3.977600
 1710.000000 3.244477
 1711.000000 3.272056
 1712.000000 3.274407
 1713.000000 2.562161
 1714.000000 2.639405
 1715.000000 3.708430
 1716.000000 4.041851
 1717.000000 4.017664
 1718.000000 3.635952
 1719.000000 4.058185
 1720.000000 4.396859
 1721.000000 4.555214
 1722.000000 4.082702
 1723.000000 3.338396
 1724.000000 2.998587
 1725.000000 1.361264
 1726.000000 1.613835
 1727.000000 0.970413
 1728.000000 0.867272
 1729.000000 1.060016
 1730.000000 0.497821
 1731.000000 0.688768
 1732.000000 0.742469
 1733.000000 0.717754
 1734.000000 0.745159
 1735.000000 0.669844
 1736.000000 1.411880
 1737.000000 1.628293
 1738.000000 1.895862
 1739.000000 2.326020
 1740.000000 1.985757
 1741.000000 1.385970
 1742.000000 3.144653
 1743.000000 2.254460
 1744.000000 3.024244
 1745.000000 2.258679
 1746.000000 1.915715
 1747.000000 1.999733
 1748.000000 3.267324
 1749.000000 2.539514
 1750.000000 1.788760
 1751.000000 2.731647
 1752.000000 3.241634
 1753.000000 3.079422
 1754.000000 2.979786
 1755.000000 3.463216
 1756.000000 2.542297
 1757.000000 1.266487
 1758.000000 1.180972
 1759.000000 0.987915
 1760.000000 0.644391
 1761.000000 0.879104
 1762.000000 1.330853
 1763.000000 0.804065
 1764.000000 1.365690
 1765.000000 1.705841
 1766.000000 2.134004
 1767.000000 2.097490
 1768.000000 2.065775
 1769.000000 1.704314
 1770.000000 3.538812
 1771.000000 4.551736
 1772.000000 4.697187
 1773.000000 4.307648
 1774.000000 3.827164
 1775.000000 3.274777
 1776.000000 3.332949
 1777.000000 2.683880
 1778.000000 4.258930
 1779.000000 2.643131
 1780.000000 2.388518
 1781.000000 3.326469
 1782.000000 3.346741
 1783.000000 3.681540
 1784.000000 3.801214
 1785.000000 3.433563
 1786.000000 3.175777
 1787.000000 2.750068
 1788.000000 3.267169
 1789.000000 4.282362
 1790.000000 3.872813
 1791.000000 4.073716
 1792.000000 3.763491
 1793.000000 4.231137
 1794.000000 3.970765
 1795.000000 4.001715
 1796.000000 4.038424
 1797.000000 3.938953
 1798.000000 3.598302
 1799.000000 3.174352
 1800.000000 3.302940
 1801.000000 2.971314
 1802.000000 3.726495
 1803.000000 3.476635
 1804.000000 2.433702
 1805.000000 2.558194
 1806.000000 2.791643
 1807.000000 2.615417
 1808.000000 2.692062
 1809.000000 2.826366
 1810.000000 2.807634
 1811.000000 2.645939
 1812.000000 2.717697
 1813.000000 2.616140
 1814.000000 2.663748
 1815.000000 2.440318
 1816.000000 2.384629
 1817.000000 2.396329
 1818.000000 2.214271
 1819.000000 2.330355
 1820.000000 2.336034
 1821.000000 2.512362
 1822.000000 2.449872
 1823.000000 2.508490
 1824.000000 2.513806
 1825.000000 2.467221
 1826.000000 2.413782
 1827.000000 2.281009
 1828.000000 2.325687
 1829.000000 2.208331
 1830.000000 1.751570
 1831.000000 2.131363
 1832.000000 3.774476
 1833.000000 3.514426
 1834.000000 3.079754
 1835.000000 2.967990
 1836.000000 1.990420
 1837.000000 2.989812
 1838.000000 2.960703
 1839.000000 3.755318
 1840.000000 3.921068
 1841.000000 3.784125
 1842.000000 3.865825
 1843.000000 3.850620
 1844.000000 3.896679
 1845.000000 3.854593
 1846.000000 3.905173
 1847.000000 3.339965
 1848.000000 3.823421
 1849.000000 3.848003
 1850.000000 3.742265
 1851.000000 3.842302
 1852.000000 3.706376
 1853.000000 3.525162
 1854.000000 3.707952
 1855.000000 3.431196
 1856.000000 3.234147
 1857.000000 3.052381
 1858.000000 2.323874
 1859.000000 2.903027
 1860.000000 3.042065
 1861.000000 3.725938
 1862.000000 3.487855
 1863.000000 3.610198
 1864.000000 2.639133
 1865.000000 3.898077
 1866.000000 2.469096
 1867.000000 2.383180
 1868.000000 1.852489
 1869.000000 1.915083
 1870.000000 3.036014
 1871.000000 3.834444
 1872.000000 3.238885
 1873.000000 3.894345
 1874.000000 4.189186
 1875.000000 4.185910
 1876.000000 4.185898
 1877.000000 4.030621
 1878.000000 4.039900
 1879.000000 4.057855
 1880.000000 4.038686
 1881.000000 3.967782
 1882.000000 4.143515
 1883.000000 4.030353
 1884.000000 3.850223
 1885.000000 4.146207
 1886.000000 4.090446
 1887.000000 4.062065
 1888.000000 4.049009
 1889.000000 3.749781
 1890.000000 3.871639
 1891.000000 4.412679
 1892.000000 3.872776
 1893.000000 3.832497
 1894.000000 3.981075
 1895.000000 4.215596
 1896.000000 3.970368
 1897.000000 4.090583
 1898.000000 4.537311
 1899.000000 3.703010
 1900.000000 2.944140
 1901.000000 2.920229
 1902.000000 3.017986
 1903.000000 3.059149
 1904.000000 2.172920
 1905.000000 3.091952
 1906.000000 3.228193
 1907.000000 4.036622
 1908.000000 3.799066
 1909.000000 3.628774
 1910.000000 4.310473
 1911.000000 2.587017
 1912.000000 3.519793
 1913.000000 4.359787
 1914.000000 4.318238
 1915.000000 2.933581
 1916.000000 3.034963
 1917.000000 3.218324
 1918.000000 3.831398
 1919.000000 2.842403
 1920.000000 1.282534
 1921.000000 1.377317
 1922.000000 0.768145
 1923.000000 0.963882
 1924.000000 1.243220
 1925.000000 0.665992
 1926.000000 0.849751
 1927.000000 1.290955
 1928.000000 0.690130
 1929.000000 0.266279
 1930.000000 0.315351
 1931.000000 0.656727
 1932.000000 0.679102
 1933.000000 1.563590
 1934.000000 1.016052
 1935.000000 1.130992
 1936.000000 1.289415
 1937.000000 1.741048
 1938.000000 0.870026
 1939.000000 1.369353
 1940.000000 1.494143
 1941.000000 1.513333
 1942.000000 1.401159
 1943.000000 2.007132
 1944.000000 1.924523
 1945.000000 1.755749
 1946.000000 1.851856
 1947.000000 1.767146
 1948.000000 1.868991
 1949.000000 1.584005
 1950.000000 1.974382
 1951.000000 1.909730
 1952.000000 1.879654
 1953.000000 1.839178
 1954.000000 1.737848
 1955.000000 1.309162
 1956.000000 1.244054
 1957.000000 1.410639
 1958.000000 1.315029
 1959.000000 1.654508
 1960.000000 1.239380
 1961.000000 0.894897
 1962.000000 0.787448
 1963.000000 1.334679
 1964.000000 0.850191
 1965.000000 2.447917
 1966.000000 2.575263
 1967.000000 2.041881
 1968.000000 2.590125
 1969.000000 3.288357
 1970.000000 2.886180
 1971.000000 2.644363
 1972.000000 3.352272
 1973.000000 2.176805
 1974.000000 3.010238
 1975.000000 2.435006
 1976.000000 2.812917
 1977.000000 2.325117
 1978.000000 2.713680
 1979.000000 3.375830
 1980.000000 2.768567
 1981.000000 3.902229
 1982.000000 4.091253
 1983.000000 4.597244
 1984.000000 4.195602
 1985.000000 3.987733
 1986.000000 3.712825
 1987.000000 3.180579
 1988.000000 3.067605
 1989.000000 2.683725
 1990.000000 2.865991
 1991.000000 2.663953
 1992.000000 3.898516
 1993.000000 3.753429
 1994.000000 3.201474
 1995.000000 2.778300
 1996.000000 2.411575
 1997.000000 3.363446
 1998.000000 2.980864
 1999.000000 2.834588
 2000.000000 2.987369
 2001.000000 3.156426
 2002.000000 2.561581
 2003.000000 2.737095
 2004.000000 2.959384
 2005.000000 3.297372
 2006.000000 2.835879
 2007.000000 2.694354
 2008.000000 2.954573
 2009.000000 3.542571
 2010.000000 3.451371
 2011.000000 3.169075
 2012.000000 3.327112
 2013.000000 2.478672
 2014.000000 3.397266
 2015.000000 2.704093
 2016.000000 2.907227
 2017.000000 3.406060
 2018.000000 4.218192
 2019.000000 3.887134
 2020.000000 3.561745
 2021.000000 3.588001
 2022.000000 3.613718
 2023.000000 3.784377
 2024.000000 4.210109
