#! FIELDS time r9.min
 0.000000 2.114164
 1.000000 2.305507
 2.000000 2.213720
 3.000000 2.935149
 4.000000 1.981663
 5.000000 1.199329
 6.000000 1.168544
 7.000000 1.061461
 8.000000 1.260643
 9.000000 2.690459
 10.000000 1.860399
 11.000000 2.233296
 12.000000 3.509975
 13.000000 3.735339
 14.000000 3.091813
 15.000000 3.436644
 16.000000 3.506964
 17.000000 3.659840
 18.000000 3.584822
 19.000000 3.481594
 20.000000 3.291526
 21.000000 3.664938
 22.000000 3.818036
 23.000000 3.706724
 24.000000 3.666739
 25.000000 1.840431
 26.000000 2.840766
 27.000000 3.431559
 28.000000 3.221193
 29.000000 3.104710
 30.000000 2.422231
 31.000000 3.171131
 32.000000 4.075054
 33.000000 4.329625
 34.000000 2.350498
 35.000000 2.471183
 36.000000 4.105811
 37.000000 4.030945
 38.000000 4.716950
 39.000000 3.858078
 40.000000 3.810190
 41.000000 3.319004
 42.000000 3.523873
 43.000000 4.144143
 44.000000 3.277550
 45.000000 2.675382
 46.000000 2.962433
 47.000000 3.193033
 48.000000 3.351067
 49.000000 3.244127
 50.000000 2.885296
 51.000000 3.088721
 52.000000 2.745565
 53.000000 3.237424
 54.000000 2.909741
 55.000000 2.717339
 56.000000 2.834330
 57.000000 2.593708
 58.000000 2.858649
 59.000000 2.872299
 60.000000 2.677714
 61.000000 2.633439
 62.000000 2.379156
 63.000000 2.433367
 64.000000 2.486383
 65.000000 2.427271
 66.000000 3.395531
 67.000000 4.166591
 68.000000 3.876471
 69.000000 4.163997
 70.000000 4.155609
 71.000000 3.439237
 72.000000 4.133106
 73.000000 4.458976
 74.000000 4.206048
 75.000000 2.846168
 76.000000 3.973754
 77.000000 3.429861
 78.000000 2.908519
 79.000000 3.682881
 80.000000 3.685082
 81.000000 3.782324
 82.000000 3.595924
 83.000000 3.842728
 84.000000 2.865377
 85.000000 3.018724
 86.000000 3.150527
 87.000000 3.453749
 88.000000 3.596825
 89.000000 3.689967
 90.000000 4.010758
 91.000000 4.124802
 92.000000 4.072894
 93.000000 4.197086
 94.000000 4.245365
 95.000000 4.200963
 96.000000 3.796012
 97.000000 3.480544
 98.000000 3.000083
 99.000000 2.165076
 100.000000 3.104030
 101.000000 2.849289
 102.000000 3.902610
 103.000000 3.353062
 104.000000 3.515396
 105.000000 2.974271
 106.000000 3.920926
 107.000000 3.075480
 108.000000 2.239373
 109.000000 2.269053
 110.000000 2.340378
 111.000000 2.485088
 112.000000 2.757954
 113.000000 3.153012
 114.000000 3.397713
 115.000000 3.202410
 116.000000 3.245950
 117.000000 3.313063
 118.000000 3.208983
 119.000000 2.827838
 120.000000 3.039971
 121.000000 3.151851
 122.000000 3.248915
 123.000000 3.159083
 124.000000 3.307320
 125.000000 3.049343
 126.000000 2.933639
 127.000000 2.688179
 128.000000 2.664702
 129.000000 2.033667
 130.000000 1.956603
 131.000000 1.958037
 132.000000 2.035795
 133.000000 2.124758
 134.000000 2.025361
 135.000000 2.213795
 136.000000 2.628871
 137.000000 2.452023
 138.000000 2.070143
 139.000000 1.980567
 140.000000 1.854337
 141.000000 1.834888
 142.000000 2.951107
 143.000000 2.797076
 144.000000 2.189936
 145.000000 2.114280
 146.000000 3.663928
 147.000000 3.455266
 148.000000 3.246716
 149.000000 3.316481
 150.000000 3.492969
 151.000000 3.575677
 152.000000 2.730734
 153.000000 3.248692
 154.000000 3.341039
 155.000000 3.692108
 156.000000 3.934574
 157.000000 3.126990
 158.000000 3.554345
 159.000000 3.217238
 160.000000 3.362963
 161.000000 4.270905
 162.000000 3.738317
 163.000000 3.934325
 164.000000 3.693643
 165.000000 3.168691
 166.000000 2.660453
 167.000000 2.136647
 168.000000 4.173535
 169.000000 2.998358
 170.000000 2.943704
 171.000000 2.658956
 172.000000 2.974364
 173.000000 3.146897
 174.000000 3.050123
 175.000000 3.158745
 176.000000 3.026591
 177.000000 2.887139
 178.000000 3.026849
 179.000000 3.068457
 180.000000 2.988418
 181.000000 3.062921
 182.000000 2.981518
 183.000000 2.957569
 184.000000 2.971583
 185.000000 2.802928
 186.000000 2.722847
 187.000000 2.785846
 188.000000 2.910635
 189.000000 2.856616
 190.000000 3.036567
 191.000000 3.060590
 192.000000 3.253199
 193.000000 2.965709
 194.000000 3.083280
 195.000000 3.008934
 196.000000 3.032990
 197.000000 3.059206
 198.000000 2.864527
 199.000000 2.955924
 200.000000 2.989065
 201.000000 3.032585
 202.000000 3.013214
 203.000000 3.064780
 204.000000 4.046466
 205.000000 3.748784
 206.000000 3.390042
 207.000000 3.323443
 208.000000 3.458081
 209.000000 3.693040
 210.000000 3.877197
 211.000000 3.764215
 212.000000 3.268999
 213.000000 3.309527
 214.000000 3.585584
 215.000000 3.743756
 216.000000 3.803893
 217.000000 3.434460
 218.000000 3.592262
 219.000000 3.785358
 220.000000 3.669989
 221.000000 3.795076
 222.000000 3.739886
 223.000000 3.945318
 224.000000 4.028842
 225.000000 4.277619
 226.000000 3.998425
 227.000000 4.000606
 228.000000 4.030657
 229.000000 3.928607
 230.000000 3.821171
 231.000000 3.903330
 232.000000 3.818333
 233.000000 3.991973
 234.000000 4.046937
 235.000000 4.073457
 236.000000 4.123598
 237.000000 4.060647
 238.000000 3.825346
 239.000000 3.882295
 240.000000 4.062297
 241.000000 4.134037
 242.000000 4.353678
 243.000000 4.258421
 244.000000 3.611750
 245.000000 2.791133
 246.000000 1.996768
 247.000000 2.405609
 248.000000 3.167127
 249.000000 3.211276
 250.000000 3.261844
 251.000000 3.474095
 252.000000 3.847292
 253.000000 3.710806
 254.000000 3.619328
 255.000000 3.519123
 256.000000 3.035614
 257.000000 3.150492
 258.000000 2.847167
 259.000000 2.670388
 260.000000 1.958976
 261.000000 1.240775
 262.000000 3.130849
 263.000000 2.932047
 264.000000 4.044360
 265.000000 2.454146
 266.000000 2.888849
 267.000000 3.344363
 268.000000 2.504844
 269.000000 2.907544
 270.000000 3.489562
 271.000000 3.248586
 272.000000 2.227287
 273.000000 3.753820
 274.000000 3.705243
 275.000000 2.396237
 276.000000 2.787501
 277.000000 3.120770
 278.000000 2.808761
 279.000000 4.093098
 280.000000 2.198972
 281.000000 3.359067
 282.000000 3.073226
 283.000000 3.321584
 284.000000 1.293035
 285.000000 3.668002
 286.000000 2.989268
 287.000000 3.958780
 288.000000 3.710235
 289.000000 2.093542
 290.000000 3.093617
 291.000000 3.684724
 292.000000 3.744125
 293.000000 4.176644
 294.000000 3.869513
 295.000000 3.590835
 296.000000 2.947058
 297.000000 3.330865
 298.000000 2.867293
 299.000000 1.967392
 300.000000 2.287149
 301.000000 2.270275
 302.000000 2.691110
 303.000000 3.483063
 304.000000 3.792310
 305.000000 3.817068
 306.000000 3.901181
 307.000000 3.533128
 308.000000 2.651300
 309.000000 3.206830
 310.000000 2.184591
 311.000000 1.089007
 312.000000 2.548924
 313.000000 3.348279
 314.000000 3.453091
 315.000000 3.204991
 316.000000 3.789444
 317.000000 4.068447
 318.000000 3.555394
 319.000000 2.924486
 320.000000 3.629991
 321.000000 2.758514
 322.000000 2.549751
 323.000000 3.358308
 324.000000 3.358214
 325.000000 4.037599
 326.000000 4.162805
 327.000000 3.970424
 328.000000 3.066752
 329.000000 3.633488
 330.000000 2.428308
 331.000000 3.015577
 332.000000 2.480780
 333.000000 1.685068
 334.000000 1.991961
 335.000000 3.475866
 336.000000 3.297798
 337.000000 3.719289
 338.000000 3.300363
 339.000000 4.122733
 340.000000 3.760546
 341.000000 4.035985
 342.000000 3.747520
 343.000000 3.558889
 344.000000 3.244579
 345.000000 2.833593
 346.000000 2.651501
 347.000000 3.233154
 348.000000 3.236874
 349.000000 2.949547
 350.000000 3.023636
 351.000000 3.145150
 352.000000 3.273790
 353.000000 3.555862
 354.000000 3.632493
 355.000000 3.609139
 356.000000 3.693841
 357.000000 3.399201
 358.000000 2.972842
 359.000000 3.275819
 360.000000 3.604744
 361.000000 3.716165
 362.000000 3.736097
 363.000000 4.086747
 364.000000 4.252437
 365.000000 4.288225
 366.000000 4.150534
 367.000000 4.305098
 368.000000 4.178339
 369.000000 4.297092
 370.000000 4.158581
 371.000000 4.022421
 372.000000 4.028998
 373.000000 4.085817
 374.000000 3.686423
 375.000000 3.652139
 376.000000 3.636787
 377.000000 3.818231
 378.000000 3.869604
 379.000000 3.938627
 380.000000 3.823031
 381.000000 3.851487
 382.000000 4.015493
 383.000000 3.996535
 384.000000 4.095583
 385.000000 3.971367
 386.000000 3.754376
 387.000000 3.925042
 388.000000 3.926057
 389.000000 4.380510
 390.000000 4.311614
 391.000000 4.216273
 392.000000 4.270188
 393.000000 4.335524
 394.000000 4.377352
 395.000000 3.964862
 396.000000 3.985464
 397.000000 4.026356
 398.000000 4.009621
 399.000000 3.872539
 400.000000 3.915845
 401.000000 4.004297
 402.000000 4.019331
 403.000000 4.269520
 404.000000 4.227676
 405.000000 4.120789
 406.000000 3.993017
 407.000000 4.061423
 408.000000 4.161951
 409.000000 4.157529
 410.000000 4.126637
 411.000000 4.217692
 412.000000 4.148174
 413.000000 4.107304
 414.000000 3.955518
 415.000000 4.030628
 416.000000 3.962348
 417.000000 3.897943
 418.000000 3.936136
 419.000000 3.961423
 420.000000 4.351887
 421.000000 3.709136
 422.000000 4.415166
 423.000000 4.577582
 424.000000 4.619671
 425.000000 4.781355
 426.000000 4.976938
 427.000000 5.075895
 428.000000 5.140636
 429.000000 3.494466
 430.000000 4.937705
 431.000000 4.775202
 432.000000 4.855765
 433.000000 4.701926
 434.000000 4.809845
 435.000000 5.045218
 436.000000 4.958719
 437.000000 5.185545
 438.000000 5.104354
 439.000000 4.989498
 440.000000 5.076454
 441.000000 4.867381
 442.000000 4.789092
 443.000000 3.279532
 444.000000 2.946215
 445.000000 2.804107
 446.000000 4.256517
 447.000000 3.803968
 448.000000 2.946057
 449.000000 3.586989
 450.000000 4.021596
 451.000000 4.251558
 452.000000 3.797252
 453.000000 4.364156
 454.000000 3.913727
 455.000000 4.530199
 456.000000 4.060905
 457.000000 2.675862
 458.000000 2.860429
 459.000000 3.374100
 460.000000 3.591306
 461.000000 2.718991
 462.000000 2.085729
 463.000000 3.268336
 464.000000 2.262557
 465.000000 2.885223
 466.000000 4.234341
 467.000000 3.652109
 468.000000 4.220340
 469.000000 4.458059
 470.000000 4.478220
 471.000000 4.264508
 472.000000 4.072044
 473.000000 3.882518
 474.000000 3.005576
 475.000000 3.546697
 476.000000 3.653215
 477.000000 2.742126
 478.000000 1.075566
 479.000000 0.182563
 480.000000 0.262475
 481.000000 1.533175
 482.000000 1.694202
 483.000000 2.539384
 484.000000 2.897890
 485.000000 2.959645
 486.000000 3.799025
 487.000000 3.829080
 488.000000 3.065933
 489.000000 3.397731
 490.000000 3.613581
 491.000000 2.436691
 492.000000 2.432364
 493.000000 3.087206
 494.000000 3.335278
 495.000000 3.815952
 496.000000 3.862693
 497.000000 3.499833
 498.000000 3.776325
 499.000000 3.847626
 500.000000 3.976265
 501.000000 4.133870
 502.000000 3.301174
 503.000000 3.280456
 504.000000 3.966281
 505.000000 3.138218
 506.000000 3.189319
 507.000000 3.493459
 508.000000 2.646595
 509.000000 3.191752
 510.000000 3.741595
 511.000000 3.461990
 512.000000 2.854855
 513.000000 3.510928
 514.000000 3.535980
 515.000000 3.324801
 516.000000 4.265985
 517.000000 3.605020
 518.000000 3.636552
 519.000000 2.507472
 520.000000 2.992899
 521.000000 3.817452
 522.000000 4.060110
 523.000000 2.453106
 524.000000 2.418986
 525.000000 2.378562
 526.000000 0.445736
 527.000000 0.988302
 528.000000 2.475550
 529.000000 2.630132
 530.000000 2.970123
 531.000000 3.848047
 532.000000 3.719297
 533.000000 2.787956
 534.000000 1.415872
 535.000000 1.476351
 536.000000 1.956137
 537.000000 2.541000
 538.000000 3.149196
 539.000000 3.090182
 540.000000 3.197190
 541.000000 2.525984
 542.000000 3.021020
 543.000000 2.254472
 544.000000 2.267353
 545.000000 2.272033
 546.000000 3.194988
 547.000000 3.269462
 548.000000 3.461209
 549.000000 3.457537
 550.000000 3.088311
 551.000000 2.803896
 552.000000 3.208102
 553.000000 3.223054
 554.000000 3.794659
 555.000000 3.956638
 556.000000 3.520294
 557.000000 2.989146
 558.000000 3.233395
 559.000000 3.145535
 560.000000 3.028241
 561.000000 3.110625
 562.000000 3.350045
 563.000000 3.077188
 564.000000 2.860025
 565.000000 3.013281
 566.000000 3.178684
 567.000000 3.194124
 568.000000 3.359489
 569.000000 3.038240
 570.000000 2.631444
 571.000000 2.606208
 572.000000 2.324069
 573.000000 2.273735
 574.000000 2.601533
 575.000000 2.422645
 576.000000 2.146652
 577.000000 1.693025
 578.000000 2.268878
 579.000000 3.233976
 580.000000 2.421542
 581.000000 3.103017
 582.000000 3.063209
 583.000000 3.479645
 584.000000 3.402965
 585.000000 2.356161
 586.000000 2.974444
 587.000000 3.304102
 588.000000 2.333780
 589.000000 2.805750
 590.000000 3.176131
 591.000000 3.447038
 592.000000 4.565284
 593.000000 4.490306
 594.000000 4.073435
 595.000000 4.335957
 596.000000 4.558896
 597.000000 4.822133
 598.000000 4.711214
 599.000000 4.479451
 600.000000 4.509407
 601.000000 4.994028
 602.000000 4.938878
 603.000000 4.568233
 604.000000 4.637918
 605.000000 4.239836
 606.000000 4.602967
 607.000000 4.685579
 608.000000 4.643240
 609.000000 4.480242
 610.000000 4.525658
 611.000000 4.687203
 612.000000 4.624912
 613.000000 4.790472
 614.000000 4.751616
 615.000000 4.865294
 616.000000 4.912464
 617.000000 4.787362
 618.000000 4.057894
 619.000000 4.830866
 620.000000 4.686482
 621.000000 4.747362
 622.000000 4.916816
 623.000000 4.789238
 624.000000 3.770926
 625.000000 4.822053
 626.000000 4.825714
 627.000000 3.628133
 628.000000 4.788119
 629.000000 3.536570
 630.000000 3.810837
 631.000000 3.607887
 632.000000 3.600109
 633.000000 3.679010
 634.000000 4.859404
 635.000000 4.812088
 636.000000 4.928510
 637.000000 3.676047
 638.000000 3.605567
 639.000000 4.890386
 640.000000 4.619314
 641.000000 3.648187
 642.000000 4.825710
 643.000000 3.582749
 644.000000 3.400534
 645.000000 3.432984
 646.000000 4.964935
 647.000000 5.082668
 648.000000 3.437871
 649.000000 3.432083
 650.000000 3.316378
 651.000000 3.361158
 652.000000 3.448884
 653.000000 4.629991
 654.000000 4.814155
 655.000000 4.856185
 656.000000 4.952492
 657.000000 4.791382
 658.000000 4.576592
 659.000000 4.360100
 660.000000 4.089672
 661.000000 3.939056
 662.000000 4.032963
 663.000000 3.966093
 664.000000 3.923183
 665.000000 4.051898
 666.000000 3.729322
 667.000000 3.894700
 668.000000 3.914143
 669.000000 4.002602
 670.000000 4.002385
 671.000000 3.860700
 672.000000 3.931902
 673.000000 3.826278
 674.000000 3.839435
 675.000000 3.878743
 676.000000 3.797145
 677.000000 3.806938
 678.000000 3.855114
 679.000000 4.072192
 680.000000 3.944900
 681.000000 3.777759
 682.000000 3.615820
 683.000000 3.645739
 684.000000 3.681677
 685.000000 3.720780
 686.000000 3.915821
 687.000000 3.770784
 688.000000 3.866876
 689.000000 3.807229
 690.000000 3.882733
 691.000000 3.834959
 692.000000 3.571991
 693.000000 3.754284
 694.000000 4.040824
 695.000000 3.814872
 696.000000 3.597048
 697.000000 3.876716
 698.000000 4.246362
 699.000000 4.127819
 700.000000 4.036947
 701.000000 3.930646
 702.000000 3.772263
 703.000000 3.602081
 704.000000 3.234665
 705.000000 2.107585
 706.000000 2.462599
 707.000000 3.917551
 708.000000 3.839211
 709.000000 4.276287
 710.000000 4.499520
 711.000000 4.082635
 712.000000 3.475076
 713.000000 4.056992
 714.000000 3.562107
 715.000000 3.683655
 716.000000 3.966953
 717.000000 3.984280
 718.000000 3.410788
 719.000000 3.021017
 720.000000 3.159288
 721.000000 2.006768
 722.000000 3.516666
 723.000000 3.813866
 724.000000 1.826402
 725.000000 0.677404
 726.000000 3.069882
 727.000000 3.001546
 728.000000 4.012902
 729.000000 3.457828
 730.000000 3.768356
 731.000000 3.175107
 732.000000 2.037247
 733.000000 2.315396
 734.000000 4.799760
 735.000000 4.834147
 736.000000 3.950355
 737.000000 3.589085
 738.000000 3.606623
 739.000000 2.996672
 740.000000 3.612559
 741.000000 3.149962
 742.000000 3.855714
 743.000000 3.171963
 744.000000 3.900229
 745.000000 3.535095
 746.000000 3.474288
 747.000000 3.409315
 748.000000 3.851242
 749.000000 3.819787
 750.000000 3.619356
 751.000000 3.270721
 752.000000 3.499875
 753.000000 3.974600
 754.000000 3.595698
 755.000000 3.265454
 756.000000 3.439756
 757.000000 2.812048
 758.000000 1.697515
 759.000000 2.078153
 760.000000 1.882159
 761.000000 1.312081
 762.000000 0.514359
 763.000000 0.858888
 764.000000 2.097782
 765.000000 2.527170
 766.000000 2.466041
 767.000000 3.204031
 768.000000 3.839129
 769.000000 3.647369
 770.000000 4.150576
 771.000000 4.303919
 772.000000 4.428498
 773.000000 4.071702
 774.000000 3.856598
 775.000000 2.307170
 776.000000 2.430007
 777.000000 2.712219
 778.000000 2.018364
 779.000000 1.996561
 780.000000 2.913213
 781.000000 2.332128
 782.000000 2.570565
 783.000000 1.971257
 784.000000 2.287810
 785.000000 2.874242
 786.000000 3.555332
 787.000000 2.511742
 788.000000 3.689211
 789.000000 3.224542
 790.000000 3.909002
 791.000000 3.873260
 792.000000 3.949989
 793.000000 3.807200
 794.000000 4.387231
 795.000000 3.785217
 796.000000 3.437637
 797.000000 3.965615
 798.000000 4.004194
 799.000000 3.176961
 800.000000 3.025553
 801.000000 3.292625
 802.000000 2.500583
 803.000000 2.870194
 804.000000 2.863664
 805.000000 2.764035
 806.000000 2.675601
 807.000000 2.203428
 808.000000 2.374502
 809.000000 2.901029
 810.000000 2.708956
 811.000000 3.010586
 812.000000 2.933883
 813.000000 2.805825
 814.000000 3.334617
 815.000000 2.886000
 816.000000 3.602214
 817.000000 4.062794
 818.000000 3.938036
 819.000000 4.130191
 820.000000 3.926083
 821.000000 3.893209
 822.000000 3.552072
 823.000000 3.507458
 824.000000 3.211077
 825.000000 3.178217
 826.000000 3.003601
 827.000000 2.786845
 828.000000 2.280030
 829.000000 2.890948
 830.000000 3.022829
 831.000000 3.099026
 832.000000 2.654564
 833.000000 2.831269
 834.000000 2.749069
 835.000000 2.988242
 836.000000 3.172744
 837.000000 2.891496
 838.000000 3.372141
 839.000000 2.969072
 840.000000 2.948993
 841.000000 3.613463
 842.000000 3.213489
 843.000000 3.439125
 844.000000 4.109171
 845.000000 3.688302
 846.000000 3.592540
 847.000000 3.803385
 848.000000 3.482840
 849.000000 4.144815
 850.000000 4.293756
 851.000000 3.998534
 852.000000 3.442013
 853.000000 3.023943
 854.000000 3.053895
 855.000000 4.549175
 856.000000 4.175572
 857.000000 3.884470
 858.000000 3.957826
 859.000000 4.026354
 860.000000 3.469054
 861.000000 3.481143
 862.000000 3.290809
 863.000000 3.393222
 864.000000 3.853867
 865.000000 3.285490
 866.000000 2.929700
 867.000000 3.664076
 868.000000 3.070519
 869.000000 2.761035
 870.000000 3.283615
 871.000000 3.671219
 872.000000 3.760665
 873.000000 3.475002
 874.000000 3.162579
 875.000000 3.466853
 876.000000 3.090780
 877.000000 3.638681
 878.000000 3.111889
 879.000000 3.490509
 880.000000 2.815310
 881.000000 4.134158
 882.000000 3.038017
 883.000000 3.973543
 884.000000 3.525003
 885.000000 4.053133
 886.000000 3.793419
 887.000000 3.589456
 888.000000 3.221272
 889.000000 3.540099
 890.000000 3.437742
 891.000000 3.090412
 892.000000 3.454383
 893.000000 3.710510
 894.000000 3.724973
 895.000000 3.567884
 896.000000 2.995858
 897.000000 2.990876
 898.000000 3.146861
 899.000000 3.362334
 900.000000 2.872524
 901.000000 3.203356
 902.000000 3.481580
 903.000000 3.757426
 904.000000 4.180353
 905.000000 4.012467
 906.000000 3.129459
 907.000000 2.440599
 908.000000 2.087234
 909.000000 2.130990
 910.000000 2.128008
 911.000000 2.211072
 912.000000 2.154563
 913.000000 2.178344
 914.000000 2.081874
 915.000000 2.041795
 916.000000 2.187411
 917.000000 2.237434
 918.000000 2.061422
 919.000000 2.124875
 920.000000 2.280657
 921.000000 2.446192
 922.000000 2.349853
 923.000000 2.776310
 924.000000 2.910276
 925.000000 2.528770
 926.000000 2.634502
 927.000000 2.597437
 928.000000 2.547078
 929.000000 2.638518
 930.000000 2.748028
 931.000000 2.780128
 932.000000 2.582769
 933.000000 2.542465
 934.000000 2.830335
 935.000000 2.515730
 936.000000 2.458440
 937.000000 2.276945
 938.000000 2.575370
 939.000000 2.684313
 940.000000 2.642593
 941.000000 2.450164
 942.000000 2.440753
 943.000000 2.380450
 944.000000 2.294366
 945.000000 2.166936
 946.000000 2.255564
 947.000000 2.064872
 948.000000 2.033962
 949.000000 2.182452
 950.000000 2.197310
 951.000000 2.155519
 952.000000 2.377085
 953.000000 2.458258
 954.000000 2.636373
 955.000000 2.700630
 956.000000 2.534989
 957.000000 2.638912
 958.000000 2.599607
 959.000000 2.501258
 960.000000 2.498491
 961.000000 2.427820
 962.000000 2.637038
 963.000000 2.640907
 964.000000 2.199973
 965.000000 2.599633
 966.000000 2.592820
 967.000000 2.598864
 968.000000 2.501713
 969.000000 2.615565
 970.000000 2.596924
 971.000000 2.411819
 972.000000 2.441127
 973.000000 2.481899
 974.000000 2.389799
 975.000000 2.351907
 976.000000 2.516860
 977.000000 2.189603
 978.000000 3.021399
 979.000000 2.990451
 980.000000 2.543004
 981.000000 1.645866
 982.000000 3.575425
 983.000000 2.844482
 984.000000 2.524749
 985.000000 3.871847
 986.000000 3.304208
 987.000000 3.731912
 988.000000 3.441084
 989.000000 2.990975
 990.000000 2.757224
 991.000000 2.845153
 992.000000 4.150768
 993.000000 4.194059
 994.000000 3.891859
 995.000000 3.178137
 996.000000 3.630993
 997.000000 3.454270
 998.000000 1.917403
 999.000000 2.532363
 1000.000000 2.624289
 1001.000000 1.779215
 1002.000000 1.216826
 1003.000000 1.535409
 1004.000000 1.870254
 1005.000000 1.913861
 1006.000000 1.756121
 1007.000000 1.787263
 1008.000000 1.451899
 1009.000000 1.686298
 1010.000000 1.293951
 1011.000000 1.380044
 1012.000000 2.187002
 1013.000000 2.348495
 1014.000000 2.274319
 1015.000000 2.560444
 1016.000000 2.700464
 1017.000000 2.709524
 1018.000000 2.510963
 1019.000000 2.557672
 1020.000000 2.385839
 1021.000000 2.379079
 1022.000000 2.294417
 1023.000000 2.205623
 1024.000000 2.091455
 1025.000000 2.043741
 1026.000000 2.049973
 1027.000000 2.138569
 1028.000000 1.995147
 1029.000000 2.030953
 1030.000000 1.865036
 1031.000000 2.122025
 1032.000000 1.873975
 1033.000000 1.975958
 1034.000000 1.815260
 1035.000000 1.838178
 1036.000000 1.911100
 1037.000000 1.820538
 1038.000000 1.668375
 1039.000000 1.418892
 1040.000000 1.825482
 1041.000000 2.828900
 1042.000000 2.665571
 1043.000000 3.471922
 1044.000000 3.150065
 1045.000000 3.453367
 1046.000000 3.777072
 1047.000000 4.180452
 1048.000000 4.305455
 1049.000000 4.039102
 1050.000000 4.212836
 1051.000000 4.096573
 1052.000000 3.653656
 1053.000000 3.134548
 1054.000000 3.458960
 1055.000000 4.049001
 1056.000000 3.484846
 1057.000000 3.701989
 1058.000000 3.413561
 1059.000000 3.293088
 1060.000000 3.886663
 1061.000000 4.111174
 1062.000000 4.109800
 1063.000000 4.141265
 1064.000000 4.389570
 1065.000000 4.213344
 1066.000000 4.270278
 1067.000000 3.837417
 1068.000000 4.092270
 1069.000000 4.207663
 1070.000000 4.109142
 1071.000000 4.223719
 1072.000000 3.522892
 1073.000000 3.625971
 1074.000000 2.742662
 1075.000000 2.851075
 1076.000000 1.900137
 1077.000000 2.141531
 1078.000000 3.041751
 1079.000000 3.544942
 1080.000000 3.354505
 1081.000000 1.506595
 1082.000000 1.511676
 1083.000000 2.896946
 1084.000000 3.242857
 1085.000000 2.427608
 1086.000000 3.768627
 1087.000000 3.708999
 1088.000000 2.780612
 1089.000000 4.591716
 1090.000000 4.439096
 1091.000000 3.751529
 1092.000000 3.571403
 1093.000000 3.964823
 1094.000000 3.607118
 1095.000000 3.326546
 1096.000000 3.182334
 1097.000000 3.767983
 1098.000000 3.390298
 1099.000000 3.221847
 1100.000000 3.176660
 1101.000000 2.878784
 1102.000000 2.072018
 1103.000000 1.543100
 1104.000000 1.750499
 1105.000000 2.791915
 1106.000000 2.565586
 1107.000000 2.252440
 1108.000000 1.948346
 1109.000000 1.837812
 1110.000000 2.202817
 1111.000000 2.050673
 1112.000000 1.798525
 1113.000000 1.765449
 1114.000000 1.575817
 1115.000000 1.700534
 1116.000000 1.373364
 1117.000000 1.347496
 1118.000000 1.383880
 1119.000000 1.737363
 1120.000000 1.649535
 1121.000000 1.598430
 1122.000000 1.706939
 1123.000000 1.625516
 1124.000000 1.598508
 1125.000000 1.624725
 1126.000000 1.712846
 1127.000000 1.628145
 1128.000000 1.884845
 1129.000000 2.008547
 1130.000000 2.048981
 1131.000000 2.177685
 1132.000000 2.135976
 1133.000000 2.080158
 1134.000000 1.962920
 1135.000000 1.908551
 1136.000000 1.895273
 1137.000000 1.953855
 1138.000000 1.742863
 1139.000000 2.018932
 1140.000000 2.052007
 1141.000000 1.902941
 1142.000000 1.950781
 1143.000000 1.923437
 1144.000000 2.032741
 1145.000000 1.932074
 1146.000000 1.936910
 1147.000000 1.920788
 1148.000000 1.947545
 1149.000000 1.910004
 1150.000000 1.918529
 1151.000000 2.144393
 1152.000000 2.198255
 1153.000000 2.019039
 1154.000000 1.969752
 1155.000000 2.071527
 1156.000000 2.130351
 1157.000000 2.021133
 1158.000000 2.055654
 1159.000000 2.056766
 1160.000000 2.040702
 1161.000000 1.945515
 1162.000000 2.101743
 1163.000000 2.104484
 1164.000000 2.085898
 1165.000000 2.223073
 1166.000000 2.174429
 1167.000000 2.127114
 1168.000000 2.129182
 1169.000000 2.158856
 1170.000000 2.359412
 1171.000000 2.302292
 1172.000000 2.210892
 1173.000000 2.201422
 1174.000000 2.286249
 1175.000000 2.031031
 1176.000000 2.086497
 1177.000000 2.129285
 1178.000000 2.029370
 1179.000000 1.985208
 1180.000000 1.925075
 1181.000000 1.990251
 1182.000000 2.010567
 1183.000000 2.075365
 1184.000000 1.982880
 1185.000000 1.969781
 1186.000000 1.846865
 1187.000000 1.904565
 1188.000000 1.790472
 1189.000000 1.779432
 1190.000000 1.925893
 1191.000000 1.881623
 1192.000000 1.832447
 1193.000000 1.944254
 1194.000000 1.964481
 1195.000000 1.884034
 1196.000000 2.039886
 1197.000000 2.055423
 1198.000000 2.113453
 1199.000000 2.081012
 1200.000000 2.074800
 1201.000000 2.222530
 1202.000000 2.081497
 1203.000000 2.151612
 1204.000000 2.143421
 1205.000000 2.115453
 1206.000000 2.126564
 1207.000000 2.037149
 1208.000000 2.121244
 1209.000000 2.186435
 1210.000000 2.273190
 1211.000000 2.266925
 1212.000000 2.146606
 1213.000000 2.253302
 1214.000000 2.125358
 1215.000000 2.203299
 1216.000000 2.285466
 1217.000000 2.288687
 1218.000000 2.318603
 1219.000000 2.263030
 1220.000000 2.210287
 1221.000000 2.189665
 1222.000000 2.287174
 1223.000000 2.241874
 1224.000000 2.455917
 1225.000000 2.463733
 1226.000000 2.570095
 1227.000000 2.577095
 1228.000000 2.838033
 1229.000000 2.633773
 1230.000000 2.725962
 1231.000000 2.569607
 1232.000000 2.667582
 1233.000000 2.704844
 1234.000000 2.787373
 1235.000000 2.876074
 1236.000000 2.809202
 1237.000000 2.988499
 1238.000000 2.807917
 1239.000000 2.664910
 1240.000000 2.493289
 1241.000000 2.556754
 1242.000000 2.427507
 1243.000000 2.289249
 1244.000000 2.226232
 1245.000000 2.482008
 1246.000000 2.353777
 1247.000000 2.453090
 1248.000000 2.293929
 1249.000000 2.362527
 1250.000000 2.267357
 1251.000000 2.428918
 1252.000000 2.380714
 1253.000000 2.384472
 1254.000000 2.240703
 1255.000000 2.382347
 1256.000000 2.421480
 1257.000000 2.447771
 1258.000000 2.508479
 1259.000000 2.597840
 1260.000000 2.507894
 1261.000000 2.521575
 1262.000000 2.619840
 1263.000000 2.623623
 1264.000000 2.627516
 1265.000000 2.517117
 1266.000000 2.366217
 1267.000000 2.282990
 1268.000000 2.387867
 1269.000000 2.249474
 1270.000000 2.022486
 1271.000000 2.156247
 1272.000000 2.300740
 1273.000000 2.125164
 1274.000000 2.495721
 1275.000000 2.642231
 1276.000000 2.432603
 1277.000000 2.402527
 1278.000000 2.531646
 1279.000000 2.453560
 1280.000000 2.187445
 1281.000000 2.207286
 1282.000000 2.176672
 1283.000000 2.403516
 1284.000000 2.276415
 1285.000000 2.315436
 1286.000000 2.475987
 1287.000000 2.450266
 1288.000000 2.385611
 1289.000000 2.328965
 1290.000000 2.396226
 1291.000000 2.238232
 1292.000000 2.282536
 1293.000000 2.244337
 1294.000000 2.462843
 1295.000000 2.319335
 1296.000000 2.469003
 1297.000000 2.399284
 1298.000000 2.232499
 1299.000000 2.161935
 1300.000000 2.286736
 1301.000000 2.222504
 1302.000000 2.104581
 1303.000000 2.182517
 1304.000000 1.945602
 1305.000000 2.151474
 1306.000000 2.166199
 1307.000000 2.063298
 1308.000000 2.022605
 1309.000000 2.194242
 1310.000000 2.156176
 1311.000000 2.355692
 1312.000000 2.236167
 1313.000000 2.248875
 1314.000000 2.328401
 1315.000000 2.276649
 1316.000000 2.213494
 1317.000000 2.129846
 1318.000000 2.285279
 1319.000000 2.113151
 1320.000000 2.086740
 1321.000000 2.120902
 1322.000000 1.621086
 1323.000000 1.891701
 1324.000000 1.895945
 1325.000000 1.879002
 1326.000000 1.855846
 1327.000000 1.839552
 1328.000000 2.092916
 1329.000000 2.262688
 1330.000000 2.295518
 1331.000000 2.068710
 1332.000000 2.112677
 1333.000000 2.408433
 1334.000000 2.237300
 1335.000000 2.135056
 1336.000000 2.248921
 1337.000000 2.134413
 1338.000000 2.116922
 1339.000000 2.160879
 1340.000000 2.017803
 1341.000000 2.023154
 1342.000000 2.138282
 1343.000000 2.331777
 1344.000000 2.442622
 1345.000000 2.542603
 1346.000000 2.601227
 1347.000000 2.682506
 1348.000000 2.654311
 1349.000000 2.588788
 1350.000000 2.618909
 1351.000000 2.919795
 1352.000000 3.407420
 1353.000000 3.503766
 1354.000000 3.452564
 1355.000000 3.459748
 1356.000000 3.542123
 1357.000000 3.488538
 1358.000000 3.340342
 1359.000000 3.457574
 1360.000000 3.627042
 1361.000000 3.635497
 1362.000000 3.650712
 1363.000000 3.859423
 1364.000000 4.271224
 1365.000000 4.613951
 1366.000000 4.534123
 1367.000000 4.658370
 1368.000000 4.669180
 1369.000000 4.660360
 1370.000000 4.400265
 1371.000000 4.507001
 1372.000000 4.416727
 1373.000000 4.327947
 1374.000000 4.190534
 1375.000000 4.400519
 1376.000000 4.234241
 1377.000000 4.094577
 1378.000000 4.461489
 1379.000000 4.193044
 1380.000000 3.930785
 1381.000000 4.005676
 1382.000000 4.048246
 1383.000000 4.362049
 1384.000000 4.355440
 1385.000000 4.240424
 1386.000000 4.177586
 1387.000000 4.289353
 1388.000000 4.394984
 1389.000000 4.413728
 1390.000000 4.429842
 1391.000000 4.439118
 1392.000000 4.730357
 1393.000000 4.758517
 1394.000000 4.597879
 1395.000000 4.655325
 1396.000000 4.520379
 1397.000000 4.491396
 1398.000000 4.325757
 1399.000000 4.254770
 1400.000000 4.161530
 1401.000000 4.215528
 1402.000000 4.333212
 1403.000000 4.239328
 1404.000000 4.274341
 1405.000000 4.108374
 1406.000000 4.108723
 1407.000000 4.038830
 1408.000000 3.774787
 1409.000000 3.675606
 1410.000000 3.531930
 1411.000000 3.094669
 1412.000000 3.228885
 1413.000000 3.129532
 1414.000000 3.004252
 1415.000000 3.061946
 1416.000000 2.650472
 1417.000000 2.881508
 1418.000000 3.108199
 1419.000000 2.953926
 1420.000000 3.290280
 1421.000000 3.404776
 1422.000000 3.472300
 1423.000000 3.477742
 1424.000000 3.183304
 1425.000000 3.317244
 1426.000000 2.519768
 1427.000000 3.204088
 1428.000000 3.257330
 1429.000000 2.880648
 1430.000000 2.991008
 1431.000000 3.160203
 1432.000000 2.811086
 1433.000000 3.113049
 1434.000000 3.566397
 1435.000000 3.268544
 1436.000000 3.348052
 1437.000000 3.173435
 1438.000000 3.252686
 1439.000000 3.020742
 1440.000000 2.763584
 1441.000000 2.919262
 1442.000000 2.826711
 1443.000000 2.915439
 1444.000000 2.809310
 1445.000000 2.957062
 1446.000000 3.180210
 1447.000000 2.888361
 1448.000000 2.965993
 1449.000000 3.428708
 1450.000000 3.173406
 1451.000000 3.821056
 1452.000000 3.850725
 1453.000000 3.980954
 1454.000000 3.996674
 1455.000000 4.281714
 1456.000000 4.171524
 1457.000000 3.998214
 1458.000000 4.015107
 1459.000000 4.092605
 1460.000000 4.246325
 1461.000000 4.076514
 1462.000000 4.038742
 1463.000000 3.867821
 1464.000000 3.967821
 1465.000000 4.081954
 1466.000000 4.043732
 1467.000000 4.093171
 1468.000000 4.154279
 1469.000000 3.981847
 1470.000000 4.085788
 1471.000000 4.195626
 1472.000000 4.060414
 1473.000000 4.190653
 1474.000000 3.901850
 1475.000000 3.945159
 1476.000000 3.790680
 1477.000000 3.833111
 1478.000000 3.833245
 1479.000000 3.730351
 1480.000000 3.896177
 1481.000000 3.758057
 1482.000000 3.673355
 1483.000000 3.813484
 1484.000000 3.884076
 1485.000000 3.786530
 1486.000000 3.494372
 1487.000000 3.454956
 1488.000000 3.286171
 1489.000000 3.197935
 1490.000000 3.487854
 1491.000000 3.656341
 1492.000000 3.851553
 1493.000000 3.533562
 1494.000000 3.730844
 1495.000000 4.070633
 1496.000000 4.049448
 1497.000000 4.033978
 1498.000000 4.074830
 1499.000000 4.089405
 1500.000000 4.184787
 1501.000000 4.076533
 1502.000000 4.183534
 1503.000000 4.272015
 1504.000000 4.294177
 1505.000000 4.244405
 1506.000000 4.193156
 1507.000000 4.051318
 1508.000000 3.789113
 1509.000000 3.901087
 1510.000000 3.794700
 1511.000000 3.650682
 1512.000000 3.648014
 1513.000000 3.772551
 1514.000000 3.840924
 1515.000000 3.840254
 1516.000000 3.986894
 1517.000000 4.118469
 1518.000000 4.080545
 1519.000000 3.827882
 1520.000000 3.910662
 1521.000000 3.902897
 1522.000000 3.512836
 1523.000000 3.009664
 1524.000000 3.028184
 1525.000000 3.215941
 1526.000000 2.645283
 1527.000000 2.637500
 1528.000000 2.764327
 1529.000000 3.102739
 1530.000000 3.166787
 1531.000000 3.172150
 1532.000000 3.314996
 1533.000000 3.880606
 1534.000000 4.124045
 1535.000000 4.018799
 1536.000000 3.926527
 1537.000000 4.155450
 1538.000000 4.159954
 1539.000000 3.959916
 1540.000000 4.055787
 1541.000000 4.143939
 1542.000000 4.191654
 1543.000000 4.237823
 1544.000000 4.464860
 1545.000000 4.365225
 1546.000000 4.393133
 1547.000000 4.512725
 1548.000000 4.571560
 1549.000000 4.693391
 1550.000000 4.795648
 1551.000000 4.931992
 1552.000000 4.862360
 1553.000000 4.906676
 1554.000000 4.939718
 1555.000000 4.712643
 1556.000000 4.705785
 1557.000000 4.677539
 1558.000000 4.453650
 1559.000000 4.241415
 1560.000000 3.847505
 1561.000000 3.679775
 1562.000000 3.282919
 1563.000000 3.334719
 1564.000000 3.679039
 1565.000000 3.509906
 1566.000000 3.659643
 1567.000000 3.717884
 1568.000000 2.903754
 1569.000000 2.831369
 1570.000000 3.312488
 1571.000000 3.050907
 1572.000000 3.188593
 1573.000000 3.419693
 1574.000000 3.742990
 1575.000000 3.506315
 1576.000000 3.542642
 1577.000000 3.807345
 1578.000000 3.286713
 1579.000000 3.571350
 1580.000000 3.510102
 1581.000000 3.511316
 1582.000000 3.424810
 1583.000000 3.165060
 1584.000000 3.297056
 1585.000000 3.259756
 1586.000000 3.119262
 1587.000000 3.099570
 1588.000000 2.958249
 1589.000000 2.972806
 1590.000000 3.214838
 1591.000000 3.292400
 1592.000000 3.372733
 1593.000000 3.252047
 1594.000000 3.190681
 1595.000000 3.292305
 1596.000000 3.819049
 1597.000000 3.717983
 1598.000000 3.803470
 1599.000000 3.726028
 1600.000000 3.803804
 1601.000000 3.541915
 1602.000000 3.892766
 1603.000000 3.720777
 1604.000000 3.862892
 1605.000000 3.971394
 1606.000000 3.744893
 1607.000000 3.888314
 1608.000000 4.012300
 1609.000000 4.136193
 1610.000000 4.022834
 1611.000000 3.890699
 1612.000000 3.424948
 1613.000000 3.495420
 1614.000000 3.627961
 1615.000000 3.226665
 1616.000000 3.344629
 1617.000000 3.025614
 1618.000000 2.903494
 1619.000000 2.861395
 1620.000000 2.870232
 1621.000000 2.881061
 1622.000000 2.886672
 1623.000000 2.967652
 1624.000000 3.292370
 1625.000000 3.342734
 1626.000000 3.385121
 1627.000000 3.217198
 1628.000000 2.983385
 1629.000000 3.256497
 1630.000000 2.882935
 1631.000000 3.163486
 1632.000000 2.696073
 1633.000000 2.343290
 1634.000000 2.623548
 1635.000000 2.344546
 1636.000000 2.600096
 1637.000000 2.455570
 1638.000000 2.350375
 1639.000000 2.050144
 1640.000000 2.202236
 1641.000000 2.582700
 1642.000000 2.461540
 1643.000000 2.639351
 1644.000000 3.026955
 1645.000000 2.627625
 1646.000000 2.853904
 1647.000000 2.741871
 1648.000000 2.871327
 1649.000000 2.664958
 1650.000000 3.082215
 1651.000000 3.225023
 1652.000000 3.337122
 1653.000000 3.261161
 1654.000000 3.391288
 1655.000000 3.117511
 1656.000000 3.119056
 1657.000000 3.426228
 1658.000000 3.295574
 1659.000000 3.300357
 1660.000000 3.131283
 1661.000000 3.031952
 1662.000000 3.313294
 1663.000000 3.130693
 1664.000000 3.147885
 1665.000000 2.691576
 1666.000000 2.659869
 1667.000000 2.376171
 1668.000000 2.477689
 1669.000000 2.425131
 1670.000000 2.254872
 1671.000000 2.185402
 1672.000000 2.091944
 1673.000000 2.349546
 1674.000000 2.322757
 1675.000000 2.202668
 1676.000000 2.093704
 1677.000000 2.131143
 1678.000000 1.247589
 1679.000000 2.785935
 1680.000000 2.964980
 1681.000000 3.302866
 1682.000000 2.938799
 1683.000000 2.719682
 1684.000000 2.461770
 1685.000000 1.375865
 1686.000000 1.069372
 1687.000000 1.113717
 1688.000000 1.208695
 1689.000000 1.486580
 1690.000000 3.785558
 1691.000000 4.422986
 1692.000000 3.768695
 1693.000000 4.380631
 1694.000000 4.008254
 1695.000000 3.537415
 1696.000000 3.328516
 1697.000000 3.445373
 1698.000000 3.635538
 1699.000000 2.351630
 1700.000000 2.264396
 1701.000000 2.959842
 1702.000000 4.093731
 1703.000000 4.431608
 1704.000000 4.388519
 1705.000000 4.436321
 1706.000000 3.353785
 1707.000000 3.378247
 1708.000000 2.714339
 1709.000000 3.039931
 1710.000000 3.029373
 1711.000000 3.571854
 1712.000000 3.807510
 1713.000000 3.823953
 1714.000000 3.362868
 1715.000000 4.040077
 1716.000000 3.782312
 1717.000000 3.921483
 1718.000000 4.055873
 1719.000000 4.080011
 1720.000000 4.306377
 1721.000000 3.818115
 1722.000000 3.417771
 1723.000000 2.329594
 1724.000000 1.708981
 1725.000000 1.052806
 1726.000000 1.743656
 1727.000000 1.172033
 1728.000000 1.131689
 1729.000000 1.439795
 1730.000000 1.182101
 1731.000000 1.224959
 1732.000000 0.922915
 1733.000000 1.284521
 1734.000000 1.354867
 1735.000000 1.387928
 1736.000000 1.115491
 1737.000000 0.714788
 1738.000000 1.299192
 1739.000000 1.059487
 1740.000000 0.555932
 1741.000000 0.477902
 1742.000000 3.042049
 1743.000000 1.018430
 1744.000000 2.010977
 1745.000000 1.156299
 1746.000000 1.038088
 1747.000000 0.977767
 1748.000000 2.359493
 1749.000000 1.776340
 1750.000000 0.619401
 1751.000000 0.697388
 1752.000000 1.905237
 1753.000000 2.284619
 1754.000000 1.107212
 1755.000000 3.126565
 1756.000000 3.000995
 1757.000000 2.931137
 1758.000000 3.305142
 1759.000000 3.384983
 1760.000000 3.039236
 1761.000000 3.178688
 1762.000000 2.875222
 1763.000000 2.636821
 1764.000000 2.435608
 1765.000000 2.138251
 1766.000000 1.494925
 1767.000000 0.676076
 1768.000000 0.320450
 1769.000000 1.865643
 1770.000000 3.126513
 1771.000000 4.431604
 1772.000000 4.441826
 1773.000000 3.950910
 1774.000000 2.609733
 1775.000000 2.902395
 1776.000000 3.732507
 1777.000000 3.171692
 1778.000000 3.325556
 1779.000000 3.308046
 1780.000000 3.681455
 1781.000000 3.143065
 1782.000000 4.472496
 1783.000000 3.507626
 1784.000000 4.886704
 1785.000000 3.280452
 1786.000000 3.190546
 1787.000000 3.284514
 1788.000000 1.989248
 1789.000000 3.440268
 1790.000000 1.978974
 1791.000000 2.861331
 1792.000000 2.902207
 1793.000000 3.584526
 1794.000000 3.286170
 1795.000000 2.739651
 1796.000000 2.935774
 1797.000000 3.038425
 1798.000000 2.198284
 1799.000000 2.624168
 1800.000000 2.900645
 1801.000000 2.395609
 1802.000000 3.493220
 1803.000000 3.784108
 1804.000000 3.475205
 1805.000000 3.080354
 1806.000000 1.796398
 1807.000000 2.820785
 1808.000000 3.015202
 1809.000000 3.020291
 1810.000000 3.054725
 1811.000000 3.159787
 1812.000000 3.435523
 1813.000000 3.187019
 1814.000000 3.284707
 1815.000000 3.559994
 1816.000000 3.560574
 1817.000000 3.777794
 1818.000000 3.196560
 1819.000000 3.223888
 1820.000000 2.748023
 1821.000000 3.162451
 1822.000000 3.307207
 1823.000000 3.117437
 1824.000000 2.865497
 1825.000000 2.920377
 1826.000000 3.158054
 1827.000000 3.305025
 1828.000000 3.271888
 1829.000000 3.519468
 1830.000000 2.515180
 1831.000000 2.383015
 1832.000000 2.992785
 1833.000000 3.126346
 1834.000000 3.186365
 1835.000000 3.052998
 1836.000000 3.199006
 1837.000000 3.280110
 1838.000000 2.595198
 1839.000000 2.492277
 1840.000000 3.115584
 1841.000000 3.200826
 1842.000000 3.637573
 1843.000000 3.427232
 1844.000000 3.788667
 1845.000000 3.672742
 1846.000000 3.552735
 1847.000000 3.799050
 1848.000000 3.461916
 1849.000000 4.073385
 1850.000000 3.894423
 1851.000000 3.740009
 1852.000000 3.554534
 1853.000000 3.526210
 1854.000000 3.601914
 1855.000000 3.214978
 1856.000000 2.920705
 1857.000000 2.934209
 1858.000000 2.613507
 1859.000000 3.262050
 1860.000000 3.482799
 1861.000000 3.794327
 1862.000000 3.390699
 1863.000000 3.839500
 1864.000000 2.438100
 1865.000000 3.590887
 1866.000000 2.909573
 1867.000000 2.407972
 1868.000000 3.153364
 1869.000000 2.878462
 1870.000000 2.384030
 1871.000000 3.374000
 1872.000000 3.587586
 1873.000000 4.103187
 1874.000000 3.897376
 1875.000000 3.590963
 1876.000000 3.462671
 1877.000000 3.347075
 1878.000000 3.315639
 1879.000000 3.329352
 1880.000000 3.502276
 1881.000000 3.193088
 1882.000000 3.737672
 1883.000000 4.066321
 1884.000000 4.031904
 1885.000000 3.820676
 1886.000000 3.857272
 1887.000000 3.942952
 1888.000000 3.965179
 1889.000000 3.768838
 1890.000000 4.024052
 1891.000000 4.372907
 1892.000000 4.521484
 1893.000000 4.107317
 1894.000000 4.570401
 1895.000000 4.885861
 1896.000000 4.910287
 1897.000000 4.855289
 1898.000000 4.339564
 1899.000000 4.317307
 1900.000000 4.062114
 1901.000000 4.058554
 1902.000000 4.176230
 1903.000000 4.172691
 1904.000000 1.851741
 1905.000000 2.194982
 1906.000000 3.014755
 1907.000000 3.241932
 1908.000000 3.024731
 1909.000000 2.080588
 1910.000000 2.569861
 1911.000000 3.552758
 1912.000000 4.045301
 1913.000000 3.099602
 1914.000000 3.175918
 1915.000000 3.344107
 1916.000000 3.714281
 1917.000000 3.326904
 1918.000000 4.200468
 1919.000000 3.297421
 1920.000000 2.071688
 1921.000000 2.417484
 1922.000000 2.586322
 1923.000000 2.630728
 1924.000000 2.918084
 1925.000000 3.258744
 1926.000000 2.945780
 1927.000000 2.690445
 1928.000000 2.139240
 1929.000000 0.750072
 1930.000000 2.164747
 1931.000000 2.149473
 1932.000000 2.107633
 1933.000000 2.304317
 1934.000000 2.020103
 1935.000000 2.370184
 1936.000000 2.498257
 1937.000000 2.684666
 1938.000000 1.809600
 1939.000000 2.274333
 1940.000000 1.897080
 1941.000000 2.358727
 1942.000000 2.569927
 1943.000000 3.025090
 1944.000000 2.944123
 1945.000000 2.645263
 1946.000000 2.789574
 1947.000000 2.887075
 1948.000000 2.837774
 1949.000000 2.532395
 1950.000000 2.842617
 1951.000000 2.725565
 1952.000000 2.657124
 1953.000000 2.966893
 1954.000000 2.769773
 1955.000000 2.548247
 1956.000000 2.485711
 1957.000000 2.585149
 1958.000000 2.744303
 1959.000000 3.427535
 1960.000000 3.307994
 1961.000000 3.278360
 1962.000000 3.252358
 1963.000000 3.280649
 1964.000000 2.812674
 1965.000000 3.271064
 1966.000000 3.243563
 1967.000000 3.058980
 1968.000000 3.056295
 1969.000000 3.614994
 1970.000000 2.160977
 1971.000000 1.779152
 1972.000000 1.220531
 1973.000000 2.967526
 1974.000000 1.144827
 1975.000000 0.178146
 1976.000000 1.132353
 1977.000000 1.332364
 1978.000000 0.191139
 1979.000000 2.100990
 1980.000000 1.949892
 1981.000000 3.037289
 1982.000000 2.968783
 1983.000000 3.830828
 1984.000000 3.765366
 1985.000000 3.428381
 1986.000000 2.895002
 1987.000000 3.683331
 1988.000000 3.386879
 1989.000000 3.322934
 1990.000000 3.194588
 1991.000000 2.905679
 1992.000000 3.040289
 1993.000000 2.998070
 1994.000000 3.945616
 1995.000000 2.964151
 1996.000000 2.015084
 1997.000000 3.526183
 1998.000000 2.769255
 1999.000000 2.516229
 2000.000000 2.987624
 2001.000000 2.309595
 2002.000000 2.754289
 2003.000000 2.764631
 2004.000000 2.943507
 2005.000000 3.221957
 2006.000000 3.138903
 2007.000000 2.864500
 2008.000000 2.862374
 2009.000000 3.454631
 2010.000000 3.099652
 2011.000000 3.001251
 2012.000000 3.093951
 2013.000000 2.694051
 2014.000000 3.178770
 2015.000000 3.363965
 2016.000000 2.906471
 2017.000000 3.268937
 2018.000000 3.692796
 2019.000000 4.289124
 2020.000000 3.952829
 2021.000000 4.005970
 2022.000000 3.989032
 2023.000000 4.057484
 2024.000000 4.077107
