#! FIELDS time r31.min
 0.000000 2.527788
 1.000000 2.618745
 2.000000 2.544154
 3.000000 2.887755
 4.000000 2.454422
 5.000000 1.741510
 6.000000 1.645124
 7.000000 0.924875
 8.000000 1.398904
 9.000000 2.895268
 10.000000 1.677460
 11.000000 2.180802
 12.000000 3.595443
 13.000000 3.654762
 14.000000 3.068253
 15.000000 3.151767
 16.000000 3.225799
 17.000000 3.212026
 18.000000 3.004152
 19.000000 3.026514
 20.000000 2.664935
 21.000000 2.715317
 22.000000 2.891974
 23.000000 2.698086
 24.000000 3.813995
 25.000000 2.120595
 26.000000 1.640328
 27.000000 1.594120
 28.000000 1.183730
 29.000000 1.569138
 30.000000 2.133646
 31.000000 2.403392
 32.000000 3.370753
 33.000000 3.379812
 34.000000 2.017785
 35.000000 2.773650
 36.000000 3.081900
 37.000000 2.755004
 38.000000 3.864051
 39.000000 3.715028
 40.000000 3.758338
 41.000000 3.964478
 42.000000 4.445469
 43.000000 3.025624
 44.000000 0.951622
 45.000000 0.945037
 46.000000 0.788319
 47.000000 1.502862
 48.000000 1.579423
 49.000000 1.673814
 50.000000 0.916555
 51.000000 1.496329
 52.000000 1.376300
 53.000000 1.780494
 54.000000 1.760832
 55.000000 1.607063
 56.000000 1.641003
 57.000000 1.708739
 58.000000 1.500050
 59.000000 1.563122
 60.000000 1.701712
 61.000000 1.659293
 62.000000 1.556007
 63.000000 2.319390
 64.000000 2.332700
 65.000000 2.488735
 66.000000 3.064558
 67.000000 3.733123
 68.000000 3.169416
 69.000000 3.435080
 70.000000 3.631290
 71.000000 3.524453
 72.000000 3.837571
 73.000000 4.146284
 74.000000 3.929044
 75.000000 3.176143
 76.000000 4.035029
 77.000000 3.835114
 78.000000 3.306710
 79.000000 2.828773
 80.000000 2.828719
 81.000000 2.838546
 82.000000 2.563358
 83.000000 2.944301
 84.000000 3.627116
 85.000000 3.523307
 86.000000 3.559301
 87.000000 3.261323
 88.000000 3.704777
 89.000000 3.938759
 90.000000 4.012081
 91.000000 4.069361
 92.000000 3.892987
 93.000000 3.660513
 94.000000 3.732324
 95.000000 4.313355
 96.000000 4.024732
 97.000000 2.907569
 98.000000 2.352029
 99.000000 1.008828
 100.000000 2.736527
 101.000000 2.206283
 102.000000 3.207248
 103.000000 2.623174
 104.000000 3.632911
 105.000000 3.130564
 106.000000 3.950831
 107.000000 2.848578
 108.000000 1.787451
 109.000000 1.564270
 110.000000 1.705230
 111.000000 1.606310
 112.000000 1.998805
 113.000000 2.379360
 114.000000 2.588934
 115.000000 2.325881
 116.000000 2.371109
 117.000000 2.619686
 118.000000 2.429534
 119.000000 1.939391
 120.000000 2.263791
 121.000000 2.326317
 122.000000 2.408575
 123.000000 2.226911
 124.000000 2.504394
 125.000000 2.039348
 126.000000 2.225597
 127.000000 1.911745
 128.000000 1.962814
 129.000000 0.951015
 130.000000 0.586186
 131.000000 0.431573
 132.000000 0.673743
 133.000000 1.374375
 134.000000 0.783308
 135.000000 1.073050
 136.000000 1.695840
 137.000000 1.242425
 138.000000 0.948051
 139.000000 0.644218
 140.000000 0.863727
 141.000000 1.413714
 142.000000 2.597568
 143.000000 2.884955
 144.000000 2.448613
 145.000000 1.981713
 146.000000 3.468354
 147.000000 3.685252
 148.000000 3.153099
 149.000000 3.277829
 150.000000 3.361860
 151.000000 3.225568
 152.000000 2.311963
 153.000000 2.826862
 154.000000 2.743523
 155.000000 3.036703
 156.000000 3.665618
 157.000000 3.227467
 158.000000 3.346499
 159.000000 3.138250
 160.000000 3.507106
 161.000000 3.754111
 162.000000 3.974877
 163.000000 3.435214
 164.000000 3.232791
 165.000000 3.523695
 166.000000 3.122311
 167.000000 2.827103
 168.000000 3.604251
 169.000000 3.323861
 170.000000 3.330750
 171.000000 3.185847
 172.000000 3.414717
 173.000000 3.493532
 174.000000 3.456241
 175.000000 3.494421
 176.000000 3.438479
 177.000000 3.367626
 178.000000 3.320150
 179.000000 3.462510
 180.000000 3.434857
 181.000000 3.426224
 182.000000 3.404514
 183.000000 3.379760
 184.000000 3.381803
 185.000000 3.254434
 186.000000 3.177695
 187.000000 3.237720
 188.000000 3.271419
 189.000000 3.317243
 190.000000 3.418286
 191.000000 3.451664
 192.000000 3.595435
 193.000000 3.430629
 194.000000 3.507236
 195.000000 3.491100
 196.000000 3.454054
 197.000000 3.533177
 198.000000 3.429781
 199.000000 3.438801
 200.000000 3.414088
 201.000000 3.477086
 202.000000 3.423141
 203.000000 3.491041
 204.000000 3.378106
 205.000000 3.198351
 206.000000 2.820934
 207.000000 2.949934
 208.000000 3.028610
 209.000000 3.360298
 210.000000 3.507631
 211.000000 3.315177
 212.000000 2.936950
 213.000000 3.027870
 214.000000 3.335538
 215.000000 3.438083
 216.000000 3.557868
 217.000000 3.320686
 218.000000 3.560166
 219.000000 3.691060
 220.000000 3.510571
 221.000000 3.688987
 222.000000 3.687599
 223.000000 3.774027
 224.000000 3.862770
 225.000000 3.989476
 226.000000 3.828888
 227.000000 3.712961
 228.000000 3.726224
 229.000000 3.740672
 230.000000 3.721361
 231.000000 3.768375
 232.000000 3.671516
 233.000000 3.934417
 234.000000 3.937376
 235.000000 3.893983
 236.000000 3.868261
 237.000000 3.820316
 238.000000 3.448720
 239.000000 3.688018
 240.000000 3.814795
 241.000000 3.838981
 242.000000 3.697483
 243.000000 3.680358
 244.000000 4.222792
 245.000000 4.107271
 246.000000 4.088520
 247.000000 4.031247
 248.000000 4.122703
 249.000000 4.088148
 250.000000 4.159504
 251.000000 4.220180
 252.000000 4.271416
 253.000000 3.928534
 254.000000 3.947662
 255.000000 3.717792
 256.000000 3.840294
 257.000000 3.625738
 258.000000 3.667597
 259.000000 3.797864
 260.000000 3.915727
 261.000000 3.744962
 262.000000 4.477205
 263.000000 4.330757
 264.000000 2.952137
 265.000000 2.883566
 266.000000 2.079946
 267.000000 2.995584
 268.000000 4.212903
 269.000000 4.549966
 270.000000 4.693418
 271.000000 4.681801
 272.000000 4.173269
 273.000000 4.603048
 274.000000 4.370813
 275.000000 3.941807
 276.000000 3.645667
 277.000000 3.168454
 278.000000 2.772019
 279.000000 2.538079
 280.000000 3.638378
 281.000000 4.418316
 282.000000 2.884876
 283.000000 3.522760
 284.000000 2.678501
 285.000000 4.121563
 286.000000 4.074209
 287.000000 4.340988
 288.000000 3.977398
 289.000000 2.995253
 290.000000 3.668953
 291.000000 3.231231
 292.000000 2.841720
 293.000000 3.055577
 294.000000 2.688895
 295.000000 2.554709
 296.000000 3.132444
 297.000000 3.626919
 298.000000 3.366666
 299.000000 2.943001
 300.000000 2.602304
 301.000000 2.555378
 302.000000 2.377204
 303.000000 2.928072
 304.000000 3.410551
 305.000000 3.670314
 306.000000 3.861152
 307.000000 3.516663
 308.000000 3.065591
 309.000000 3.240872
 310.000000 2.116932
 311.000000 1.706221
 312.000000 3.342702
 313.000000 3.380063
 314.000000 3.720825
 315.000000 3.468915
 316.000000 4.102183
 317.000000 3.158721
 318.000000 4.149988
 319.000000 3.771285
 320.000000 4.135591
 321.000000 3.487933
 322.000000 3.326178
 323.000000 3.638528
 324.000000 3.400115
 325.000000 3.312266
 326.000000 3.921197
 327.000000 4.070395
 328.000000 3.228057
 329.000000 3.840818
 330.000000 2.977204
 331.000000 3.482096
 332.000000 3.170744
 333.000000 1.640156
 334.000000 1.276716
 335.000000 2.781102
 336.000000 4.012422
 337.000000 4.074800
 338.000000 3.849272
 339.000000 3.861710
 340.000000 3.571936
 341.000000 3.528156
 342.000000 3.509430
 343.000000 3.594155
 344.000000 3.462706
 345.000000 3.452547
 346.000000 3.453949
 347.000000 3.756592
 348.000000 3.539265
 349.000000 3.634366
 350.000000 3.630450
 351.000000 3.363174
 352.000000 3.511173
 353.000000 3.640404
 354.000000 3.590193
 355.000000 3.365214
 356.000000 3.547023
 357.000000 3.330966
 358.000000 3.004566
 359.000000 2.990724
 360.000000 3.296893
 361.000000 3.370146
 362.000000 3.419776
 363.000000 3.485437
 364.000000 3.724626
 365.000000 3.774223
 366.000000 3.499475
 367.000000 3.594769
 368.000000 3.555657
 369.000000 3.540101
 370.000000 3.390616
 371.000000 3.443461
 372.000000 3.386527
 373.000000 3.514147
 374.000000 3.268070
 375.000000 3.426973
 376.000000 3.562176
 377.000000 3.638030
 378.000000 3.510297
 379.000000 3.442987
 380.000000 3.553801
 381.000000 3.512181
 382.000000 3.500836
 383.000000 3.444198
 384.000000 3.396048
 385.000000 3.547876
 386.000000 3.533866
 387.000000 3.404876
 388.000000 3.553473
 389.000000 3.541667
 390.000000 3.549790
 391.000000 3.670656
 392.000000 3.536791
 393.000000 3.657997
 394.000000 3.739491
 395.000000 3.632650
 396.000000 3.750495
 397.000000 3.604046
 398.000000 3.738249
 399.000000 3.545893
 400.000000 3.533424
 401.000000 3.570599
 402.000000 3.333158
 403.000000 3.604051
 404.000000 3.610738
 405.000000 3.542948
 406.000000 3.507147
 407.000000 3.498929
 408.000000 3.624710
 409.000000 3.501531
 410.000000 3.399794
 411.000000 3.623864
 412.000000 3.553618
 413.000000 3.476728
 414.000000 3.544727
 415.000000 3.437151
 416.000000 3.487388
 417.000000 3.578562
 418.000000 3.617780
 419.000000 3.630366
 420.000000 3.507052
 421.000000 4.266247
 422.000000 3.489864
 423.000000 3.601957
 424.000000 3.658958
 425.000000 3.563727
 426.000000 3.565597
 427.000000 3.561921
 428.000000 3.570504
 429.000000 3.610782
 430.000000 3.690949
 431.000000 3.560339
 432.000000 3.819466
 433.000000 3.736840
 434.000000 3.643599
 435.000000 3.654122
 436.000000 3.450686
 437.000000 3.492820
 438.000000 3.488208
 439.000000 3.620289
 440.000000 3.596230
 441.000000 3.255024
 442.000000 3.337405
 443.000000 4.016379
 444.000000 4.047392
 445.000000 4.128654
 446.000000 3.389209
 447.000000 4.605569
 448.000000 3.079248
 449.000000 4.683015
 450.000000 4.873021
 451.000000 5.151018
 452.000000 3.435938
 453.000000 3.472007
 454.000000 2.366812
 455.000000 3.708187
 456.000000 4.724255
 457.000000 3.825727
 458.000000 4.071442
 459.000000 4.454441
 460.000000 4.246451
 461.000000 3.597658
 462.000000 3.410140
 463.000000 3.625646
 464.000000 2.783638
 465.000000 2.973317
 466.000000 3.421657
 467.000000 2.899699
 468.000000 3.561828
 469.000000 3.813501
 470.000000 3.731436
 471.000000 3.872889
 472.000000 3.403053
 473.000000 2.748829
 474.000000 2.304029
 475.000000 1.129224
 476.000000 1.907959
 477.000000 1.152356
 478.000000 2.681435
 479.000000 2.829881
 480.000000 2.588439
 481.000000 3.103365
 482.000000 3.298638
 483.000000 3.953502
 484.000000 4.147200
 485.000000 3.795765
 486.000000 3.172357
 487.000000 3.397757
 488.000000 3.107638
 489.000000 1.509340
 490.000000 0.423828
 491.000000 0.982505
 492.000000 1.822730
 493.000000 2.682677
 494.000000 2.834243
 495.000000 2.687081
 496.000000 3.005482
 497.000000 3.327718
 498.000000 3.747299
 499.000000 3.822293
 500.000000 3.979836
 501.000000 3.849998
 502.000000 4.523614
 503.000000 4.255523
 504.000000 3.161843
 505.000000 3.524349
 506.000000 3.669222
 507.000000 3.821357
 508.000000 3.056838
 509.000000 3.559471
 510.000000 3.863952
 511.000000 3.809945
 512.000000 3.367125
 513.000000 3.187466
 514.000000 3.408436
 515.000000 3.423683
 516.000000 3.504472
 517.000000 2.927259
 518.000000 3.558544
 519.000000 2.820516
 520.000000 2.979893
 521.000000 3.650316
 522.000000 4.200994
 523.000000 2.645293
 524.000000 2.500613
 525.000000 2.239739
 526.000000 1.645405
 527.000000 2.119229
 528.000000 2.639809
 529.000000 2.651322
 530.000000 2.829761
 531.000000 2.623025
 532.000000 2.740383
 533.000000 3.449335
 534.000000 3.177168
 535.000000 3.258901
 536.000000 3.383939
 537.000000 3.965060
 538.000000 3.939908
 539.000000 3.856060
 540.000000 3.735660
 541.000000 3.166412
 542.000000 3.753849
 543.000000 3.583563
 544.000000 3.598385
 545.000000 2.740581
 546.000000 2.515798
 547.000000 2.165393
 548.000000 1.937731
 549.000000 2.296689
 550.000000 2.176333
 551.000000 2.194790
 552.000000 2.269401
 553.000000 2.202715
 554.000000 2.418532
 555.000000 2.552152
 556.000000 2.564893
 557.000000 2.296425
 558.000000 2.521469
 559.000000 2.414458
 560.000000 2.484129
 561.000000 2.413627
 562.000000 2.384600
 563.000000 2.174648
 564.000000 2.217793
 565.000000 2.382749
 566.000000 2.102172
 567.000000 2.241229
 568.000000 2.113413
 569.000000 1.890381
 570.000000 1.882198
 571.000000 1.753688
 572.000000 1.970765
 573.000000 1.946005
 574.000000 2.330718
 575.000000 2.242472
 576.000000 2.485836
 577.000000 2.625355
 578.000000 2.736488
 579.000000 3.848501
 580.000000 3.119852
 581.000000 3.590269
 582.000000 3.266939
 583.000000 3.272344
 584.000000 3.484165
 585.000000 2.753335
 586.000000 3.586438
 587.000000 3.415296
 588.000000 3.432045
 589.000000 3.601172
 590.000000 4.072798
 591.000000 3.359611
 592.000000 3.366086
 593.000000 3.403332
 594.000000 3.319544
 595.000000 3.920831
 596.000000 3.747156
 597.000000 3.836055
 598.000000 3.864952
 599.000000 3.930302
 600.000000 3.916322
 601.000000 4.029623
 602.000000 3.956459
 603.000000 3.995912
 604.000000 3.884916
 605.000000 3.905878
 606.000000 3.836437
 607.000000 3.925948
 608.000000 3.787967
 609.000000 3.761467
 610.000000 3.788839
 611.000000 3.809337
 612.000000 3.785180
 613.000000 3.975319
 614.000000 3.755456
 615.000000 3.976822
 616.000000 3.895624
 617.000000 3.954236
 618.000000 4.495825
 619.000000 3.904979
 620.000000 3.669699
 621.000000 3.742114
 622.000000 3.893983
 623.000000 3.807595
 624.000000 4.420048
 625.000000 3.813729
 626.000000 3.825343
 627.000000 4.326805
 628.000000 3.781168
 629.000000 4.281256
 630.000000 4.448601
 631.000000 4.314702
 632.000000 4.138263
 633.000000 4.316367
 634.000000 3.823677
 635.000000 3.886499
 636.000000 3.917677
 637.000000 4.165936
 638.000000 4.219991
 639.000000 3.811838
 640.000000 3.793041
 641.000000 4.304132
 642.000000 4.056415
 643.000000 4.254112
 644.000000 4.205114
 645.000000 4.238926
 646.000000 4.086382
 647.000000 4.047502
 648.000000 4.069404
 649.000000 4.067690
 650.000000 4.006608
 651.000000 4.139771
 652.000000 4.339583
 653.000000 3.804699
 654.000000 3.941955
 655.000000 3.995516
 656.000000 4.049339
 657.000000 4.086321
 658.000000 3.998010
 659.000000 4.176440
 660.000000 4.106938
 661.000000 4.050421
 662.000000 4.112088
 663.000000 4.037921
 664.000000 3.964810
 665.000000 4.094618
 666.000000 3.571711
 667.000000 3.689259
 668.000000 3.717699
 669.000000 3.836661
 670.000000 3.780728
 671.000000 3.669360
 672.000000 3.653466
 673.000000 3.997373
 674.000000 3.925731
 675.000000 4.030075
 676.000000 3.976591
 677.000000 4.045317
 678.000000 4.110176
 679.000000 4.242692
 680.000000 4.196747
 681.000000 4.072096
 682.000000 3.920140
 683.000000 3.849663
 684.000000 3.905755
 685.000000 3.963146
 686.000000 4.086468
 687.000000 3.867640
 688.000000 3.784749
 689.000000 3.946260
 690.000000 3.960603
 691.000000 3.741526
 692.000000 3.502296
 693.000000 3.703935
 694.000000 3.962362
 695.000000 3.774632
 696.000000 3.532758
 697.000000 3.810114
 698.000000 4.112253
 699.000000 4.033419
 700.000000 3.953905
 701.000000 3.847097
 702.000000 3.717965
 703.000000 3.562211
 704.000000 3.108509
 705.000000 1.968798
 706.000000 2.278200
 707.000000 3.884197
 708.000000 3.832093
 709.000000 4.171938
 710.000000 4.355126
 711.000000 4.099156
 712.000000 3.392131
 713.000000 3.871262
 714.000000 3.476777
 715.000000 3.733573
 716.000000 3.785344
 717.000000 3.824047
 718.000000 3.176698
 719.000000 2.834110
 720.000000 2.970013
 721.000000 1.907343
 722.000000 3.470872
 723.000000 3.742415
 724.000000 2.203049
 725.000000 0.991678
 726.000000 3.064806
 727.000000 2.913543
 728.000000 3.986595
 729.000000 3.643702
 730.000000 4.180126
 731.000000 3.931474
 732.000000 3.217938
 733.000000 3.706416
 734.000000 3.796411
 735.000000 3.700148
 736.000000 3.212081
 737.000000 2.945393
 738.000000 3.918241
 739.000000 2.906471
 740.000000 3.436970
 741.000000 2.669089
 742.000000 3.721307
 743.000000 2.967308
 744.000000 3.034857
 745.000000 2.765192
 746.000000 2.102932
 747.000000 2.160498
 748.000000 3.139245
 749.000000 3.295290
 750.000000 3.597710
 751.000000 3.545781
 752.000000 3.639685
 753.000000 3.546529
 754.000000 3.380710
 755.000000 2.987109
 756.000000 3.272554
 757.000000 3.097442
 758.000000 2.060111
 759.000000 2.134217
 760.000000 0.693045
 761.000000 1.481442
 762.000000 1.504606
 763.000000 1.480691
 764.000000 3.115850
 765.000000 3.305921
 766.000000 2.772953
 767.000000 3.497298
 768.000000 3.700275
 769.000000 3.195835
 770.000000 3.560676
 771.000000 3.805732
 772.000000 3.788769
 773.000000 3.486366
 774.000000 3.073655
 775.000000 2.001120
 776.000000 2.364851
 777.000000 2.681380
 778.000000 2.532443
 779.000000 2.446874
 780.000000 3.125791
 781.000000 2.693401
 782.000000 2.922494
 783.000000 2.677235
 784.000000 3.102035
 785.000000 3.482529
 786.000000 3.997535
 787.000000 3.095152
 788.000000 3.274962
 789.000000 3.499638
 790.000000 3.353070
 791.000000 3.567697
 792.000000 3.813507
 793.000000 4.174490
 794.000000 4.585451
 795.000000 4.173738
 796.000000 3.885379
 797.000000 4.298838
 798.000000 3.908990
 799.000000 3.008719
 800.000000 2.671600
 801.000000 2.710318
 802.000000 2.420769
 803.000000 3.403982
 804.000000 3.332988
 805.000000 3.205955
 806.000000 3.011648
 807.000000 2.488370
 808.000000 2.249320
 809.000000 2.958084
 810.000000 2.848823
 811.000000 3.218081
 812.000000 3.402143
 813.000000 3.370421
 814.000000 2.832592
 815.000000 2.540202
 816.000000 3.389625
 817.000000 4.019695
 818.000000 3.947232
 819.000000 4.122517
 820.000000 3.738254
 821.000000 3.535047
 822.000000 3.720490
 823.000000 3.431773
 824.000000 3.103848
 825.000000 2.623372
 826.000000 2.677321
 827.000000 2.620109
 828.000000 2.124228
 829.000000 2.927273
 830.000000 2.991098
 831.000000 3.045223
 832.000000 2.819095
 833.000000 3.026143
 834.000000 3.045343
 835.000000 3.215882
 836.000000 3.170221
 837.000000 2.962218
 838.000000 3.171573
 839.000000 2.852480
 840.000000 3.112582
 841.000000 3.698593
 842.000000 2.784314
 843.000000 3.174670
 844.000000 3.892659
 845.000000 3.616563
 846.000000 3.553339
 847.000000 3.525708
 848.000000 3.400369
 849.000000 4.055650
 850.000000 4.101245
 851.000000 3.642227
 852.000000 3.467283
 853.000000 3.422839
 854.000000 3.447992
 855.000000 4.497512
 856.000000 4.056266
 857.000000 3.776133
 858.000000 4.090639
 859.000000 3.922055
 860.000000 3.526028
 861.000000 3.506639
 862.000000 3.352986
 863.000000 3.645455
 864.000000 3.912269
 865.000000 3.491411
 866.000000 3.089862
 867.000000 3.814944
 868.000000 3.446493
 869.000000 2.971408
 870.000000 3.311390
 871.000000 3.825131
 872.000000 3.809384
 873.000000 3.593854
 874.000000 3.508266
 875.000000 3.670514
 876.000000 3.368491
 877.000000 3.826198
 878.000000 3.324190
 879.000000 3.578220
 880.000000 2.955985
 881.000000 4.143658
 882.000000 3.021364
 883.000000 4.146264
 884.000000 3.732829
 885.000000 4.175908
 886.000000 3.768583
 887.000000 3.466999
 888.000000 3.548607
 889.000000 3.758530
 890.000000 3.637082
 891.000000 3.455253
 892.000000 3.836653
 893.000000 3.969724
 894.000000 3.887144
 895.000000 3.674805
 896.000000 3.224750
 897.000000 3.411555
 898.000000 3.555271
 899.000000 3.715818
 900.000000 3.328839
 901.000000 3.413552
 902.000000 3.608126
 903.000000 4.203569
 904.000000 4.032312
 905.000000 3.902963
 906.000000 3.341408
 907.000000 2.700469
 908.000000 2.129980
 909.000000 2.043525
 910.000000 1.884081
 911.000000 2.239204
 912.000000 1.975935
 913.000000 2.094238
 914.000000 2.196850
 915.000000 2.112738
 916.000000 1.861041
 917.000000 1.990323
 918.000000 1.981632
 919.000000 1.931624
 920.000000 2.023741
 921.000000 2.200524
 922.000000 2.311986
 923.000000 2.367448
 924.000000 2.538528
 925.000000 2.179430
 926.000000 2.284271
 927.000000 2.217997
 928.000000 2.329670
 929.000000 2.447357
 930.000000 2.594925
 931.000000 2.445441
 932.000000 2.384460
 933.000000 2.287977
 934.000000 2.531173
 935.000000 2.226406
 936.000000 2.204950
 937.000000 2.284615
 938.000000 2.306903
 939.000000 2.379534
 940.000000 2.543213
 941.000000 2.440522
 942.000000 2.349017
 943.000000 2.313438
 944.000000 2.153768
 945.000000 2.108502
 946.000000 2.102447
 947.000000 2.047854
 948.000000 2.010798
 949.000000 2.011150
 950.000000 2.082960
 951.000000 2.028094
 952.000000 2.217652
 953.000000 2.107259
 954.000000 2.332062
 955.000000 2.338204
 956.000000 2.248794
 957.000000 2.279006
 958.000000 2.059653
 959.000000 2.270772
 960.000000 2.299277
 961.000000 2.268722
 962.000000 2.415583
 963.000000 2.331717
 964.000000 2.018146
 965.000000 2.378537
 966.000000 2.414889
 967.000000 2.272375
 968.000000 2.273870
 969.000000 2.220295
 970.000000 2.329188
 971.000000 2.352025
 972.000000 2.193857
 973.000000 2.258347
 974.000000 2.164296
 975.000000 2.152513
 976.000000 2.261727
 977.000000 2.197343
 978.000000 3.228347
 979.000000 3.094406
 980.000000 3.158933
 981.000000 2.731928
 982.000000 3.897988
 983.000000 3.064266
 984.000000 2.780395
 985.000000 4.113994
 986.000000 3.586558
 987.000000 4.145478
 988.000000 3.795071
 989.000000 3.502775
 990.000000 3.258272
 991.000000 3.273925
 992.000000 3.886484
 993.000000 3.876677
 994.000000 3.696590
 995.000000 3.244952
 996.000000 3.698304
 997.000000 3.634259
 998.000000 2.513799
 999.000000 2.683303
 1000.000000 2.539363
 1001.000000 1.548445
 1002.000000 1.549494
 1003.000000 1.093459
 1004.000000 1.257607
 1005.000000 1.617076
 1006.000000 1.414160
 1007.000000 1.579019
 1008.000000 1.236075
 1009.000000 0.960954
 1010.000000 0.485105
 1011.000000 0.186497
 1012.000000 0.369496
 1013.000000 0.500458
 1014.000000 0.438356
 1015.000000 0.686499
 1016.000000 0.579544
 1017.000000 0.288538
 1018.000000 0.545345
 1019.000000 0.284672
 1020.000000 0.279530
 1021.000000 0.207601
 1022.000000 0.296457
 1023.000000 0.265264
 1024.000000 0.178048
 1025.000000 0.232848
 1026.000000 0.275533
 1027.000000 0.584096
 1028.000000 0.607304
 1029.000000 0.439417
 1030.000000 0.554901
 1031.000000 0.857059
 1032.000000 0.662279
 1033.000000 0.757834
 1034.000000 0.954711
 1035.000000 0.896808
 1036.000000 0.895371
 1037.000000 0.944302
 1038.000000 0.744340
 1039.000000 1.567078
 1040.000000 0.720384
 1041.000000 2.261198
 1042.000000 2.783828
 1043.000000 3.466975
 1044.000000 3.303511
 1045.000000 3.327303
 1046.000000 3.979504
 1047.000000 4.101767
 1048.000000 3.989893
 1049.000000 3.978251
 1050.000000 4.061882
 1051.000000 4.190597
 1052.000000 3.707908
 1053.000000 3.281706
 1054.000000 3.578525
 1055.000000 4.013426
 1056.000000 3.342044
 1057.000000 3.438514
 1058.000000 3.073801
 1059.000000 2.896109
 1060.000000 3.626038
 1061.000000 4.000204
 1062.000000 4.029042
 1063.000000 3.964375
 1064.000000 4.026933
 1065.000000 3.828817
 1066.000000 4.004695
 1067.000000 3.624573
 1068.000000 3.935632
 1069.000000 4.042183
 1070.000000 3.838792
 1071.000000 3.895282
 1072.000000 3.168613
 1073.000000 3.149999
 1074.000000 2.469669
 1075.000000 2.830547
 1076.000000 2.079134
 1077.000000 2.482212
 1078.000000 3.035949
 1079.000000 3.236087
 1080.000000 3.514648
 1081.000000 1.944756
 1082.000000 2.033964
 1083.000000 2.605630
 1084.000000 3.069011
 1085.000000 2.119494
 1086.000000 3.298905
 1087.000000 3.265096
 1088.000000 2.893917
 1089.000000 4.213730
 1090.000000 4.048172
 1091.000000 3.597284
 1092.000000 3.608276
 1093.000000 3.965252
 1094.000000 3.696714
 1095.000000 3.537983
 1096.000000 3.423852
 1097.000000 3.780256
 1098.000000 3.060980
 1099.000000 2.729439
 1100.000000 2.686733
 1101.000000 2.485630
 1102.000000 2.234165
 1103.000000 1.794655
 1104.000000 1.891940
 1105.000000 2.802324
 1106.000000 2.722862
 1107.000000 2.528762
 1108.000000 2.163974
 1109.000000 2.102161
 1110.000000 2.177691
 1111.000000 2.141255
 1112.000000 1.983840
 1113.000000 2.030747
 1114.000000 2.138415
 1115.000000 1.925291
 1116.000000 1.710647
 1117.000000 1.502552
 1118.000000 1.681376
 1119.000000 1.949394
 1120.000000 1.908204
 1121.000000 1.958183
 1122.000000 1.888720
 1123.000000 1.892674
 1124.000000 1.918448
 1125.000000 1.845840
 1126.000000 1.891771
 1127.000000 1.712921
 1128.000000 2.076198
 1129.000000 2.246693
 1130.000000 2.247111
 1131.000000 2.286479
 1132.000000 2.260912
 1133.000000 2.143906
 1134.000000 2.173798
 1135.000000 2.040062
 1136.000000 2.046772
 1137.000000 2.070737
 1138.000000 1.938348
 1139.000000 2.164330
 1140.000000 2.201375
 1141.000000 2.210792
 1142.000000 2.235658
 1143.000000 2.099989
 1144.000000 2.197910
 1145.000000 2.234223
 1146.000000 2.230272
 1147.000000 2.138975
 1148.000000 2.265973
 1149.000000 2.178595
 1150.000000 2.244497
 1151.000000 2.218347
 1152.000000 2.186240
 1153.000000 2.119532
 1154.000000 2.112750
 1155.000000 2.152354
 1156.000000 2.347535
 1157.000000 2.340792
 1158.000000 2.329584
 1159.000000 2.380833
 1160.000000 2.384820
 1161.000000 2.358082
 1162.000000 2.280632
 1163.000000 2.349117
 1164.000000 2.147930
 1165.000000 2.200583
 1166.000000 2.160595
 1167.000000 2.053130
 1168.000000 2.272498
 1169.000000 2.283825
 1170.000000 2.221340
 1171.000000 2.316694
 1172.000000 2.163181
 1173.000000 2.454580
 1174.000000 2.289703
 1175.000000 2.417880
 1176.000000 2.466993
 1177.000000 2.512179
 1178.000000 2.422794
 1179.000000 2.460210
 1180.000000 2.297701
 1181.000000 2.409159
 1182.000000 2.375787
 1183.000000 2.356763
 1184.000000 2.314909
 1185.000000 2.301240
 1186.000000 2.177957
 1187.000000 2.268637
 1188.000000 2.164383
 1189.000000 2.065171
 1190.000000 2.257206
 1191.000000 2.196972
 1192.000000 2.243665
 1193.000000 2.365397
 1194.000000 2.259262
 1195.000000 2.174434
 1196.000000 2.344839
 1197.000000 2.307396
 1198.000000 2.229703
 1199.000000 2.193697
 1200.000000 2.185260
 1201.000000 2.247853
 1202.000000 2.089320
 1203.000000 2.196407
 1204.000000 2.192682
 1205.000000 2.077850
 1206.000000 2.225829
 1207.000000 2.249519
 1208.000000 2.166159
 1209.000000 2.139501
 1210.000000 2.243005
 1211.000000 2.150483
 1212.000000 2.211558
 1213.000000 2.248379
 1214.000000 2.191715
 1215.000000 2.325555
 1216.000000 2.231719
 1217.000000 2.000519
 1218.000000 2.053713
 1219.000000 1.966192
 1220.000000 1.927664
 1221.000000 1.970672
 1222.000000 2.072857
 1223.000000 1.995302
 1224.000000 2.322291
 1225.000000 2.207307
 1226.000000 2.508160
 1227.000000 2.460152
 1228.000000 2.717796
 1229.000000 2.429594
 1230.000000 2.626888
 1231.000000 2.480015
 1232.000000 2.551717
 1233.000000 2.671254
 1234.000000 2.801027
 1235.000000 2.861165
 1236.000000 2.741158
 1237.000000 2.909810
 1238.000000 2.762121
 1239.000000 2.627042
 1240.000000 2.417155
 1241.000000 2.418413
 1242.000000 2.337225
 1243.000000 2.411784
 1244.000000 2.336024
 1245.000000 2.547597
 1246.000000 2.514776
 1247.000000 2.412743
 1248.000000 2.357595
 1249.000000 2.395589
 1250.000000 2.280836
 1251.000000 2.352546
 1252.000000 2.220294
 1253.000000 2.256689
 1254.000000 2.281969
 1255.000000 2.398303
 1256.000000 2.284483
 1257.000000 2.305532
 1258.000000 2.519275
 1259.000000 2.552872
 1260.000000 2.431795
 1261.000000 2.488329
 1262.000000 2.619410
 1263.000000 2.508481
 1264.000000 2.538460
 1265.000000 2.435391
 1266.000000 2.284543
 1267.000000 2.241540
 1268.000000 2.267715
 1269.000000 2.215395
 1270.000000 2.087916
 1271.000000 2.167051
 1272.000000 2.304376
 1273.000000 2.166468
 1274.000000 2.474513
 1275.000000 2.643547
 1276.000000 2.482599
 1277.000000 2.524342
 1278.000000 2.549767
 1279.000000 2.480840
 1280.000000 2.229431
 1281.000000 2.288915
 1282.000000 2.376673
 1283.000000 2.483111
 1284.000000 2.364865
 1285.000000 2.379688
 1286.000000 2.545955
 1287.000000 2.439192
 1288.000000 2.106273
 1289.000000 2.278954
 1290.000000 2.215850
 1291.000000 2.183930
 1292.000000 2.196629
 1293.000000 2.108457
 1294.000000 2.298520
 1295.000000 2.153545
 1296.000000 2.254916
 1297.000000 2.208822
 1298.000000 2.042744
 1299.000000 2.047176
 1300.000000 1.981359
 1301.000000 1.766904
 1302.000000 1.829617
 1303.000000 1.876555
 1304.000000 1.915346
 1305.000000 1.950776
 1306.000000 1.937484
 1307.000000 1.731195
 1308.000000 1.822643
 1309.000000 1.968716
 1310.000000 2.000890
 1311.000000 2.165895
 1312.000000 1.876072
 1313.000000 1.986190
 1314.000000 2.069486
 1315.000000 2.028280
 1316.000000 1.906634
 1317.000000 1.761894
 1318.000000 1.890569
 1319.000000 1.683279
 1320.000000 1.666664
 1321.000000 1.695848
 1322.000000 1.505828
 1323.000000 1.509549
 1324.000000 1.500972
 1325.000000 1.497678
 1326.000000 1.467217
 1327.000000 1.502631
 1328.000000 1.855197
 1329.000000 2.054631
 1330.000000 1.940504
 1331.000000 1.746290
 1332.000000 1.903139
 1333.000000 2.208040
 1334.000000 2.174748
 1335.000000 1.978517
 1336.000000 1.803889
 1337.000000 1.903660
 1338.000000 1.551134
 1339.000000 1.540340
 1340.000000 1.537595
 1341.000000 1.738258
 1342.000000 1.640579
 1343.000000 2.082890
 1344.000000 2.004786
 1345.000000 2.080788
 1346.000000 2.122552
 1347.000000 2.342050
 1348.000000 2.235140
 1349.000000 2.326380
 1350.000000 2.219133
 1351.000000 2.480475
 1352.000000 2.495939
 1353.000000 2.476933
 1354.000000 2.445360
 1355.000000 2.398579
 1356.000000 2.297595
 1357.000000 2.370954
 1358.000000 2.170180
 1359.000000 2.394046
 1360.000000 2.267822
 1361.000000 2.252778
 1362.000000 2.472080
 1363.000000 2.212794
 1364.000000 2.184205
 1365.000000 2.212807
 1366.000000 2.424536
 1367.000000 2.246196
 1368.000000 2.264153
 1369.000000 2.314743
 1370.000000 2.332260
 1371.000000 2.103711
 1372.000000 2.302388
 1373.000000 2.051386
 1374.000000 2.299048
 1375.000000 2.410448
 1376.000000 1.883323
 1377.000000 2.065950
 1378.000000 2.078138
 1379.000000 2.249684
 1380.000000 2.396455
 1381.000000 2.374024
 1382.000000 2.315992
 1383.000000 2.560016
 1384.000000 2.561470
 1385.000000 2.529158
 1386.000000 2.380254
 1387.000000 2.639140
 1388.000000 2.383794
 1389.000000 2.261844
 1390.000000 2.166844
 1391.000000 2.113361
 1392.000000 2.428830
 1393.000000 2.201717
 1394.000000 2.255324
 1395.000000 2.192620
 1396.000000 2.166764
 1397.000000 2.238750
 1398.000000 2.613212
 1399.000000 2.552195
 1400.000000 2.357126
 1401.000000 2.276259
 1402.000000 2.228225
 1403.000000 2.263063
 1404.000000 2.314272
 1405.000000 2.332039
 1406.000000 2.494333
 1407.000000 2.496336
 1408.000000 2.322683
 1409.000000 2.299903
 1410.000000 2.271874
 1411.000000 2.273820
 1412.000000 2.301620
 1413.000000 2.135436
 1414.000000 2.014251
 1415.000000 2.190670
 1416.000000 2.062098
 1417.000000 2.173635
 1418.000000 2.270682
 1419.000000 2.305649
 1420.000000 2.270939
 1421.000000 2.310941
 1422.000000 2.407787
 1423.000000 2.341254
 1424.000000 2.589444
 1425.000000 2.380740
 1426.000000 2.317489
 1427.000000 2.483634
 1428.000000 2.636959
 1429.000000 2.437208
 1430.000000 2.450812
 1431.000000 2.581940
 1432.000000 2.351789
 1433.000000 2.860590
 1434.000000 2.493639
 1435.000000 2.580174
 1436.000000 2.533072
 1437.000000 2.497895
 1438.000000 2.490912
 1439.000000 2.535276
 1440.000000 2.600853
 1441.000000 2.432213
 1442.000000 2.482440
 1443.000000 2.535382
 1444.000000 2.561792
 1445.000000 2.591762
 1446.000000 2.656083
 1447.000000 2.612298
 1448.000000 2.607567
 1449.000000 2.750177
 1450.000000 2.646259
 1451.000000 2.675112
 1452.000000 2.680184
 1453.000000 2.525768
 1454.000000 2.627286
 1455.000000 2.629711
 1456.000000 2.577693
 1457.000000 2.436200
 1458.000000 2.372507
 1459.000000 2.605329
 1460.000000 2.357578
 1461.000000 2.440908
 1462.000000 2.555933
 1463.000000 2.459363
 1464.000000 2.461896
 1465.000000 2.349733
 1466.000000 2.322569
 1467.000000 2.388443
 1468.000000 2.287037
 1469.000000 2.069531
 1470.000000 2.062012
 1471.000000 1.608911
 1472.000000 1.783152
 1473.000000 1.899570
 1474.000000 1.823656
 1475.000000 1.899712
 1476.000000 1.748097
 1477.000000 1.789910
 1478.000000 1.729067
 1479.000000 1.726614
 1480.000000 1.709945
 1481.000000 1.738121
 1482.000000 1.769650
 1483.000000 1.733623
 1484.000000 1.708546
 1485.000000 1.734245
 1486.000000 1.739846
 1487.000000 1.822751
 1488.000000 1.661902
 1489.000000 1.810574
 1490.000000 1.763636
 1491.000000 1.748811
 1492.000000 1.724069
 1493.000000 1.706201
 1494.000000 1.748450
 1495.000000 1.641374
 1496.000000 1.735958
 1497.000000 1.566505
 1498.000000 1.660217
 1499.000000 1.588890
 1500.000000 1.716830
 1501.000000 1.589195
 1502.000000 1.655560
 1503.000000 1.669388
 1504.000000 1.761986
 1505.000000 1.712295
 1506.000000 1.495394
 1507.000000 1.522191
 1508.000000 1.677842
 1509.000000 1.736933
 1510.000000 1.749171
 1511.000000 1.702883
 1512.000000 1.684591
 1513.000000 1.525389
 1514.000000 1.556560
 1515.000000 1.527382
 1516.000000 1.528016
 1517.000000 1.576406
 1518.000000 1.513530
 1519.000000 1.680353
 1520.000000 1.816088
 1521.000000 1.747598
 1522.000000 2.131225
 1523.000000 2.234808
 1524.000000 2.290698
 1525.000000 2.209946
 1526.000000 2.237796
 1527.000000 2.337408
 1528.000000 2.405340
 1529.000000 2.348193
 1530.000000 2.369792
 1531.000000 2.322090
 1532.000000 2.417382
 1533.000000 2.408581
 1534.000000 2.397205
 1535.000000 2.369978
 1536.000000 2.260888
 1537.000000 2.212669
 1538.000000 2.254406
 1539.000000 2.192702
 1540.000000 2.187516
 1541.000000 2.242222
 1542.000000 2.300578
 1543.000000 2.586166
 1544.000000 2.461306
 1545.000000 2.681119
 1546.000000 2.624214
 1547.000000 2.650598
 1548.000000 2.532325
 1549.000000 2.607133
 1550.000000 2.561673
 1551.000000 2.740414
 1552.000000 2.608952
 1553.000000 2.738662
 1554.000000 2.655432
 1555.000000 2.708784
 1556.000000 2.671678
 1557.000000 2.549742
 1558.000000 2.681274
 1559.000000 2.581285
 1560.000000 2.668051
 1561.000000 2.605857
 1562.000000 2.699467
 1563.000000 2.328466
 1564.000000 2.475807
 1565.000000 2.312024
 1566.000000 2.465692
 1567.000000 2.247775
 1568.000000 2.290008
 1569.000000 2.428271
 1570.000000 2.509652
 1571.000000 2.227723
 1572.000000 2.437159
 1573.000000 2.412422
 1574.000000 2.605831
 1575.000000 2.328976
 1576.000000 2.267588
 1577.000000 2.192766
 1578.000000 2.030612
 1579.000000 2.475006
 1580.000000 2.580840
 1581.000000 2.596603
 1582.000000 2.601768
 1583.000000 2.502810
 1584.000000 2.481382
 1585.000000 2.297397
 1586.000000 2.361845
 1587.000000 2.287763
 1588.000000 2.170380
 1589.000000 2.033276
 1590.000000 2.175020
 1591.000000 2.221413
 1592.000000 2.392294
 1593.000000 2.353338
 1594.000000 2.393291
 1595.000000 2.391145
 1596.000000 2.266218
 1597.000000 2.431776
 1598.000000 2.310005
 1599.000000 2.454810
 1600.000000 2.507935
 1601.000000 2.658927
 1602.000000 2.165747
 1603.000000 2.164770
 1604.000000 2.253735
 1605.000000 2.374322
 1606.000000 2.310996
 1607.000000 2.530966
 1608.000000 2.680898
 1609.000000 2.743217
 1610.000000 2.621331
 1611.000000 2.655749
 1612.000000 2.580917
 1613.000000 2.431531
 1614.000000 2.302801
 1615.000000 2.357194
 1616.000000 2.402583
 1617.000000 2.630519
 1618.000000 2.542504
 1619.000000 2.400456
 1620.000000 2.368415
 1621.000000 2.433292
 1622.000000 2.370628
 1623.000000 2.481627
 1624.000000 2.306948
 1625.000000 2.222759
 1626.000000 2.313768
 1627.000000 2.455030
 1628.000000 2.426061
 1629.000000 2.415001
 1630.000000 2.398300
 1631.000000 2.203959
 1632.000000 2.359502
 1633.000000 2.379519
 1634.000000 2.207242
 1635.000000 2.028495
 1636.000000 2.114018
 1637.000000 1.996256
 1638.000000 2.061659
 1639.000000 1.776122
 1640.000000 1.760777
 1641.000000 1.616048
 1642.000000 1.850090
 1643.000000 1.695760
 1644.000000 1.838314
 1645.000000 1.753577
 1646.000000 1.740421
 1647.000000 2.156032
 1648.000000 2.240246
 1649.000000 2.098206
 1650.000000 2.288701
 1651.000000 2.288654
 1652.000000 2.280380
 1653.000000 2.202047
 1654.000000 2.499970
 1655.000000 2.248556
 1656.000000 2.133411
 1657.000000 2.255494
 1658.000000 1.535020
 1659.000000 1.730616
 1660.000000 2.028155
 1661.000000 1.897819
 1662.000000 1.839724
 1663.000000 1.332113
 1664.000000 1.388430
 1665.000000 1.130157
 1666.000000 0.693636
 1667.000000 0.269408
 1668.000000 0.527264
 1669.000000 0.902623
 1670.000000 0.473153
 1671.000000 0.255870
 1672.000000 0.206177
 1673.000000 0.371433
 1674.000000 0.409033
 1675.000000 0.450744
 1676.000000 0.545583
 1677.000000 0.647367
 1678.000000 1.961609
 1679.000000 2.589787
 1680.000000 2.704522
 1681.000000 3.425446
 1682.000000 3.689129
 1683.000000 3.661800
 1684.000000 3.184839
 1685.000000 2.391374
 1686.000000 2.172502
 1687.000000 2.185924
 1688.000000 2.534114
 1689.000000 2.790664
 1690.000000 4.181426
 1691.000000 3.496648
 1692.000000 3.271345
 1693.000000 4.126818
 1694.000000 3.847081
 1695.000000 3.522082
 1696.000000 3.167488
 1697.000000 2.843596
 1698.000000 2.606488
 1699.000000 1.043744
 1700.000000 1.030035
 1701.000000 1.458117
 1702.000000 2.780764
 1703.000000 3.342845
 1704.000000 4.719252
 1705.000000 4.580531
 1706.000000 3.092292
 1707.000000 2.400869
 1708.000000 1.968383
 1709.000000 3.810092
 1710.000000 3.110317
 1711.000000 3.208032
 1712.000000 3.347814
 1713.000000 2.827601
 1714.000000 2.708462
 1715.000000 3.683116
 1716.000000 4.026896
 1717.000000 3.820235
 1718.000000 3.425238
 1719.000000 4.029440
 1720.000000 4.355380
 1721.000000 4.379013
 1722.000000 4.075602
 1723.000000 3.468754
 1724.000000 3.077753
 1725.000000 1.789732
 1726.000000 1.431178
 1727.000000 1.175277
 1728.000000 1.037612
 1729.000000 0.966600
 1730.000000 0.624398
 1731.000000 0.249358
 1732.000000 0.693260
 1733.000000 0.553402
 1734.000000 0.552885
 1735.000000 0.617346
 1736.000000 1.458872
 1737.000000 1.646920
 1738.000000 1.722796
 1739.000000 2.260449
 1740.000000 1.899036
 1741.000000 1.624777
 1742.000000 3.002198
 1743.000000 1.868880
 1744.000000 2.873944
 1745.000000 2.385591
 1746.000000 2.067591
 1747.000000 2.273363
 1748.000000 3.202138
 1749.000000 2.301992
 1750.000000 1.729489
 1751.000000 2.600818
 1752.000000 3.078589
 1753.000000 3.092196
 1754.000000 2.970180
 1755.000000 3.505897
 1756.000000 2.701728
 1757.000000 1.854361
 1758.000000 1.754410
 1759.000000 1.556002
 1760.000000 1.507386
 1761.000000 1.487124
 1762.000000 1.564761
 1763.000000 1.135943
 1764.000000 1.462442
 1765.000000 1.479957
 1766.000000 2.277053
 1767.000000 1.883826
 1768.000000 1.652593
 1769.000000 1.275179
 1770.000000 3.389703
 1771.000000 4.279343
 1772.000000 4.343081
 1773.000000 4.190070
 1774.000000 3.699555
 1775.000000 3.339371
 1776.000000 3.420191
 1777.000000 2.653546
 1778.000000 4.037308
 1779.000000 2.829713
 1780.000000 2.338640
 1781.000000 3.135034
 1782.000000 3.157519
 1783.000000 3.522999
 1784.000000 3.558432
 1785.000000 3.387049
 1786.000000 3.033124
 1787.000000 2.533325
 1788.000000 3.259117
 1789.000000 4.150832
 1790.000000 3.891158
 1791.000000 4.065556
 1792.000000 3.849494
 1793.000000 4.249153
 1794.000000 3.988806
 1795.000000 4.004446
 1796.000000 3.974847
 1797.000000 3.780642
 1798.000000 3.357938
 1799.000000 2.837361
 1800.000000 3.007928
 1801.000000 2.745205
 1802.000000 3.463575
 1803.000000 3.185679
 1804.000000 2.533902
 1805.000000 2.346789
 1806.000000 2.285638
 1807.000000 2.145627
 1808.000000 2.177837
 1809.000000 2.307943
 1810.000000 2.321135
 1811.000000 2.140371
 1812.000000 2.184646
 1813.000000 2.089326
 1814.000000 2.130030
 1815.000000 1.883922
 1816.000000 1.784575
 1817.000000 1.824996
 1818.000000 1.598760
 1819.000000 1.836997
 1820.000000 1.771859
 1821.000000 1.980460
 1822.000000 1.912296
 1823.000000 1.979816
 1824.000000 1.987024
 1825.000000 1.876283
 1826.000000 1.894397
 1827.000000 1.777464
 1828.000000 1.826939
 1829.000000 1.634565
 1830.000000 1.498474
 1831.000000 2.107263
 1832.000000 3.721309
 1833.000000 3.551875
 1834.000000 3.153234
 1835.000000 2.963356
 1836.000000 1.980432
 1837.000000 2.882283
 1838.000000 2.958101
 1839.000000 3.567915
 1840.000000 3.587822
 1841.000000 3.455015
 1842.000000 3.555541
 1843.000000 3.547350
 1844.000000 3.578942
 1845.000000 3.533779
 1846.000000 3.561680
 1847.000000 3.372292
 1848.000000 3.526876
 1849.000000 3.537467
 1850.000000 3.506066
 1851.000000 3.566669
 1852.000000 3.481234
 1853.000000 3.424289
 1854.000000 3.448408
 1855.000000 3.361665
 1856.000000 3.206457
 1857.000000 3.133129
 1858.000000 2.444922
 1859.000000 2.842321
 1860.000000 3.169036
 1861.000000 3.825968
 1862.000000 3.617139
 1863.000000 3.381629
 1864.000000 2.479282
 1865.000000 3.699186
 1866.000000 2.746861
 1867.000000 2.727099
 1868.000000 2.222600
 1869.000000 2.061154
 1870.000000 3.100247
 1871.000000 3.809587
 1872.000000 3.171859
 1873.000000 3.542024
 1874.000000 4.089447
 1875.000000 4.034342
 1876.000000 3.982373
 1877.000000 3.854548
 1878.000000 3.912932
 1879.000000 3.903788
 1880.000000 3.936960
 1881.000000 3.906132
 1882.000000 4.009826
 1883.000000 3.863133
 1884.000000 3.705603
 1885.000000 3.883284
 1886.000000 3.820968
 1887.000000 3.797026
 1888.000000 3.774427
 1889.000000 3.618972
 1890.000000 3.724220
 1891.000000 4.273145
 1892.000000 3.782009
 1893.000000 3.725103
 1894.000000 3.786016
 1895.000000 3.945117
 1896.000000 3.798372
 1897.000000 3.895949
 1898.000000 4.265395
 1899.000000 3.664884
 1900.000000 2.655047
 1901.000000 2.642160
 1902.000000 2.820505
 1903.000000 3.038647
 1904.000000 2.371610
 1905.000000 3.066242
 1906.000000 3.182597
 1907.000000 4.030276
 1908.000000 3.830925
 1909.000000 3.679695
 1910.000000 4.281874
 1911.000000 2.814267
 1912.000000 3.586160
 1913.000000 4.292682
 1914.000000 4.248359
 1915.000000 2.928655
 1916.000000 2.844187
 1917.000000 3.311333
 1918.000000 3.549650
 1919.000000 2.887467
 1920.000000 1.911501
 1921.000000 1.876725
 1922.000000 1.357840
 1923.000000 1.388627
 1924.000000 1.213944
 1925.000000 0.889659
 1926.000000 0.971876
 1927.000000 0.803608
 1928.000000 0.331772
 1929.000000 0.879815
 1930.000000 0.419528
 1931.000000 0.994974
 1932.000000 0.777189
 1933.000000 1.671987
 1934.000000 1.164221
 1935.000000 1.025181
 1936.000000 1.409077
 1937.000000 2.060471
 1938.000000 0.990428
 1939.000000 1.020595
 1940.000000 1.664166
 1941.000000 1.422575
 1942.000000 0.677110
 1943.000000 1.323181
 1944.000000 1.315452
 1945.000000 1.274923
 1946.000000 1.265873
 1947.000000 1.140178
 1948.000000 1.401107
 1949.000000 0.910826
 1950.000000 1.407104
 1951.000000 1.267157
 1952.000000 1.279004
 1953.000000 1.320059
 1954.000000 1.119224
 1955.000000 0.694861
 1956.000000 0.567081
 1957.000000 0.788103
 1958.000000 0.589884
 1959.000000 1.160119
 1960.000000 0.651034
 1961.000000 0.314087
 1962.000000 0.739724
 1963.000000 0.568423
 1964.000000 0.250388
 1965.000000 2.269510
 1966.000000 2.390873
 1967.000000 2.296746
 1968.000000 2.790390
 1969.000000 3.349418
 1970.000000 2.989954
 1971.000000 2.793801
 1972.000000 3.440464
 1973.000000 2.488508
 1974.000000 3.227814
 1975.000000 2.643867
 1976.000000 3.004016
 1977.000000 2.628868
 1978.000000 2.993179
 1979.000000 3.480902
 1980.000000 3.070741
 1981.000000 3.994593
 1982.000000 4.135180
 1983.000000 4.562748
 1984.000000 4.013394
 1985.000000 4.066788
 1986.000000 3.814852
 1987.000000 2.926041
 1988.000000 2.703095
 1989.000000 2.291880
 1990.000000 2.583312
 1991.000000 2.420000
 1992.000000 3.966762
 1993.000000 3.774361
 1994.000000 2.926888
 1995.000000 2.792824
 1996.000000 2.647588
 1997.000000 3.306671
 1998.000000 3.028583
 1999.000000 2.983983
 2000.000000 2.970884
 2001.000000 3.303311
 2002.000000 2.754942
 2003.000000 3.030869
 2004.000000 3.238374
 2005.000000 3.385697
 2006.000000 3.105385
 2007.000000 2.915509
 2008.000000 2.960570
 2009.000000 3.544704
 2010.000000 3.327430
 2011.000000 3.225680
 2012.000000 3.401060
 2013.000000 2.749867
 2014.000000 3.393571
 2015.000000 2.955984
 2016.000000 3.130671
 2017.000000 3.446068
 2018.000000 3.925307
 2019.000000 3.953160
 2020.000000 3.706785
 2021.000000 3.768825
 2022.000000 3.765961
 2023.000000 3.881817
 2024.000000 3.984938
