#! FIELDS time r10.min
 0.000000 2.089006
 1.000000 2.290016
 2.000000 2.010760
 3.000000 2.695420
 4.000000 1.754454
 5.000000 1.136873
 6.000000 1.118231
 7.000000 0.842825
 8.000000 0.976403
 9.000000 2.485327
 10.000000 1.711343
 11.000000 2.354675
 12.000000 3.314165
 13.000000 3.584542
 14.000000 2.930457
 15.000000 3.361753
 16.000000 3.453560
 17.000000 3.595618
 18.000000 3.486260
 19.000000 3.322030
 20.000000 3.295870
 21.000000 3.558677
 22.000000 3.778947
 23.000000 3.734805
 24.000000 3.544783
 25.000000 1.765390
 26.000000 2.634279
 27.000000 3.300627
 28.000000 3.043010
 29.000000 2.864604
 30.000000 2.254647
 31.000000 3.081437
 32.000000 3.880797
 33.000000 4.168258
 34.000000 2.318951
 35.000000 2.464496
 36.000000 3.922825
 37.000000 3.821390
 38.000000 4.489564
 39.000000 3.642524
 40.000000 3.604104
 41.000000 3.224609
 42.000000 3.490599
 43.000000 4.014729
 44.000000 3.129334
 45.000000 2.535687
 46.000000 2.783392
 47.000000 2.964671
 48.000000 3.159537
 49.000000 3.185446
 50.000000 2.780891
 51.000000 3.006482
 52.000000 2.717017
 53.000000 3.164607
 54.000000 2.812376
 55.000000 2.603777
 56.000000 2.734991
 57.000000 2.504105
 58.000000 2.820681
 59.000000 2.782511
 60.000000 2.678116
 61.000000 2.704280
 62.000000 2.531364
 63.000000 2.497479
 64.000000 2.528559
 65.000000 2.412394
 66.000000 3.315931
 67.000000 4.084607
 68.000000 3.722462
 69.000000 4.071391
 70.000000 4.063100
 71.000000 3.274135
 72.000000 3.938802
 73.000000 4.237489
 74.000000 3.987177
 75.000000 2.596372
 76.000000 3.783209
 77.000000 3.231742
 78.000000 2.695617
 79.000000 3.586613
 80.000000 3.639892
 81.000000 3.698198
 82.000000 3.512559
 83.000000 3.803201
 84.000000 2.753193
 85.000000 2.872037
 86.000000 3.016946
 87.000000 3.381152
 88.000000 3.581370
 89.000000 3.490454
 90.000000 3.987558
 91.000000 4.102138
 92.000000 4.050666
 93.000000 4.078058
 94.000000 4.096153
 95.000000 4.152147
 96.000000 3.794743
 97.000000 3.319714
 98.000000 2.854029
 99.000000 2.068103
 100.000000 2.983823
 101.000000 2.687428
 102.000000 3.757475
 103.000000 3.192068
 104.000000 3.434995
 105.000000 2.880673
 106.000000 3.821065
 107.000000 2.870506
 108.000000 2.116679
 109.000000 2.093072
 110.000000 2.166241
 111.000000 2.335610
 112.000000 2.696732
 113.000000 3.075156
 114.000000 3.306035
 115.000000 3.151936
 116.000000 3.149932
 117.000000 3.197688
 118.000000 3.138912
 119.000000 2.812372
 120.000000 2.985173
 121.000000 3.007474
 122.000000 3.135498
 123.000000 3.014143
 124.000000 3.164896
 125.000000 3.032985
 126.000000 2.842018
 127.000000 2.546861
 128.000000 2.556077
 129.000000 1.923708
 130.000000 1.799331
 131.000000 1.912206
 132.000000 1.962165
 133.000000 1.951119
 134.000000 1.952105
 135.000000 2.082005
 136.000000 2.525878
 137.000000 2.418786
 138.000000 2.015444
 139.000000 1.864210
 140.000000 1.750712
 141.000000 1.680940
 142.000000 2.762872
 143.000000 2.583912
 144.000000 1.976191
 145.000000 1.929065
 146.000000 3.462544
 147.000000 3.238696
 148.000000 3.021441
 149.000000 3.082704
 150.000000 3.343124
 151.000000 3.401422
 152.000000 2.679656
 153.000000 3.231747
 154.000000 3.330086
 155.000000 3.619356
 156.000000 3.714593
 157.000000 2.904157
 158.000000 3.327412
 159.000000 3.018764
 160.000000 3.152181
 161.000000 4.081197
 162.000000 3.607967
 163.000000 3.732435
 164.000000 3.502187
 165.000000 3.120209
 166.000000 2.705628
 167.000000 2.219087
 168.000000 3.993911
 169.000000 2.940900
 170.000000 2.850692
 171.000000 2.626659
 172.000000 2.920388
 173.000000 3.078461
 174.000000 2.977596
 175.000000 3.065670
 176.000000 2.976001
 177.000000 2.847208
 178.000000 2.968484
 179.000000 3.027234
 180.000000 2.934713
 181.000000 3.010094
 182.000000 2.934043
 183.000000 2.803733
 184.000000 2.819691
 185.000000 2.778283
 186.000000 2.616652
 187.000000 2.818969
 188.000000 2.849042
 189.000000 2.813781
 190.000000 3.036468
 191.000000 3.092791
 192.000000 3.248305
 193.000000 2.983947
 194.000000 3.116959
 195.000000 2.961207
 196.000000 3.048687
 197.000000 3.029040
 198.000000 2.832987
 199.000000 2.938921
 200.000000 2.966295
 201.000000 2.976285
 202.000000 3.022244
 203.000000 3.046835
 204.000000 3.900577
 205.000000 3.572850
 206.000000 3.163022
 207.000000 3.115268
 208.000000 3.251210
 209.000000 3.478249
 210.000000 3.673262
 211.000000 3.543113
 212.000000 3.044640
 213.000000 3.101363
 214.000000 3.372334
 215.000000 3.550288
 216.000000 3.610406
 217.000000 3.215605
 218.000000 3.401159
 219.000000 3.560430
 220.000000 3.459193
 221.000000 3.578532
 222.000000 3.520697
 223.000000 3.744403
 224.000000 3.812524
 225.000000 4.088880
 226.000000 3.805048
 227.000000 3.816803
 228.000000 3.846929
 229.000000 3.734205
 230.000000 3.614091
 231.000000 3.706149
 232.000000 3.630001
 233.000000 3.775376
 234.000000 3.850320
 235.000000 3.875046
 236.000000 3.976430
 237.000000 3.923783
 238.000000 3.719865
 239.000000 3.725440
 240.000000 3.883033
 241.000000 3.957070
 242.000000 4.164607
 243.000000 4.082532
 244.000000 3.545962
 245.000000 2.761191
 246.000000 1.980941
 247.000000 2.418800
 248.000000 3.182438
 249.000000 3.160714
 250.000000 3.275153
 251.000000 3.424931
 252.000000 3.873420
 253.000000 3.669883
 254.000000 3.580583
 255.000000 3.440138
 256.000000 3.118857
 257.000000 2.918430
 258.000000 2.737181
 259.000000 2.540372
 260.000000 2.040325
 261.000000 1.316066
 262.000000 3.182675
 263.000000 2.994063
 264.000000 3.860221
 265.000000 2.401651
 266.000000 2.720095
 267.000000 3.160750
 268.000000 2.626789
 269.000000 2.888241
 270.000000 3.501035
 271.000000 3.322840
 272.000000 2.351693
 273.000000 3.767028
 274.000000 3.556961
 275.000000 2.418906
 276.000000 2.895136
 277.000000 3.207660
 278.000000 2.555028
 279.000000 3.885146
 280.000000 2.145941
 281.000000 3.377809
 282.000000 3.014607
 283.000000 3.177863
 284.000000 1.285760
 285.000000 3.680827
 286.000000 2.936625
 287.000000 3.866977
 288.000000 3.723260
 289.000000 2.201368
 290.000000 3.092700
 291.000000 3.539933
 292.000000 3.529260
 293.000000 4.003667
 294.000000 3.827051
 295.000000 3.579940
 296.000000 2.984823
 297.000000 3.190424
 298.000000 2.710218
 299.000000 1.885610
 300.000000 2.050072
 301.000000 2.206972
 302.000000 2.652465
 303.000000 3.397825
 304.000000 3.682742
 305.000000 3.730878
 306.000000 3.824747
 307.000000 3.386874
 308.000000 2.723523
 309.000000 3.138535
 310.000000 2.066887
 311.000000 0.959688
 312.000000 2.647245
 313.000000 3.303379
 314.000000 3.421867
 315.000000 3.163758
 316.000000 3.771683
 317.000000 3.851140
 318.000000 3.553516
 319.000000 2.962592
 320.000000 3.556319
 321.000000 2.744519
 322.000000 2.502127
 323.000000 3.255399
 324.000000 3.259735
 325.000000 3.864604
 326.000000 4.005471
 327.000000 3.885761
 328.000000 3.040418
 329.000000 3.583484
 330.000000 2.457077
 331.000000 3.074202
 332.000000 2.641768
 333.000000 1.746945
 334.000000 1.680229
 335.000000 3.250842
 336.000000 3.375792
 337.000000 3.690571
 338.000000 3.259541
 339.000000 3.930305
 340.000000 3.702581
 341.000000 3.875732
 342.000000 3.696192
 343.000000 3.528633
 344.000000 3.257577
 345.000000 2.951316
 346.000000 2.804957
 347.000000 3.297844
 348.000000 3.314873
 349.000000 3.027817
 350.000000 3.009636
 351.000000 2.959791
 352.000000 3.213584
 353.000000 3.432459
 354.000000 3.402961
 355.000000 3.497586
 356.000000 3.555653
 357.000000 3.244349
 358.000000 2.806889
 359.000000 3.129589
 360.000000 3.383819
 361.000000 3.497076
 362.000000 3.511656
 363.000000 3.874004
 364.000000 4.028293
 365.000000 4.082048
 366.000000 3.937330
 367.000000 4.088993
 368.000000 3.991259
 369.000000 4.102829
 370.000000 3.992914
 371.000000 3.950498
 372.000000 3.883821
 373.000000 4.018226
 374.000000 3.713799
 375.000000 3.673333
 376.000000 3.628831
 377.000000 3.790578
 378.000000 3.864332
 379.000000 3.881745
 380.000000 3.702472
 381.000000 3.682236
 382.000000 3.834912
 383.000000 3.848849
 384.000000 3.956503
 385.000000 3.836473
 386.000000 3.766765
 387.000000 3.904348
 388.000000 3.897291
 389.000000 4.283480
 390.000000 4.204895
 391.000000 4.161751
 392.000000 4.128566
 393.000000 4.232261
 394.000000 4.241526
 395.000000 3.964421
 396.000000 3.986223
 397.000000 3.976703
 398.000000 3.973303
 399.000000 3.737679
 400.000000 3.761366
 401.000000 3.838569
 402.000000 3.860899
 403.000000 4.064169
 404.000000 4.013297
 405.000000 3.887881
 406.000000 3.788037
 407.000000 3.827067
 408.000000 3.939885
 409.000000 3.943548
 410.000000 3.902592
 411.000000 4.032775
 412.000000 4.023154
 413.000000 4.041985
 414.000000 3.907888
 415.000000 3.931759
 416.000000 3.866128
 417.000000 3.810758
 418.000000 3.834871
 419.000000 3.872622
 420.000000 4.234575
 421.000000 3.718122
 422.000000 4.305307
 423.000000 4.458168
 424.000000 4.510992
 425.000000 4.638403
 426.000000 4.816172
 427.000000 4.866238
 428.000000 4.904407
 429.000000 3.401375
 430.000000 4.700306
 431.000000 4.605750
 432.000000 4.689274
 433.000000 4.490768
 434.000000 4.580020
 435.000000 4.828213
 436.000000 4.738996
 437.000000 4.993823
 438.000000 4.878770
 439.000000 4.768983
 440.000000 4.880280
 441.000000 4.711146
 442.000000 4.652845
 443.000000 3.043536
 444.000000 2.868057
 445.000000 2.823771
 446.000000 4.149799
 447.000000 3.755331
 448.000000 2.874843
 449.000000 3.532263
 450.000000 3.960841
 451.000000 4.224451
 452.000000 3.599394
 453.000000 4.225182
 454.000000 3.728107
 455.000000 4.347037
 456.000000 4.032911
 457.000000 2.772082
 458.000000 2.847968
 459.000000 3.307858
 460.000000 3.404240
 461.000000 2.595659
 462.000000 2.184600
 463.000000 3.213118
 464.000000 2.340333
 465.000000 2.710584
 466.000000 4.126329
 467.000000 3.464644
 468.000000 4.051271
 469.000000 4.233639
 470.000000 4.336489
 471.000000 4.059666
 472.000000 3.974856
 473.000000 3.758616
 474.000000 2.887607
 475.000000 3.362531
 476.000000 3.428332
 477.000000 2.627652
 478.000000 0.869942
 479.000000 0.237493
 480.000000 0.223903
 481.000000 1.490498
 482.000000 1.798398
 483.000000 2.664589
 484.000000 2.941338
 485.000000 2.891684
 486.000000 3.615581
 487.000000 3.712321
 488.000000 2.866372
 489.000000 3.206168
 490.000000 3.513123
 491.000000 2.332734
 492.000000 2.434978
 493.000000 3.097485
 494.000000 3.273081
 495.000000 3.693452
 496.000000 3.765389
 497.000000 3.466837
 498.000000 3.671619
 499.000000 3.804387
 500.000000 3.910000
 501.000000 4.072842
 502.000000 3.244269
 503.000000 3.300614
 504.000000 3.901851
 505.000000 3.045919
 506.000000 3.135086
 507.000000 3.460689
 508.000000 2.507422
 509.000000 3.098647
 510.000000 3.665864
 511.000000 3.452141
 512.000000 2.867873
 513.000000 3.457594
 514.000000 3.337209
 515.000000 3.134307
 516.000000 4.219553
 517.000000 3.649786
 518.000000 3.457088
 519.000000 2.466190
 520.000000 2.920692
 521.000000 3.820448
 522.000000 3.877014
 523.000000 2.327636
 524.000000 2.354897
 525.000000 2.331589
 526.000000 0.669266
 527.000000 1.056479
 528.000000 2.559024
 529.000000 2.764107
 530.000000 2.948150
 531.000000 3.787305
 532.000000 3.722069
 533.000000 2.902834
 534.000000 1.434281
 535.000000 1.520273
 536.000000 1.723313
 537.000000 2.459925
 538.000000 2.920541
 539.000000 2.945890
 540.000000 2.966822
 541.000000 2.634893
 542.000000 3.100958
 543.000000 2.414639
 544.000000 2.401864
 545.000000 2.393100
 546.000000 3.102744
 547.000000 3.241381
 548.000000 3.419428
 549.000000 3.418590
 550.000000 3.165957
 551.000000 2.931715
 552.000000 3.257292
 553.000000 3.281121
 554.000000 3.805681
 555.000000 3.898087
 556.000000 3.560653
 557.000000 3.052399
 558.000000 3.250189
 559.000000 3.191427
 560.000000 3.110366
 561.000000 3.148964
 562.000000 3.327494
 563.000000 3.137923
 564.000000 2.902322
 565.000000 3.051375
 566.000000 3.154599
 567.000000 3.210239
 568.000000 3.322529
 569.000000 2.931797
 570.000000 2.591639
 571.000000 2.507451
 572.000000 2.406121
 573.000000 2.255809
 574.000000 2.555543
 575.000000 2.422151
 576.000000 2.264691
 577.000000 1.681967
 578.000000 2.375166
 579.000000 3.148314
 580.000000 2.234994
 581.000000 2.971764
 582.000000 2.982242
 583.000000 3.279793
 584.000000 3.196111
 585.000000 2.158865
 586.000000 2.901094
 587.000000 3.184613
 588.000000 2.334356
 589.000000 2.877594
 590.000000 3.178624
 591.000000 3.388442
 592.000000 4.348890
 593.000000 4.295948
 594.000000 3.934438
 595.000000 4.125723
 596.000000 4.411746
 597.000000 4.655264
 598.000000 4.510023
 599.000000 4.353646
 600.000000 4.452897
 601.000000 4.775003
 602.000000 4.720308
 603.000000 4.447698
 604.000000 4.551479
 605.000000 4.213569
 606.000000 4.515250
 607.000000 4.582285
 608.000000 4.559370
 609.000000 4.429091
 610.000000 4.443324
 611.000000 4.586919
 612.000000 4.527512
 613.000000 4.682229
 614.000000 4.644263
 615.000000 4.751859
 616.000000 4.770014
 617.000000 4.645322
 618.000000 3.959452
 619.000000 4.706594
 620.000000 4.556227
 621.000000 4.624366
 622.000000 4.805495
 623.000000 4.683355
 624.000000 3.760332
 625.000000 4.697963
 626.000000 4.735279
 627.000000 3.477997
 628.000000 4.717326
 629.000000 3.328027
 630.000000 3.624892
 631.000000 3.382968
 632.000000 3.402290
 633.000000 3.507180
 634.000000 4.743110
 635.000000 4.733117
 636.000000 4.836830
 637.000000 3.468360
 638.000000 3.399565
 639.000000 4.803427
 640.000000 4.509318
 641.000000 3.432471
 642.000000 4.706603
 643.000000 3.381307
 644.000000 3.252088
 645.000000 3.376503
 646.000000 4.841789
 647.000000 4.962101
 648.000000 3.399680
 649.000000 3.308493
 650.000000 3.253335
 651.000000 3.357536
 652.000000 3.440620
 653.000000 4.551020
 654.000000 4.704171
 655.000000 4.739661
 656.000000 4.786537
 657.000000 4.712362
 658.000000 4.517856
 659.000000 4.327484
 660.000000 4.005150
 661.000000 3.796006
 662.000000 3.885364
 663.000000 3.814527
 664.000000 3.741638
 665.000000 3.878542
 666.000000 3.742907
 667.000000 3.854497
 668.000000 3.878405
 669.000000 3.973469
 670.000000 3.938951
 671.000000 3.825400
 672.000000 3.925768
 673.000000 3.768731
 674.000000 3.831904
 675.000000 3.858583
 676.000000 3.726858
 677.000000 3.742590
 678.000000 3.808358
 679.000000 4.002632
 680.000000 3.828796
 681.000000 3.676622
 682.000000 3.562665
 683.000000 3.591285
 684.000000 3.590980
 685.000000 3.629812
 686.000000 3.719987
 687.000000 3.576217
 688.000000 3.774206
 689.000000 3.709720
 690.000000 3.809009
 691.000000 3.694801
 692.000000 3.492350
 693.000000 3.611169
 694.000000 3.831280
 695.000000 3.695799
 696.000000 3.495957
 697.000000 3.751396
 698.000000 4.042135
 699.000000 3.939142
 700.000000 3.850383
 701.000000 3.714676
 702.000000 3.552190
 703.000000 3.386605
 704.000000 3.257557
 705.000000 2.193715
 706.000000 2.591282
 707.000000 3.693284
 708.000000 3.634129
 709.000000 4.074041
 710.000000 4.287740
 711.000000 3.900374
 712.000000 3.377647
 713.000000 3.963706
 714.000000 3.400203
 715.000000 3.550867
 716.000000 3.804560
 717.000000 3.836739
 718.000000 3.285375
 719.000000 2.874431
 720.000000 3.023880
 721.000000 1.857432
 722.000000 3.318781
 723.000000 3.657751
 724.000000 1.752743
 725.000000 0.654255
 726.000000 3.169288
 727.000000 3.022260
 728.000000 3.820502
 729.000000 3.269840
 730.000000 3.580059
 731.000000 3.175460
 732.000000 2.054533
 733.000000 2.389450
 734.000000 4.641080
 735.000000 4.670948
 736.000000 3.879673
 737.000000 3.456722
 738.000000 3.526018
 739.000000 2.977912
 740.000000 3.509105
 741.000000 2.993656
 742.000000 3.710153
 743.000000 3.221415
 744.000000 3.714359
 745.000000 3.353636
 746.000000 3.288146
 747.000000 3.364729
 748.000000 3.666453
 749.000000 3.620678
 750.000000 3.608089
 751.000000 3.244335
 752.000000 3.359491
 753.000000 3.787139
 754.000000 3.452886
 755.000000 3.102254
 756.000000 3.355656
 757.000000 2.801403
 758.000000 1.465193
 759.000000 2.086719
 760.000000 1.569602
 761.000000 0.911624
 762.000000 0.726231
 763.000000 1.164552
 764.000000 2.157422
 765.000000 2.604161
 766.000000 2.513149
 767.000000 3.232014
 768.000000 3.723810
 769.000000 3.457873
 770.000000 3.951937
 771.000000 4.110135
 772.000000 4.246335
 773.000000 3.954987
 774.000000 3.663731
 775.000000 2.265589
 776.000000 2.400274
 777.000000 2.774768
 778.000000 2.209303
 779.000000 2.124526
 780.000000 2.979131
 781.000000 2.392062
 782.000000 2.605924
 783.000000 2.066876
 784.000000 2.440895
 785.000000 2.910043
 786.000000 3.599012
 787.000000 2.555678
 788.000000 3.570183
 789.000000 3.219100
 790.000000 3.684063
 791.000000 3.708636
 792.000000 3.796551
 793.000000 3.782014
 794.000000 4.320031
 795.000000 3.758906
 796.000000 3.454874
 797.000000 3.934023
 798.000000 3.876916
 799.000000 3.030364
 800.000000 2.891474
 801.000000 3.062272
 802.000000 2.273849
 803.000000 2.847949
 804.000000 2.871711
 805.000000 2.646996
 806.000000 2.592065
 807.000000 2.069527
 808.000000 2.300361
 809.000000 2.789986
 810.000000 2.727242
 811.000000 3.030415
 812.000000 2.993641
 813.000000 2.923827
 814.000000 3.163498
 815.000000 2.696260
 816.000000 3.394943
 817.000000 3.899467
 818.000000 3.767856
 819.000000 3.964966
 820.000000 3.764529
 821.000000 3.690539
 822.000000 3.485664
 823.000000 3.336916
 824.000000 3.030369
 825.000000 2.961062
 826.000000 2.821570
 827.000000 2.688332
 828.000000 2.231536
 829.000000 2.907741
 830.000000 2.971220
 831.000000 3.039481
 832.000000 2.638546
 833.000000 2.859722
 834.000000 2.738138
 835.000000 3.044783
 836.000000 3.192612
 837.000000 2.943409
 838.000000 3.359744
 839.000000 2.925085
 840.000000 3.042896
 841.000000 3.570265
 842.000000 3.055403
 843.000000 3.217472
 844.000000 3.896076
 845.000000 3.549578
 846.000000 3.511235
 847.000000 3.645423
 848.000000 3.338112
 849.000000 3.992678
 850.000000 4.179977
 851.000000 3.837634
 852.000000 3.490484
 853.000000 3.059836
 854.000000 3.106746
 855.000000 4.480638
 856.000000 3.950535
 857.000000 3.655841
 858.000000 3.880456
 859.000000 3.800043
 860.000000 3.270609
 861.000000 3.336366
 862.000000 3.090399
 863.000000 3.241734
 864.000000 3.671632
 865.000000 3.283636
 866.000000 2.989016
 867.000000 3.633866
 868.000000 2.995342
 869.000000 2.587899
 870.000000 3.279796
 871.000000 3.505134
 872.000000 3.555138
 873.000000 3.525857
 874.000000 3.162778
 875.000000 3.504030
 876.000000 3.132393
 877.000000 3.423256
 878.000000 2.882899
 879.000000 3.518885
 880.000000 2.913071
 881.000000 4.122176
 882.000000 2.986859
 883.000000 3.787579
 884.000000 3.386842
 885.000000 3.939054
 886.000000 3.562669
 887.000000 3.588250
 888.000000 3.025299
 889.000000 3.347007
 890.000000 3.250084
 891.000000 3.071161
 892.000000 3.386461
 893.000000 3.614756
 894.000000 3.553882
 895.000000 3.376424
 896.000000 2.843738
 897.000000 2.991833
 898.000000 3.060771
 899.000000 3.338408
 900.000000 2.883348
 901.000000 3.074492
 902.000000 3.348928
 903.000000 3.690355
 904.000000 3.956010
 905.000000 3.803757
 906.000000 2.919885
 907.000000 2.291593
 908.000000 1.936253
 909.000000 1.867893
 910.000000 1.895986
 911.000000 2.014795
 912.000000 1.872822
 913.000000 1.930692
 914.000000 1.787433
 915.000000 1.783593
 916.000000 1.969261
 917.000000 2.007012
 918.000000 1.790291
 919.000000 1.869201
 920.000000 2.026609
 921.000000 2.196161
 922.000000 2.137153
 923.000000 2.556550
 924.000000 2.729019
 925.000000 2.270528
 926.000000 2.386119
 927.000000 2.362382
 928.000000 2.305505
 929.000000 2.411764
 930.000000 2.534302
 931.000000 2.597335
 932.000000 2.340783
 933.000000 2.297557
 934.000000 2.616337
 935.000000 2.278353
 936.000000 2.203459
 937.000000 1.993973
 938.000000 2.339774
 939.000000 2.446587
 940.000000 2.394435
 941.000000 2.217221
 942.000000 2.164744
 943.000000 2.128793
 944.000000 2.009570
 945.000000 1.885254
 946.000000 1.964815
 947.000000 1.781724
 948.000000 1.770697
 949.000000 1.888846
 950.000000 1.920313
 951.000000 1.888713
 952.000000 2.124842
 953.000000 2.197410
 954.000000 2.382064
 955.000000 2.459809
 956.000000 2.293283
 957.000000 2.392646
 958.000000 2.352543
 959.000000 2.251401
 960.000000 2.252479
 961.000000 2.168445
 962.000000 2.395296
 963.000000 2.399066
 964.000000 1.919899
 965.000000 2.349188
 966.000000 2.355718
 967.000000 2.336596
 968.000000 2.225823
 969.000000 2.365905
 970.000000 2.338541
 971.000000 2.125523
 972.000000 2.162307
 973.000000 2.225806
 974.000000 2.111530
 975.000000 2.118941
 976.000000 2.278252
 977.000000 1.919620
 978.000000 2.820720
 979.000000 2.799376
 980.000000 2.573491
 981.000000 1.675890
 982.000000 3.495030
 983.000000 2.809699
 984.000000 2.458185
 985.000000 3.863401
 986.000000 3.318171
 987.000000 3.708892
 988.000000 3.507060
 989.000000 3.043173
 990.000000 2.714296
 991.000000 2.738966
 992.000000 3.933187
 993.000000 3.975962
 994.000000 3.697132
 995.000000 2.986702
 996.000000 3.428307
 997.000000 3.280430
 998.000000 1.672066
 999.000000 2.294189
 1000.000000 2.377435
 1001.000000 1.456816
 1002.000000 0.812296
 1003.000000 1.271296
 1004.000000 1.704021
 1005.000000 1.690700
 1006.000000 1.623823
 1007.000000 1.582539
 1008.000000 1.281899
 1009.000000 1.520898
 1010.000000 1.206391
 1011.000000 1.345452
 1012.000000 2.141592
 1013.000000 2.294859
 1014.000000 2.202060
 1015.000000 2.388271
 1016.000000 2.575846
 1017.000000 2.523583
 1018.000000 2.407422
 1019.000000 2.399591
 1020.000000 2.274936
 1021.000000 2.253076
 1022.000000 2.162621
 1023.000000 2.056214
 1024.000000 1.959940
 1025.000000 1.898067
 1026.000000 1.886830
 1027.000000 2.065036
 1028.000000 1.891610
 1029.000000 1.875835
 1030.000000 1.773637
 1031.000000 2.034322
 1032.000000 1.737205
 1033.000000 1.837488
 1034.000000 1.663054
 1035.000000 1.732200
 1036.000000 1.822073
 1037.000000 1.789170
 1038.000000 1.714286
 1039.000000 1.376980
 1040.000000 1.608103
 1041.000000 2.652526
 1042.000000 2.604745
 1043.000000 3.327218
 1044.000000 2.996204
 1045.000000 3.377358
 1046.000000 3.706091
 1047.000000 4.053793
 1048.000000 4.091155
 1049.000000 3.930341
 1050.000000 4.085050
 1051.000000 4.033942
 1052.000000 3.559541
 1053.000000 3.103412
 1054.000000 3.452409
 1055.000000 3.889748
 1056.000000 3.308773
 1057.000000 3.514947
 1058.000000 3.385051
 1059.000000 3.250112
 1060.000000 3.702583
 1061.000000 3.910132
 1062.000000 3.907744
 1063.000000 3.914994
 1064.000000 4.245124
 1065.000000 4.042726
 1066.000000 4.058914
 1067.000000 3.633463
 1068.000000 3.882338
 1069.000000 4.002427
 1070.000000 3.891624
 1071.000000 4.014504
 1072.000000 3.314713
 1073.000000 3.447143
 1074.000000 2.526273
 1075.000000 2.612180
 1076.000000 1.607326
 1077.000000 1.954091
 1078.000000 2.960347
 1079.000000 3.370533
 1080.000000 3.313029
 1081.000000 1.419653
 1082.000000 1.422193
 1083.000000 2.658848
 1084.000000 3.022785
 1085.000000 2.162278
 1086.000000 3.588453
 1087.000000 3.520757
 1088.000000 2.799328
 1089.000000 4.372444
 1090.000000 4.228051
 1091.000000 3.606232
 1092.000000 3.426147
 1093.000000 3.798045
 1094.000000 3.482479
 1095.000000 3.288759
 1096.000000 3.119169
 1097.000000 3.755407
 1098.000000 3.342384
 1099.000000 3.126622
 1100.000000 3.137598
 1101.000000 2.917896
 1102.000000 2.261249
 1103.000000 1.823659
 1104.000000 1.966151
 1105.000000 2.779187
 1106.000000 2.692208
 1107.000000 2.428613
 1108.000000 2.159620
 1109.000000 1.998591
 1110.000000 2.331865
 1111.000000 2.198134
 1112.000000 1.984133
 1113.000000 1.958105
 1114.000000 1.834465
 1115.000000 1.956811
 1116.000000 1.671098
 1117.000000 1.612759
 1118.000000 1.670912
 1119.000000 1.952662
 1120.000000 1.911431
 1121.000000 1.811944
 1122.000000 1.926658
 1123.000000 1.893671
 1124.000000 1.814548
 1125.000000 1.893049
 1126.000000 1.976352
 1127.000000 1.907793
 1128.000000 2.089500
 1129.000000 2.189305
 1130.000000 2.229534
 1131.000000 2.358309
 1132.000000 2.317348
 1133.000000 2.254782
 1134.000000 2.159489
 1135.000000 2.124516
 1136.000000 2.102717
 1137.000000 2.148354
 1138.000000 2.010477
 1139.000000 2.227207
 1140.000000 2.253483
 1141.000000 2.122876
 1142.000000 2.156018
 1143.000000 2.148510
 1144.000000 2.222638
 1145.000000 2.137790
 1146.000000 2.155097
 1147.000000 2.132602
 1148.000000 2.150740
 1149.000000 2.135251
 1150.000000 2.140700
 1151.000000 2.308827
 1152.000000 2.386047
 1153.000000 2.213798
 1154.000000 2.184058
 1155.000000 2.265706
 1156.000000 2.327571
 1157.000000 2.217978
 1158.000000 2.238651
 1159.000000 2.251670
 1160.000000 2.230551
 1161.000000 2.134651
 1162.000000 2.281367
 1163.000000 2.287840
 1164.000000 2.271183
 1165.000000 2.402708
 1166.000000 2.352992
 1167.000000 2.297815
 1168.000000 2.308007
 1169.000000 2.334358
 1170.000000 2.500414
 1171.000000 2.468095
 1172.000000 2.397182
 1173.000000 2.386420
 1174.000000 2.465535
 1175.000000 2.215308
 1176.000000 2.245343
 1177.000000 2.324540
 1178.000000 2.206564
 1179.000000 2.138968
 1180.000000 2.114402
 1181.000000 2.167911
 1182.000000 2.210486
 1183.000000 2.269094
 1184.000000 2.188383
 1185.000000 2.157206
 1186.000000 2.079810
 1187.000000 2.116493
 1188.000000 2.021354
 1189.000000 2.013073
 1190.000000 2.134621
 1191.000000 2.110080
 1192.000000 1.999648
 1193.000000 2.074804
 1194.000000 2.116925
 1195.000000 2.025770
 1196.000000 2.229459
 1197.000000 2.269478
 1198.000000 2.299883
 1199.000000 2.276430
 1200.000000 2.269017
 1201.000000 2.375972
 1202.000000 2.256914
 1203.000000 2.275094
 1204.000000 2.262869
 1205.000000 2.268026
 1206.000000 2.272908
 1207.000000 2.233308
 1208.000000 2.284070
 1209.000000 2.323673
 1210.000000 2.385645
 1211.000000 2.357350
 1212.000000 2.280415
 1213.000000 2.333334
 1214.000000 2.280971
 1215.000000 2.362078
 1216.000000 2.361623
 1217.000000 2.207533
 1218.000000 2.177948
 1219.000000 2.159613
 1220.000000 2.126175
 1221.000000 2.108781
 1222.000000 2.210352
 1223.000000 2.157725
 1224.000000 2.443092
 1225.000000 2.364624
 1226.000000 2.499657
 1227.000000 2.536357
 1228.000000 2.755629
 1229.000000 2.518297
 1230.000000 2.676236
 1231.000000 2.454566
 1232.000000 2.513661
 1233.000000 2.554739
 1234.000000 2.663969
 1235.000000 2.807511
 1236.000000 2.671260
 1237.000000 2.932413
 1238.000000 2.693337
 1239.000000 2.518458
 1240.000000 2.299050
 1241.000000 2.333307
 1242.000000 2.216553
 1243.000000 2.159059
 1244.000000 2.100011
 1245.000000 2.410998
 1246.000000 2.274248
 1247.000000 2.280794
 1248.000000 2.131565
 1249.000000 2.188325
 1250.000000 2.102228
 1251.000000 2.304750
 1252.000000 2.137901
 1253.000000 2.194250
 1254.000000 2.076410
 1255.000000 2.250832
 1256.000000 2.265710
 1257.000000 2.338951
 1258.000000 2.415575
 1259.000000 2.505961
 1260.000000 2.418552
 1261.000000 2.454830
 1262.000000 2.576391
 1263.000000 2.530588
 1264.000000 2.525319
 1265.000000 2.397325
 1266.000000 2.251942
 1267.000000 2.147738
 1268.000000 2.281467
 1269.000000 2.113982
 1270.000000 1.872431
 1271.000000 2.040792
 1272.000000 2.161663
 1273.000000 2.013318
 1274.000000 2.401165
 1275.000000 2.564515
 1276.000000 2.337383
 1277.000000 2.360281
 1278.000000 2.437011
 1279.000000 2.310186
 1280.000000 1.941758
 1281.000000 2.053267
 1282.000000 2.084277
 1283.000000 2.280193
 1284.000000 2.114369
 1285.000000 2.161944
 1286.000000 2.371691
 1287.000000 2.305851
 1288.000000 2.221073
 1289.000000 2.165469
 1290.000000 2.164267
 1291.000000 2.070698
 1292.000000 2.184027
 1293.000000 2.030400
 1294.000000 2.339220
 1295.000000 2.098408
 1296.000000 2.258959
 1297.000000 2.198595
 1298.000000 1.999005
 1299.000000 1.999586
 1300.000000 2.149673
 1301.000000 2.005010
 1302.000000 1.840138
 1303.000000 1.930495
 1304.000000 1.721262
 1305.000000 1.904298
 1306.000000 1.973435
 1307.000000 1.871536
 1308.000000 1.910747
 1309.000000 2.060314
 1310.000000 2.033901
 1311.000000 2.278355
 1312.000000 2.122863
 1313.000000 2.125983
 1314.000000 2.171047
 1315.000000 2.124333
 1316.000000 1.985143
 1317.000000 1.934688
 1318.000000 2.110590
 1319.000000 1.924730
 1320.000000 1.834989
 1321.000000 1.857354
 1322.000000 1.536840
 1323.000000 1.651342
 1324.000000 1.642210
 1325.000000 1.602559
 1326.000000 1.650632
 1327.000000 1.551074
 1328.000000 1.866518
 1329.000000 2.084667
 1330.000000 2.099870
 1331.000000 1.850579
 1332.000000 2.025373
 1333.000000 2.322488
 1334.000000 2.060821
 1335.000000 1.946028
 1336.000000 2.133732
 1337.000000 2.010921
 1338.000000 2.054983
 1339.000000 2.032190
 1340.000000 1.889744
 1341.000000 1.904621
 1342.000000 1.889579
 1343.000000 2.113952
 1344.000000 2.261302
 1345.000000 2.327896
 1346.000000 2.480510
 1347.000000 2.477993
 1348.000000 2.491960
 1349.000000 2.371750
 1350.000000 2.478283
 1351.000000 2.763460
 1352.000000 3.327011
 1353.000000 3.393167
 1354.000000 3.348404
 1355.000000 3.321472
 1356.000000 3.419248
 1357.000000 3.414258
 1358.000000 3.345922
 1359.000000 3.380041
 1360.000000 3.518131
 1361.000000 3.522305
 1362.000000 3.493479
 1363.000000 3.678061
 1364.000000 4.050904
 1365.000000 4.432000
 1366.000000 4.362351
 1367.000000 4.442118
 1368.000000 4.482930
 1369.000000 4.474539
 1370.000000 4.241016
 1371.000000 4.318377
 1372.000000 4.202284
 1373.000000 4.228721
 1374.000000 4.022962
 1375.000000 4.232334
 1376.000000 4.043889
 1377.000000 3.882823
 1378.000000 4.246596
 1379.000000 4.023721
 1380.000000 3.848644
 1381.000000 3.915803
 1382.000000 3.850116
 1383.000000 4.149592
 1384.000000 4.154747
 1385.000000 4.061582
 1386.000000 4.041787
 1387.000000 4.175710
 1388.000000 4.265037
 1389.000000 4.313179
 1390.000000 4.292686
 1391.000000 4.288101
 1392.000000 4.541920
 1393.000000 4.543160
 1394.000000 4.416169
 1395.000000 4.467482
 1396.000000 4.363097
 1397.000000 4.288075
 1398.000000 4.185725
 1399.000000 4.091632
 1400.000000 4.000950
 1401.000000 4.052452
 1402.000000 4.185260
 1403.000000 4.104845
 1404.000000 4.091583
 1405.000000 3.891311
 1406.000000 3.994487
 1407.000000 3.847627
 1408.000000 3.584305
 1409.000000 3.498562
 1410.000000 3.315951
 1411.000000 3.077132
 1412.000000 3.096126
 1413.000000 2.899125
 1414.000000 2.789259
 1415.000000 2.843395
 1416.000000 2.487844
 1417.000000 2.814305
 1418.000000 3.086514
 1419.000000 2.866113
 1420.000000 3.119782
 1421.000000 3.243086
 1422.000000 3.383402
 1423.000000 3.344623
 1424.000000 3.105891
 1425.000000 3.148809
 1426.000000 2.434046
 1427.000000 3.046484
 1428.000000 3.048667
 1429.000000 2.661626
 1430.000000 2.766890
 1431.000000 3.158751
 1432.000000 2.865248
 1433.000000 3.175171
 1434.000000 3.480889
 1435.000000 3.177724
 1436.000000 3.326515
 1437.000000 3.098775
 1438.000000 3.195874
 1439.000000 3.053371
 1440.000000 2.822041
 1441.000000 2.900815
 1442.000000 2.739391
 1443.000000 2.808721
 1444.000000 2.683538
 1445.000000 2.722634
 1446.000000 2.993619
 1447.000000 2.825308
 1448.000000 2.710428
 1449.000000 3.389245
 1450.000000 3.138225
 1451.000000 3.603818
 1452.000000 3.711967
 1453.000000 3.805668
 1454.000000 3.831249
 1455.000000 4.081461
 1456.000000 4.003416
 1457.000000 3.868560
 1458.000000 3.807046
 1459.000000 3.981017
 1460.000000 4.148662
 1461.000000 3.933492
 1462.000000 3.892959
 1463.000000 3.774084
 1464.000000 3.780046
 1465.000000 3.902723
 1466.000000 3.914670
 1467.000000 4.007245
 1468.000000 3.996740
 1469.000000 3.860479
 1470.000000 3.933463
 1471.000000 3.996240
 1472.000000 3.881039
 1473.000000 4.006367
 1474.000000 3.809811
 1475.000000 3.771259
 1476.000000 3.654764
 1477.000000 3.708202
 1478.000000 3.663828
 1479.000000 3.650488
 1480.000000 3.778787
 1481.000000 3.693322
 1482.000000 3.611242
 1483.000000 3.706750
 1484.000000 3.714268
 1485.000000 3.671369
 1486.000000 3.272868
 1487.000000 3.275547
 1488.000000 3.237873
 1489.000000 3.118702
 1490.000000 3.332595
 1491.000000 3.453856
 1492.000000 3.626589
 1493.000000 3.301263
 1494.000000 3.536576
 1495.000000 3.902195
 1496.000000 3.915737
 1497.000000 3.896462
 1498.000000 3.907128
 1499.000000 3.970143
 1500.000000 4.041909
 1501.000000 3.944013
 1502.000000 4.014893
 1503.000000 4.058762
 1504.000000 4.085115
 1505.000000 4.012910
 1506.000000 3.968695
 1507.000000 3.914274
 1508.000000 3.702253
 1509.000000 3.824426
 1510.000000 3.633208
 1511.000000 3.426633
 1512.000000 3.505938
 1513.000000 3.550682
 1514.000000 3.716856
 1515.000000 3.741084
 1516.000000 3.894112
 1517.000000 3.933591
 1518.000000 3.941469
 1519.000000 3.677061
 1520.000000 3.719643
 1521.000000 3.738212
 1522.000000 3.317532
 1523.000000 2.837375
 1524.000000 2.932383
 1525.000000 3.029915
 1526.000000 2.403031
 1527.000000 2.559829
 1528.000000 2.642992
 1529.000000 3.058581
 1530.000000 3.226586
 1531.000000 3.165499
 1532.000000 3.224115
 1533.000000 3.777250
 1534.000000 3.938131
 1535.000000 3.839539
 1536.000000 3.780868
 1537.000000 3.955378
 1538.000000 3.963032
 1539.000000 3.784324
 1540.000000 3.941496
 1541.000000 3.943648
 1542.000000 4.045192
 1543.000000 4.081210
 1544.000000 4.274354
 1545.000000 4.260304
 1546.000000 4.185142
 1547.000000 4.362082
 1548.000000 4.423308
 1549.000000 4.483299
 1550.000000 4.618500
 1551.000000 4.734053
 1552.000000 4.663189
 1553.000000 4.690215
 1554.000000 4.716052
 1555.000000 4.497578
 1556.000000 4.480518
 1557.000000 4.502213
 1558.000000 4.291465
 1559.000000 4.048310
 1560.000000 3.631234
 1561.000000 3.472979
 1562.000000 3.208776
 1563.000000 3.187177
 1564.000000 3.566341
 1565.000000 3.365903
 1566.000000 3.504774
 1567.000000 3.566850
 1568.000000 2.998923
 1569.000000 2.954945
 1570.000000 3.306503
 1571.000000 3.063439
 1572.000000 3.218434
 1573.000000 3.314354
 1574.000000 3.584714
 1575.000000 3.385948
 1576.000000 3.425842
 1577.000000 3.586338
 1578.000000 3.106083
 1579.000000 3.349889
 1580.000000 3.366576
 1581.000000 3.319918
 1582.000000 3.256296
 1583.000000 3.000422
 1584.000000 3.224526
 1585.000000 3.125590
 1586.000000 2.984054
 1587.000000 3.064842
 1588.000000 2.915249
 1589.000000 3.026361
 1590.000000 3.246178
 1591.000000 3.362499
 1592.000000 3.411338
 1593.000000 3.261941
 1594.000000 3.195240
 1595.000000 3.307174
 1596.000000 3.636563
 1597.000000 3.596523
 1598.000000 3.631417
 1599.000000 3.579433
 1600.000000 3.639885
 1601.000000 3.474113
 1602.000000 3.800682
 1603.000000 3.555906
 1604.000000 3.718970
 1605.000000 3.789048
 1606.000000 3.522148
 1607.000000 3.693916
 1608.000000 3.795398
 1609.000000 4.011348
 1610.000000 3.855490
 1611.000000 3.671193
 1612.000000 3.213719
 1613.000000 3.338846
 1614.000000 3.419959
 1615.000000 3.025381
 1616.000000 3.124812
 1617.000000 2.939765
 1618.000000 2.907892
 1619.000000 2.805385
 1620.000000 2.916507
 1621.000000 2.890241
 1622.000000 2.857663
 1623.000000 3.064150
 1624.000000 3.314110
 1625.000000 3.395415
 1626.000000 3.452199
 1627.000000 3.282421
 1628.000000 3.019079
 1629.000000 3.083183
 1630.000000 2.652164
 1631.000000 2.968272
 1632.000000 2.503874
 1633.000000 2.205583
 1634.000000 2.454990
 1635.000000 2.226467
 1636.000000 2.451028
 1637.000000 2.437948
 1638.000000 2.422288
 1639.000000 2.108141
 1640.000000 2.308977
 1641.000000 2.672961
 1642.000000 2.499834
 1643.000000 2.760535
 1644.000000 3.023725
 1645.000000 2.574311
 1646.000000 2.722859
 1647.000000 2.610000
 1648.000000 2.747704
 1649.000000 2.574707
 1650.000000 2.890485
 1651.000000 3.070473
 1652.000000 3.237131
 1653.000000 3.182913
 1654.000000 3.306791
 1655.000000 2.968830
 1656.000000 2.990037
 1657.000000 3.244972
 1658.000000 3.294969
 1659.000000 3.374414
 1660.000000 3.225868
 1661.000000 2.916595
 1662.000000 3.362548
 1663.000000 3.196914
 1664.000000 3.055715
 1665.000000 2.760143
 1666.000000 2.781804
 1667.000000 2.515750
 1668.000000 2.557365
 1669.000000 2.539233
 1670.000000 2.386820
 1671.000000 2.310516
 1672.000000 2.241238
 1673.000000 2.405124
 1674.000000 2.470742
 1675.000000 2.327842
 1676.000000 2.281389
 1677.000000 2.203203
 1678.000000 1.554070
 1679.000000 2.776673
 1680.000000 2.929896
 1681.000000 3.203800
 1682.000000 2.739560
 1683.000000 2.503712
 1684.000000 2.214868
 1685.000000 1.207367
 1686.000000 0.933027
 1687.000000 0.936577
 1688.000000 1.054144
 1689.000000 1.285311
 1690.000000 3.589241
 1691.000000 4.352652
 1692.000000 3.766844
 1693.000000 4.151522
 1694.000000 3.815766
 1695.000000 3.436731
 1696.000000 3.380469
 1697.000000 3.318043
 1698.000000 3.444195
 1699.000000 2.475331
 1700.000000 2.314034
 1701.000000 2.792467
 1702.000000 3.986624
 1703.000000 4.306145
 1704.000000 4.307450
 1705.000000 4.365485
 1706.000000 3.146737
 1707.000000 3.174420
 1708.000000 2.598098
 1709.000000 2.927516
 1710.000000 2.805935
 1711.000000 3.398087
 1712.000000 3.723187
 1713.000000 3.592632
 1714.000000 3.200975
 1715.000000 3.869244
 1716.000000 3.619746
 1717.000000 3.905495
 1718.000000 3.831897
 1719.000000 3.921614
 1720.000000 4.186982
 1721.000000 3.840830
 1722.000000 3.417878
 1723.000000 2.324013
 1724.000000 1.740564
 1725.000000 1.354261
 1726.000000 1.977504
 1727.000000 1.443558
 1728.000000 1.424529
 1729.000000 1.591251
 1730.000000 1.388234
 1731.000000 1.506314
 1732.000000 1.258431
 1733.000000 1.491686
 1734.000000 1.504458
 1735.000000 1.497753
 1736.000000 1.325953
 1737.000000 0.611244
 1738.000000 1.237072
 1739.000000 1.071993
 1740.000000 0.549019
 1741.000000 0.473427
 1742.000000 2.996657
 1743.000000 0.819505
 1744.000000 1.888195
 1745.000000 1.136986
 1746.000000 0.773361
 1747.000000 0.838655
 1748.000000 2.194863
 1749.000000 1.636040
 1750.000000 0.294448
 1751.000000 0.810314
 1752.000000 1.675495
 1753.000000 2.245789
 1754.000000 1.346464
 1755.000000 2.896789
 1756.000000 2.803917
 1757.000000 2.741839
 1758.000000 3.210626
 1759.000000 3.227852
 1760.000000 2.830913
 1761.000000 2.941308
 1762.000000 2.625746
 1763.000000 2.561305
 1764.000000 2.261687
 1765.000000 1.946043
 1766.000000 1.490892
 1767.000000 0.277894
 1768.000000 0.373692
 1769.000000 1.566134
 1770.000000 3.117274
 1771.000000 4.340941
 1772.000000 4.386271
 1773.000000 3.805727
 1774.000000 2.613135
 1775.000000 2.917401
 1776.000000 3.630461
 1777.000000 3.042538
 1778.000000 3.280002
 1779.000000 3.085359
 1780.000000 3.590017
 1781.000000 3.221866
 1782.000000 4.302472
 1783.000000 3.278365
 1784.000000 4.702533
 1785.000000 3.163576
 1786.000000 2.966509
 1787.000000 3.242175
 1788.000000 2.174063
 1789.000000 3.401704
 1790.000000 2.097340
 1791.000000 2.986310
 1792.000000 3.002852
 1793.000000 3.522741
 1794.000000 3.287146
 1795.000000 2.714269
 1796.000000 2.902068
 1797.000000 3.080494
 1798.000000 2.284769
 1799.000000 2.441579
 1800.000000 2.930709
 1801.000000 2.466014
 1802.000000 3.436994
 1803.000000 3.738896
 1804.000000 3.292691
 1805.000000 2.903755
 1806.000000 1.481241
 1807.000000 2.624019
 1808.000000 2.861832
 1809.000000 2.968063
 1810.000000 2.887173
 1811.000000 2.991260
 1812.000000 3.245674
 1813.000000 3.027246
 1814.000000 3.170706
 1815.000000 3.550979
 1816.000000 3.389158
 1817.000000 3.655563
 1818.000000 2.968039
 1819.000000 3.131553
 1820.000000 2.619937
 1821.000000 2.974820
 1822.000000 3.186817
 1823.000000 3.053478
 1824.000000 2.782035
 1825.000000 2.872430
 1826.000000 3.112085
 1827.000000 3.148289
 1828.000000 3.111214
 1829.000000 3.335014
 1830.000000 2.396142
 1831.000000 2.263823
 1832.000000 2.884767
 1833.000000 3.081601
 1834.000000 3.126362
 1835.000000 3.012347
 1836.000000 3.051184
 1837.000000 3.192163
 1838.000000 2.354309
 1839.000000 2.430763
 1840.000000 3.081778
 1841.000000 3.103338
 1842.000000 3.500721
 1843.000000 3.269412
 1844.000000 3.609324
 1845.000000 3.512556
 1846.000000 3.462296
 1847.000000 3.605816
 1848.000000 3.457759
 1849.000000 3.893660
 1850.000000 3.683988
 1851.000000 3.661082
 1852.000000 3.520234
 1853.000000 3.388210
 1854.000000 3.570805
 1855.000000 3.037160
 1856.000000 2.675719
 1857.000000 2.774266
 1858.000000 2.735748
 1859.000000 3.263394
 1860.000000 3.466119
 1861.000000 3.795784
 1862.000000 3.431708
 1863.000000 3.819793
 1864.000000 2.445678
 1865.000000 3.563085
 1866.000000 3.019629
 1867.000000 2.576127
 1868.000000 3.137545
 1869.000000 2.735041
 1870.000000 2.483996
 1871.000000 3.430457
 1872.000000 3.414738
 1873.000000 3.960078
 1874.000000 3.810840
 1875.000000 3.444151
 1876.000000 3.236549
 1877.000000 3.137591
 1878.000000 3.086900
 1879.000000 3.146141
 1880.000000 3.373610
 1881.000000 3.175763
 1882.000000 3.698464
 1883.000000 3.974419
 1884.000000 3.923833
 1885.000000 3.737232
 1886.000000 3.773894
 1887.000000 3.868396
 1888.000000 3.918678
 1889.000000 3.730341
 1890.000000 3.945547
 1891.000000 4.333737
 1892.000000 4.334082
 1893.000000 4.006937
 1894.000000 4.369143
 1895.000000 4.658210
 1896.000000 4.677058
 1897.000000 4.624933
 1898.000000 4.302601
 1899.000000 4.211523
 1900.000000 4.006760
 1901.000000 3.837380
 1902.000000 3.962321
 1903.000000 3.968877
 1904.000000 1.865929
 1905.000000 2.049906
 1906.000000 2.885474
 1907.000000 3.324517
 1908.000000 3.130800
 1909.000000 2.059973
 1910.000000 2.680801
 1911.000000 3.429628
 1912.000000 3.981149
 1913.000000 3.091001
 1914.000000 3.248133
 1915.000000 3.149022
 1916.000000 3.487551
 1917.000000 3.185939
 1918.000000 4.056659
 1919.000000 3.097556
 1920.000000 1.818012
 1921.000000 2.177165
 1922.000000 2.340159
 1923.000000 2.529748
 1924.000000 2.716120
 1925.000000 3.064423
 1926.000000 2.729103
 1927.000000 2.462094
 1928.000000 2.136178
 1929.000000 0.713901
 1930.000000 2.029429
 1931.000000 2.113649
 1932.000000 1.964452
 1933.000000 2.185884
 1934.000000 1.940360
 1935.000000 2.351103
 1936.000000 2.657601
 1937.000000 2.800089
 1938.000000 1.869744
 1939.000000 2.426500
 1940.000000 1.986173
 1941.000000 2.254035
 1942.000000 2.512635
 1943.000000 3.055707
 1944.000000 3.006295
 1945.000000 2.611696
 1946.000000 2.905302
 1947.000000 3.001336
 1948.000000 2.941571
 1949.000000 2.670594
 1950.000000 2.928236
 1951.000000 2.831722
 1952.000000 2.709590
 1953.000000 3.048115
 1954.000000 2.814514
 1955.000000 2.692503
 1956.000000 2.578950
 1957.000000 2.677459
 1958.000000 2.820353
 1959.000000 3.468388
 1960.000000 3.304987
 1961.000000 3.331351
 1962.000000 3.168278
 1963.000000 3.255308
 1964.000000 2.563112
 1965.000000 3.194518
 1966.000000 3.232018
 1967.000000 2.899414
 1968.000000 2.961451
 1969.000000 3.484583
 1970.000000 2.018606
 1971.000000 1.455640
 1972.000000 1.443908
 1973.000000 2.788355
 1974.000000 1.458952
 1975.000000 0.332978
 1976.000000 0.880355
 1977.000000 1.337227
 1978.000000 0.320540
 1979.000000 2.075753
 1980.000000 1.869103
 1981.000000 2.818689
 1982.000000 2.815917
 1983.000000 3.747185
 1984.000000 3.608759
 1985.000000 3.245457
 1986.000000 2.755466
 1987.000000 3.672677
 1988.000000 3.395946
 1989.000000 3.299662
 1990.000000 3.203684
 1991.000000 2.994676
 1992.000000 2.985762
 1993.000000 3.031902
 1994.000000 3.848398
 1995.000000 2.832841
 1996.000000 1.948219
 1997.000000 3.527010
 1998.000000 2.877548
 1999.000000 2.646551
 2000.000000 3.058593
 2001.000000 2.395816
 2002.000000 2.847788
 2003.000000 2.806644
 2004.000000 2.747174
 2005.000000 3.016688
 2006.000000 3.006528
 2007.000000 2.701799
 2008.000000 2.684990
 2009.000000 3.219198
 2010.000000 2.875758
 2011.000000 2.843949
 2012.000000 2.922622
 2013.000000 2.621282
 2014.000000 3.073916
 2015.000000 3.226990
 2016.000000 2.733174
 2017.000000 3.235292
 2018.000000 3.523216
 2019.000000 4.159418
 2020.000000 3.847332
 2021.000000 3.929855
 2022.000000 3.904779
 2023.000000 3.982991
 2024.000000 3.885772
