#! FIELDS time r14.min
 0.000000 2.031887
 1.000000 2.514288
 2.000000 1.618530
 3.000000 2.438097
 4.000000 0.976383
 5.000000 0.916373
 6.000000 0.295531
 7.000000 0.212952
 8.000000 0.321510
 9.000000 2.072634
 10.000000 2.274589
 11.000000 2.182641
 12.000000 3.351293
 13.000000 3.942655
 14.000000 3.179838
 15.000000 3.719618
 16.000000 3.824118
 17.000000 4.047227
 18.000000 3.864687
 19.000000 3.634103
 20.000000 3.813360
 21.000000 3.866810
 22.000000 3.774383
 23.000000 3.837143
 24.000000 3.972935
 25.000000 2.431356
 26.000000 2.148511
 27.000000 2.993978
 28.000000 2.589620
 29.000000 2.515569
 30.000000 2.354648
 31.000000 2.906305
 32.000000 3.823662
 33.000000 3.995225
 34.000000 1.897563
 35.000000 2.524860
 36.000000 3.637233
 37.000000 3.559089
 38.000000 4.583898
 39.000000 3.390869
 40.000000 3.725063
 41.000000 3.383372
 42.000000 3.855392
 43.000000 3.759351
 44.000000 2.668440
 45.000000 1.964083
 46.000000 2.449631
 47.000000 2.667290
 48.000000 2.750032
 49.000000 2.841527
 50.000000 2.370631
 51.000000 2.518661
 52.000000 2.553779
 53.000000 2.748845
 54.000000 2.163328
 55.000000 2.103788
 56.000000 2.129079
 57.000000 1.998545
 58.000000 2.326884
 59.000000 2.390403
 60.000000 2.477926
 61.000000 2.250691
 62.000000 2.251096
 63.000000 2.236234
 64.000000 2.462897
 65.000000 2.005790
 66.000000 2.856952
 67.000000 3.795014
 68.000000 3.496216
 69.000000 3.870012
 70.000000 3.796577
 71.000000 2.960316
 72.000000 3.710443
 73.000000 4.236931
 74.000000 3.867943
 75.000000 2.518574
 76.000000 4.016665
 77.000000 3.540884
 78.000000 2.514557
 79.000000 3.737017
 80.000000 3.654008
 81.000000 3.823876
 82.000000 3.530712
 83.000000 3.663020
 84.000000 3.019398
 85.000000 2.525641
 86.000000 2.748880
 87.000000 3.758028
 88.000000 4.049237
 89.000000 3.479258
 90.000000 4.408133
 91.000000 4.454109
 92.000000 4.403868
 93.000000 4.281905
 94.000000 4.367545
 95.000000 4.574780
 96.000000 4.166161
 97.000000 3.361097
 98.000000 2.441545
 99.000000 2.085377
 100.000000 3.157114
 101.000000 2.637386
 102.000000 3.987107
 103.000000 3.339491
 104.000000 3.865734
 105.000000 3.352714
 106.000000 4.258189
 107.000000 3.096538
 108.000000 1.784602
 109.000000 1.681123
 110.000000 1.627922
 111.000000 2.097037
 112.000000 2.441156
 113.000000 2.796801
 114.000000 3.178342
 115.000000 3.055706
 116.000000 3.151759
 117.000000 2.992621
 118.000000 3.005651
 119.000000 2.668507
 120.000000 2.764795
 121.000000 2.879775
 122.000000 3.081880
 123.000000 2.852227
 124.000000 3.227307
 125.000000 2.948177
 126.000000 3.198843
 127.000000 2.489063
 128.000000 2.737387
 129.000000 1.922843
 130.000000 1.882015
 131.000000 1.776524
 132.000000 1.577167
 133.000000 1.583742
 134.000000 1.810273
 135.000000 1.719223
 136.000000 2.168402
 137.000000 2.233114
 138.000000 1.752241
 139.000000 1.754395
 140.000000 1.832652
 141.000000 1.845290
 142.000000 2.879272
 143.000000 2.580298
 144.000000 2.301443
 145.000000 1.982479
 146.000000 3.494783
 147.000000 3.200664
 148.000000 2.865383
 149.000000 2.890097
 150.000000 3.649172
 151.000000 3.716349
 152.000000 3.098324
 153.000000 3.619431
 154.000000 3.599143
 155.000000 3.875420
 156.000000 3.486495
 157.000000 2.836985
 158.000000 3.025731
 159.000000 2.633977
 160.000000 3.027840
 161.000000 4.084397
 162.000000 3.527118
 163.000000 3.687310
 164.000000 3.414594
 165.000000 3.124464
 166.000000 2.745149
 167.000000 2.224717
 168.000000 3.924301
 169.000000 2.907228
 170.000000 2.907202
 171.000000 2.541843
 172.000000 2.960396
 173.000000 3.048647
 174.000000 2.955584
 175.000000 3.008041
 176.000000 2.972086
 177.000000 2.900432
 178.000000 2.770888
 179.000000 3.061135
 180.000000 2.932343
 181.000000 2.966916
 182.000000 2.877436
 183.000000 2.876899
 184.000000 2.904092
 185.000000 2.944422
 186.000000 2.866333
 187.000000 3.034392
 188.000000 3.050031
 189.000000 3.005772
 190.000000 3.113145
 191.000000 3.223832
 192.000000 3.337542
 193.000000 2.995596
 194.000000 3.292164
 195.000000 3.151059
 196.000000 3.230857
 197.000000 3.235624
 198.000000 3.049658
 199.000000 2.944287
 200.000000 2.895542
 201.000000 2.921357
 202.000000 2.886788
 203.000000 3.031562
 204.000000 3.847950
 205.000000 3.340075
 206.000000 3.103563
 207.000000 2.858170
 208.000000 3.032570
 209.000000 3.184120
 210.000000 3.488974
 211.000000 3.410524
 212.000000 2.789248
 213.000000 2.759076
 214.000000 3.186421
 215.000000 3.265039
 216.000000 3.328574
 217.000000 2.789646
 218.000000 3.142902
 219.000000 3.398297
 220.000000 3.191090
 221.000000 3.358953
 222.000000 3.287847
 223.000000 3.448256
 224.000000 3.642612
 225.000000 3.946640
 226.000000 3.634689
 227.000000 3.639223
 228.000000 3.658150
 229.000000 3.559852
 230.000000 3.452045
 231.000000 3.461387
 232.000000 3.342274
 233.000000 3.551855
 234.000000 3.568898
 235.000000 3.663244
 236.000000 3.685440
 237.000000 3.596165
 238.000000 3.550369
 239.000000 3.446975
 240.000000 3.687665
 241.000000 3.713738
 242.000000 4.005995
 243.000000 3.884692
 244.000000 3.733586
 245.000000 3.328907
 246.000000 2.614965
 247.000000 2.917368
 248.000000 3.233310
 249.000000 3.162564
 250.000000 3.338577
 251.000000 3.774200
 252.000000 4.209823
 253.000000 4.116052
 254.000000 4.041015
 255.000000 3.609742
 256.000000 3.318666
 257.000000 2.984515
 258.000000 2.703977
 259.000000 3.011717
 260.000000 2.253876
 261.000000 1.744943
 262.000000 3.620128
 263.000000 3.385814
 264.000000 3.672364
 265.000000 1.864951
 266.000000 2.520449
 267.000000 3.026723
 268.000000 3.020501
 269.000000 3.441885
 270.000000 3.887659
 271.000000 3.770495
 272.000000 2.829670
 273.000000 4.198307
 274.000000 3.750258
 275.000000 3.042274
 276.000000 3.197410
 277.000000 3.626493
 278.000000 2.306076
 279.000000 3.635452
 280.000000 2.728939
 281.000000 3.806674
 282.000000 2.774299
 283.000000 3.120782
 284.000000 1.099406
 285.000000 3.768693
 286.000000 3.137743
 287.000000 4.213664
 288.000000 3.567616
 289.000000 2.130892
 290.000000 2.805565
 291.000000 3.962102
 292.000000 3.651031
 293.000000 4.055670
 294.000000 3.944427
 295.000000 3.590479
 296.000000 2.912359
 297.000000 3.147513
 298.000000 2.912816
 299.000000 2.061433
 300.000000 1.993773
 301.000000 2.481546
 302.000000 2.924044
 303.000000 3.509317
 304.000000 3.977550
 305.000000 3.461282
 306.000000 3.721646
 307.000000 3.547259
 308.000000 2.551230
 309.000000 2.660204
 310.000000 1.681534
 311.000000 0.417383
 312.000000 2.542240
 313.000000 3.199821
 314.000000 3.221345
 315.000000 2.829605
 316.000000 3.653393
 317.000000 3.735361
 318.000000 3.775096
 319.000000 3.172750
 320.000000 3.768572
 321.000000 3.077736
 322.000000 2.443644
 323.000000 3.076464
 324.000000 3.363005
 325.000000 3.703052
 326.000000 4.003027
 327.000000 3.745111
 328.000000 2.719494
 329.000000 3.456945
 330.000000 2.287120
 331.000000 2.976720
 332.000000 2.913217
 333.000000 2.244374
 334.000000 1.363724
 335.000000 2.907576
 336.000000 3.632167
 337.000000 3.691022
 338.000000 3.396912
 339.000000 3.783654
 340.000000 4.141289
 341.000000 3.914124
 342.000000 3.766884
 343.000000 3.790032
 344.000000 3.458075
 345.000000 3.425667
 346.000000 3.171517
 347.000000 3.467702
 348.000000 3.722256
 349.000000 3.534879
 350.000000 3.282880
 351.000000 3.151726
 352.000000 3.182643
 353.000000 3.444784
 354.000000 3.525527
 355.000000 3.151058
 356.000000 3.243552
 357.000000 3.253561
 358.000000 2.443412
 359.000000 2.844536
 360.000000 3.276848
 361.000000 3.454285
 362.000000 3.517412
 363.000000 3.913622
 364.000000 4.074075
 365.000000 4.002682
 366.000000 3.848870
 367.000000 4.048019
 368.000000 3.789602
 369.000000 4.037784
 370.000000 4.074144
 371.000000 3.904975
 372.000000 3.629661
 373.000000 3.858900
 374.000000 3.708787
 375.000000 3.728381
 376.000000 3.548097
 377.000000 3.837401
 378.000000 3.787702
 379.000000 3.877499
 380.000000 3.514503
 381.000000 3.370598
 382.000000 3.548919
 383.000000 3.543881
 384.000000 3.768802
 385.000000 3.779470
 386.000000 4.040117
 387.000000 3.986870
 388.000000 4.104401
 389.000000 4.218205
 390.000000 4.073599
 391.000000 4.199204
 392.000000 4.085397
 393.000000 4.157005
 394.000000 4.241847
 395.000000 4.028451
 396.000000 4.143678
 397.000000 3.980649
 398.000000 4.148915
 399.000000 3.976171
 400.000000 3.997471
 401.000000 4.085544
 402.000000 3.816542
 403.000000 4.074508
 404.000000 4.064670
 405.000000 3.968272
 406.000000 3.919945
 407.000000 3.896911
 408.000000 3.976569
 409.000000 3.872331
 410.000000 3.796183
 411.000000 3.982907
 412.000000 3.950110
 413.000000 3.903319
 414.000000 4.025231
 415.000000 4.068764
 416.000000 3.956249
 417.000000 4.060665
 418.000000 4.148013
 419.000000 4.140863
 420.000000 4.214124
 421.000000 4.132759
 422.000000 4.247909
 423.000000 4.371694
 424.000000 4.575886
 425.000000 4.607937
 426.000000 4.713912
 427.000000 4.779468
 428.000000 4.858766
 429.000000 3.198643
 430.000000 4.669913
 431.000000 4.630426
 432.000000 4.738511
 433.000000 4.673791
 434.000000 4.723180
 435.000000 4.752403
 436.000000 4.661904
 437.000000 4.924096
 438.000000 4.826859
 439.000000 4.793594
 440.000000 4.867128
 441.000000 4.661681
 442.000000 4.678082
 443.000000 3.004131
 444.000000 3.336965
 445.000000 3.417397
 446.000000 4.336684
 447.000000 3.826904
 448.000000 2.511335
 449.000000 3.989368
 450.000000 4.240335
 451.000000 4.641191
 452.000000 3.735267
 453.000000 4.019425
 454.000000 3.460343
 455.000000 4.178651
 456.000000 4.197020
 457.000000 3.208673
 458.000000 3.030346
 459.000000 3.666571
 460.000000 3.769243
 461.000000 2.670495
 462.000000 2.730179
 463.000000 3.692996
 464.000000 2.959382
 465.000000 2.794724
 466.000000 3.994632
 467.000000 3.114898
 468.000000 3.763881
 469.000000 4.134084
 470.000000 4.164131
 471.000000 4.275152
 472.000000 4.059082
 473.000000 3.649276
 474.000000 2.479609
 475.000000 2.975467
 476.000000 3.195505
 477.000000 2.460697
 478.000000 0.419678
 479.000000 0.945101
 480.000000 1.030390
 481.000000 1.331344
 482.000000 2.144086
 483.000000 3.164895
 484.000000 3.232115
 485.000000 2.749595
 486.000000 3.661777
 487.000000 3.490332
 488.000000 2.512612
 489.000000 2.810205
 490.000000 3.119989
 491.000000 1.728996
 492.000000 2.289285
 493.000000 3.017671
 494.000000 3.099482
 495.000000 3.444950
 496.000000 3.422672
 497.000000 3.501565
 498.000000 3.706074
 499.000000 3.908178
 500.000000 4.007407
 501.000000 4.073188
 502.000000 3.750731
 503.000000 3.742481
 504.000000 3.770744
 505.000000 2.908902
 506.000000 3.269492
 507.000000 3.309719
 508.000000 1.912661
 509.000000 2.610112
 510.000000 3.383994
 511.000000 3.656958
 512.000000 2.813944
 513.000000 3.238872
 514.000000 3.126708
 515.000000 2.724027
 516.000000 4.513364
 517.000000 3.939308
 518.000000 3.123713
 519.000000 1.962984
 520.000000 2.898426
 521.000000 3.795817
 522.000000 3.604514
 523.000000 1.650275
 524.000000 1.868367
 525.000000 1.800612
 526.000000 1.174150
 527.000000 1.200198
 528.000000 2.488287
 529.000000 3.082969
 530.000000 2.975570
 531.000000 3.831161
 532.000000 3.681767
 533.000000 3.305167
 534.000000 2.091467
 535.000000 2.157551
 536.000000 2.242156
 537.000000 2.854367
 538.000000 2.910181
 539.000000 3.101351
 540.000000 2.679217
 541.000000 2.913307
 542.000000 3.453774
 543.000000 2.884442
 544.000000 2.983323
 545.000000 2.539182
 546.000000 2.973268
 547.000000 3.201333
 548.000000 3.385509
 549.000000 3.392565
 550.000000 3.478634
 551.000000 3.420095
 552.000000 3.699027
 553.000000 3.622020
 554.000000 3.890727
 555.000000 3.966942
 556.000000 3.892310
 557.000000 3.481307
 558.000000 3.496759
 559.000000 3.575357
 560.000000 3.473795
 561.000000 3.564948
 562.000000 3.576637
 563.000000 3.307448
 564.000000 3.286316
 565.000000 3.223250
 566.000000 3.149842
 567.000000 3.301390
 568.000000 3.440870
 569.000000 2.793185
 570.000000 2.539764
 571.000000 2.524708
 572.000000 2.807983
 573.000000 2.622675
 574.000000 2.884745
 575.000000 2.745781
 576.000000 2.578154
 577.000000 1.485262
 578.000000 2.524140
 579.000000 3.482608
 580.000000 2.544072
 581.000000 3.343326
 582.000000 3.210710
 583.000000 2.817634
 584.000000 2.763697
 585.000000 1.421696
 586.000000 2.678191
 587.000000 2.984912
 588.000000 2.428768
 589.000000 3.152777
 590.000000 3.737919
 591.000000 3.104781
 592.000000 4.241606
 593.000000 4.345803
 594.000000 4.183898
 595.000000 4.221705
 596.000000 4.487967
 597.000000 4.752619
 598.000000 4.385296
 599.000000 4.510151
 600.000000 4.575340
 601.000000 4.845590
 602.000000 4.801087
 603.000000 4.696894
 604.000000 4.769087
 605.000000 4.515880
 606.000000 4.666895
 607.000000 4.712669
 608.000000 4.727365
 609.000000 4.650809
 610.000000 4.623719
 611.000000 4.737532
 612.000000 4.616235
 613.000000 4.808857
 614.000000 4.761184
 615.000000 4.892674
 616.000000 4.868396
 617.000000 4.836547
 618.000000 4.190403
 619.000000 4.881216
 620.000000 4.774366
 621.000000 4.871112
 622.000000 5.085195
 623.000000 4.945914
 624.000000 3.929980
 625.000000 5.051729
 626.000000 5.015360
 627.000000 3.203769
 628.000000 5.037540
 629.000000 3.058116
 630.000000 3.255424
 631.000000 3.064002
 632.000000 2.962462
 633.000000 3.117569
 634.000000 5.120384
 635.000000 5.116542
 636.000000 5.143505
 637.000000 3.163105
 638.000000 3.027832
 639.000000 5.138089
 640.000000 4.887461
 641.000000 3.056302
 642.000000 5.074240
 643.000000 3.059542
 644.000000 2.960015
 645.000000 3.353403
 646.000000 5.240761
 647.000000 5.155532
 648.000000 3.520439
 649.000000 3.368712
 650.000000 3.666299
 651.000000 3.872471
 652.000000 3.859189
 653.000000 4.874395
 654.000000 5.019932
 655.000000 5.089424
 656.000000 4.835805
 657.000000 5.063496
 658.000000 4.776380
 659.000000 4.675340
 660.000000 4.304158
 661.000000 4.136509
 662.000000 4.215311
 663.000000 4.199996
 664.000000 4.144267
 665.000000 4.240035
 666.000000 3.841742
 667.000000 3.830825
 668.000000 3.907564
 669.000000 4.019121
 670.000000 3.938707
 671.000000 3.820628
 672.000000 4.014672
 673.000000 4.068837
 674.000000 4.092906
 675.000000 4.214651
 676.000000 4.109195
 677.000000 4.083022
 678.000000 4.191149
 679.000000 4.383247
 680.000000 4.246874
 681.000000 4.048255
 682.000000 3.950634
 683.000000 4.019530
 684.000000 3.984535
 685.000000 3.967109
 686.000000 4.047865
 687.000000 3.804021
 688.000000 3.900543
 689.000000 4.121359
 690.000000 4.229078
 691.000000 3.915047
 692.000000 3.752303
 693.000000 3.806114
 694.000000 3.837229
 695.000000 3.886751
 696.000000 3.692151
 697.000000 3.877892
 698.000000 4.130632
 699.000000 4.088309
 700.000000 3.898664
 701.000000 3.663013
 702.000000 3.416038
 703.000000 3.123983
 704.000000 3.302729
 705.000000 2.401790
 706.000000 2.887529
 707.000000 3.418780
 708.000000 3.304920
 709.000000 3.869304
 710.000000 4.270887
 711.000000 3.659238
 712.000000 3.163644
 713.000000 3.885866
 714.000000 3.524370
 715.000000 3.798552
 716.000000 3.475252
 717.000000 3.522838
 718.000000 2.827025
 719.000000 2.302272
 720.000000 2.562530
 721.000000 1.383723
 722.000000 3.018655
 723.000000 3.469798
 724.000000 1.804588
 725.000000 1.384119
 726.000000 3.380630
 727.000000 3.094002
 728.000000 3.556099
 729.000000 3.133314
 730.000000 3.598725
 731.000000 3.211818
 732.000000 2.114639
 733.000000 2.734409
 734.000000 4.678912
 735.000000 4.767082
 736.000000 4.071286
 737.000000 3.374024
 738.000000 3.923487
 739.000000 3.345527
 740.000000 3.841466
 741.000000 3.134492
 742.000000 3.943221
 743.000000 3.264409
 744.000000 3.506564
 745.000000 3.132028
 746.000000 3.078134
 747.000000 2.960435
 748.000000 3.499177
 749.000000 3.491001
 750.000000 4.054915
 751.000000 3.528830
 752.000000 3.766486
 753.000000 3.845990
 754.000000 3.660513
 755.000000 3.179478
 756.000000 3.775607
 757.000000 2.747952
 758.000000 2.054863
 759.000000 2.528537
 760.000000 1.618020
 761.000000 1.669103
 762.000000 1.483879
 763.000000 1.860184
 764.000000 2.811704
 765.000000 3.152642
 766.000000 3.095915
 767.000000 3.736686
 768.000000 4.173530
 769.000000 3.733925
 770.000000 3.732201
 771.000000 3.915338
 772.000000 4.022221
 773.000000 3.666710
 774.000000 3.320673
 775.000000 2.534555
 776.000000 2.802471
 777.000000 3.138006
 778.000000 2.808952
 779.000000 2.745823
 780.000000 3.467067
 781.000000 2.957911
 782.000000 3.109493
 783.000000 2.742631
 784.000000 3.066601
 785.000000 3.460200
 786.000000 3.937594
 787.000000 3.157325
 788.000000 3.293963
 789.000000 3.716631
 790.000000 3.489953
 791.000000 3.566465
 792.000000 3.752232
 793.000000 4.242555
 794.000000 4.674271
 795.000000 4.230568
 796.000000 3.821863
 797.000000 4.345989
 798.000000 4.150665
 799.000000 3.310923
 800.000000 3.017895
 801.000000 2.781362
 802.000000 2.273799
 803.000000 3.185637
 804.000000 3.097526
 805.000000 2.952955
 806.000000 2.629383
 807.000000 1.898916
 808.000000 1.676324
 809.000000 2.547187
 810.000000 2.352692
 811.000000 2.814991
 812.000000 3.070445
 813.000000 3.108444
 814.000000 3.407611
 815.000000 2.981528
 816.000000 3.684042
 817.000000 4.269582
 818.000000 4.127743
 819.000000 4.349721
 820.000000 3.875025
 821.000000 3.728081
 822.000000 3.524049
 823.000000 3.647852
 824.000000 3.303033
 825.000000 2.938403
 826.000000 3.123862
 827.000000 3.122905
 828.000000 2.637918
 829.000000 3.305982
 830.000000 3.373296
 831.000000 3.437209
 832.000000 3.141515
 833.000000 3.340184
 834.000000 3.260752
 835.000000 3.534180
 836.000000 3.531998
 837.000000 3.304550
 838.000000 3.651660
 839.000000 3.292862
 840.000000 3.523267
 841.000000 4.005322
 842.000000 2.916966
 843.000000 3.266055
 844.000000 4.016756
 845.000000 3.824368
 846.000000 3.766360
 847.000000 3.809041
 848.000000 3.516452
 849.000000 4.239005
 850.000000 4.387977
 851.000000 3.851262
 852.000000 3.877322
 853.000000 3.310068
 854.000000 3.316008
 855.000000 4.874801
 856.000000 4.005495
 857.000000 3.713993
 858.000000 4.316847
 859.000000 3.724578
 860.000000 3.144576
 861.000000 3.123810
 862.000000 2.823086
 863.000000 3.267223
 864.000000 3.672469
 865.000000 3.777327
 866.000000 3.473720
 867.000000 4.115808
 868.000000 3.489601
 869.000000 3.159821
 870.000000 3.755693
 871.000000 3.623746
 872.000000 3.476768
 873.000000 3.940593
 874.000000 3.675350
 875.000000 3.865674
 876.000000 3.628529
 877.000000 3.446552
 878.000000 2.843479
 879.000000 3.941636
 880.000000 3.191413
 881.000000 4.470002
 882.000000 3.477789
 883.000000 4.023154
 884.000000 3.508861
 885.000000 4.098703
 886.000000 3.598026
 887.000000 3.996424
 888.000000 3.235901
 889.000000 3.574876
 890.000000 3.481963
 891.000000 3.519857
 892.000000 3.848887
 893.000000 3.851438
 894.000000 3.829681
 895.000000 3.645237
 896.000000 3.276916
 897.000000 3.517499
 898.000000 3.544823
 899.000000 3.507987
 900.000000 3.269480
 901.000000 3.296547
 902.000000 3.453256
 903.000000 4.085800
 904.000000 4.032503
 905.000000 3.914838
 906.000000 3.163577
 907.000000 2.036037
 908.000000 1.205854
 909.000000 1.227413
 910.000000 1.102391
 911.000000 1.178035
 912.000000 1.295589
 913.000000 1.235168
 914.000000 1.151243
 915.000000 1.108922
 916.000000 1.079109
 917.000000 1.150243
 918.000000 1.082916
 919.000000 1.123356
 920.000000 1.282082
 921.000000 1.460695
 922.000000 1.531137
 923.000000 1.876456
 924.000000 2.085279
 925.000000 1.561382
 926.000000 1.872572
 927.000000 1.723900
 928.000000 1.752553
 929.000000 1.832676
 930.000000 1.973562
 931.000000 1.961750
 932.000000 1.716391
 933.000000 1.707982
 934.000000 2.035954
 935.000000 1.642171
 936.000000 1.618947
 937.000000 1.422262
 938.000000 1.757443
 939.000000 1.869540
 940.000000 1.811375
 941.000000 1.647914
 942.000000 1.625209
 943.000000 1.572365
 944.000000 1.398420
 945.000000 1.319619
 946.000000 1.381519
 947.000000 1.289980
 948.000000 1.005209
 949.000000 1.297155
 950.000000 1.292092
 951.000000 1.258484
 952.000000 1.380978
 953.000000 1.704560
 954.000000 1.936476
 955.000000 2.155645
 956.000000 2.199634
 957.000000 2.080207
 958.000000 1.966913
 959.000000 1.915644
 960.000000 1.896001
 961.000000 1.887158
 962.000000 2.081415
 963.000000 1.907229
 964.000000 1.379444
 965.000000 1.949902
 966.000000 1.856662
 967.000000 1.894613
 968.000000 1.767444
 969.000000 2.000487
 970.000000 1.861880
 971.000000 1.786763
 972.000000 1.815636
 973.000000 1.911900
 974.000000 1.870777
 975.000000 1.833820
 976.000000 2.012081
 977.000000 1.991086
 978.000000 2.920581
 979.000000 3.016632
 980.000000 3.134781
 981.000000 2.313386
 982.000000 3.738940
 983.000000 3.327008
 984.000000 2.979521
 985.000000 4.089166
 986.000000 3.423086
 987.000000 4.086167
 988.000000 3.802034
 989.000000 3.408733
 990.000000 2.875790
 991.000000 2.807889
 992.000000 3.888399
 993.000000 3.938155
 994.000000 3.785204
 995.000000 3.107998
 996.000000 3.486723
 997.000000 3.286294
 998.000000 1.558644
 999.000000 1.985774
 1000.000000 1.969677
 1001.000000 1.120593
 1002.000000 0.642152
 1003.000000 1.280723
 1004.000000 1.515248
 1005.000000 1.473406
 1006.000000 1.400091
 1007.000000 1.485179
 1008.000000 1.450628
 1009.000000 2.019570
 1010.000000 1.823150
 1011.000000 1.194206
 1012.000000 2.094882
 1013.000000 2.004682
 1014.000000 2.163671
 1015.000000 2.389894
 1016.000000 2.181094
 1017.000000 2.114080
 1018.000000 2.100968
 1019.000000 1.933290
 1020.000000 1.672465
 1021.000000 1.779124
 1022.000000 1.770950
 1023.000000 1.667685
 1024.000000 1.794037
 1025.000000 1.662652
 1026.000000 1.594637
 1027.000000 1.827153
 1028.000000 1.837327
 1029.000000 1.691216
 1030.000000 1.665569
 1031.000000 1.964542
 1032.000000 1.783538
 1033.000000 2.001981
 1034.000000 1.857519
 1035.000000 1.991124
 1036.000000 2.024521
 1037.000000 2.022327
 1038.000000 2.022521
 1039.000000 2.195406
 1040.000000 1.826442
 1041.000000 3.034207
 1042.000000 3.177793
 1043.000000 3.807119
 1044.000000 3.391855
 1045.000000 3.816942
 1046.000000 4.012270
 1047.000000 3.868437
 1048.000000 3.963492
 1049.000000 4.311494
 1050.000000 4.387596
 1051.000000 4.290482
 1052.000000 4.048942
 1053.000000 3.627759
 1054.000000 3.914815
 1055.000000 3.707969
 1056.000000 2.890576
 1057.000000 3.143854
 1058.000000 3.824075
 1059.000000 3.617962
 1060.000000 3.387699
 1061.000000 3.779387
 1062.000000 3.874376
 1063.000000 3.833791
 1064.000000 4.566076
 1065.000000 4.270204
 1066.000000 3.911543
 1067.000000 3.418730
 1068.000000 3.722438
 1069.000000 3.900293
 1070.000000 3.758970
 1071.000000 3.839293
 1072.000000 3.078464
 1073.000000 3.254985
 1074.000000 2.115468
 1075.000000 2.563740
 1076.000000 1.787905
 1077.000000 2.439108
 1078.000000 3.471399
 1079.000000 3.642623
 1080.000000 3.334854
 1081.000000 1.381920
 1082.000000 1.650171
 1083.000000 2.393088
 1084.000000 3.153069
 1085.000000 2.011085
 1086.000000 3.472255
 1087.000000 3.365861
 1088.000000 3.380010
 1089.000000 4.470424
 1090.000000 4.307115
 1091.000000 3.906799
 1092.000000 3.345106
 1093.000000 3.805154
 1094.000000 3.391995
 1095.000000 3.418311
 1096.000000 3.376109
 1097.000000 4.183212
 1098.000000 3.606481
 1099.000000 3.304906
 1100.000000 3.262602
 1101.000000 3.135666
 1102.000000 2.799041
 1103.000000 2.417838
 1104.000000 2.612711
 1105.000000 3.226199
 1106.000000 3.220545
 1107.000000 3.003025
 1108.000000 2.547072
 1109.000000 2.378926
 1110.000000 2.526169
 1111.000000 2.364853
 1112.000000 2.280590
 1113.000000 2.257540
 1114.000000 2.475385
 1115.000000 2.376516
 1116.000000 2.253195
 1117.000000 1.989874
 1118.000000 2.228428
 1119.000000 2.371508
 1120.000000 2.387738
 1121.000000 2.294644
 1122.000000 2.316048
 1123.000000 2.378724
 1124.000000 2.357221
 1125.000000 2.316210
 1126.000000 2.389445
 1127.000000 2.236704
 1128.000000 2.440082
 1129.000000 2.509191
 1130.000000 2.515165
 1131.000000 2.571798
 1132.000000 2.588394
 1133.000000 2.456669
 1134.000000 2.529305
 1135.000000 2.479132
 1136.000000 2.497301
 1137.000000 2.493274
 1138.000000 2.494757
 1139.000000 2.596242
 1140.000000 2.623177
 1141.000000 2.630521
 1142.000000 2.489307
 1143.000000 2.611691
 1144.000000 2.696020
 1145.000000 2.590215
 1146.000000 2.611345
 1147.000000 2.622223
 1148.000000 2.596350
 1149.000000 2.520273
 1150.000000 2.557840
 1151.000000 2.674325
 1152.000000 2.758399
 1153.000000 2.637559
 1154.000000 2.565896
 1155.000000 2.614048
 1156.000000 2.719091
 1157.000000 2.690394
 1158.000000 2.659089
 1159.000000 2.602734
 1160.000000 2.560188
 1161.000000 2.522733
 1162.000000 2.648348
 1163.000000 2.669506
 1164.000000 2.599640
 1165.000000 2.801712
 1166.000000 2.699863
 1167.000000 2.625857
 1168.000000 2.655572
 1169.000000 2.614817
 1170.000000 2.598693
 1171.000000 2.765943
 1172.000000 2.777178
 1173.000000 2.741484
 1174.000000 2.775565
 1175.000000 2.591633
 1176.000000 2.601188
 1177.000000 2.694133
 1178.000000 2.587414
 1179.000000 2.647279
 1180.000000 2.540886
 1181.000000 2.574366
 1182.000000 2.658193
 1183.000000 2.809652
 1184.000000 2.698775
 1185.000000 2.743279
 1186.000000 2.604287
 1187.000000 2.694762
 1188.000000 2.640308
 1189.000000 2.579241
 1190.000000 2.746590
 1191.000000 2.677589
 1192.000000 2.662162
 1193.000000 2.711594
 1194.000000 2.776703
 1195.000000 2.706660
 1196.000000 2.654065
 1197.000000 2.575425
 1198.000000 2.599178
 1199.000000 2.598870
 1200.000000 2.605813
 1201.000000 2.805722
 1202.000000 2.554282
 1203.000000 2.782732
 1204.000000 2.656647
 1205.000000 2.760337
 1206.000000 2.810078
 1207.000000 2.818166
 1208.000000 2.805616
 1209.000000 2.857313
 1210.000000 2.744930
 1211.000000 2.788314
 1212.000000 2.880604
 1213.000000 2.958603
 1214.000000 2.859971
 1215.000000 2.949952
 1216.000000 2.952206
 1217.000000 2.698072
 1218.000000 2.605077
 1219.000000 2.535197
 1220.000000 2.683274
 1221.000000 2.546924
 1222.000000 2.695843
 1223.000000 2.555394
 1224.000000 2.957149
 1225.000000 2.881820
 1226.000000 2.984662
 1227.000000 2.874537
 1228.000000 3.166036
 1229.000000 2.856137
 1230.000000 3.125621
 1231.000000 2.735703
 1232.000000 2.724745
 1233.000000 2.918455
 1234.000000 3.132669
 1235.000000 3.153164
 1236.000000 3.031674
 1237.000000 3.351349
 1238.000000 3.211835
 1239.000000 2.935993
 1240.000000 2.647306
 1241.000000 2.636544
 1242.000000 2.393734
 1243.000000 2.580827
 1244.000000 2.506442
 1245.000000 2.925730
 1246.000000 2.534897
 1247.000000 2.493337
 1248.000000 2.409995
 1249.000000 2.462113
 1250.000000 2.396033
 1251.000000 2.510907
 1252.000000 2.179784
 1253.000000 2.429686
 1254.000000 2.103008
 1255.000000 2.279718
 1256.000000 2.582039
 1257.000000 2.734774
 1258.000000 2.856839
 1259.000000 2.989936
 1260.000000 2.964915
 1261.000000 3.018373
 1262.000000 3.200588
 1263.000000 3.041785
 1264.000000 3.055181
 1265.000000 3.008967
 1266.000000 2.718065
 1267.000000 2.660289
 1268.000000 2.823596
 1269.000000 2.624883
 1270.000000 2.494445
 1271.000000 2.703125
 1272.000000 2.634206
 1273.000000 2.554636
 1274.000000 3.042786
 1275.000000 3.018297
 1276.000000 2.814255
 1277.000000 2.857049
 1278.000000 2.950121
 1279.000000 2.636178
 1280.000000 2.104098
 1281.000000 2.255007
 1282.000000 2.383861
 1283.000000 2.591839
 1284.000000 2.532477
 1285.000000 2.614581
 1286.000000 2.725313
 1287.000000 2.730495
 1288.000000 2.620934
 1289.000000 2.652010
 1290.000000 2.298254
 1291.000000 2.372394
 1292.000000 2.530628
 1293.000000 2.360016
 1294.000000 2.657010
 1295.000000 2.330903
 1296.000000 2.339579
 1297.000000 2.356588
 1298.000000 2.214349
 1299.000000 2.264220
 1300.000000 2.629622
 1301.000000 2.315681
 1302.000000 2.136415
 1303.000000 2.096760
 1304.000000 2.222007
 1305.000000 2.280789
 1306.000000 2.336878
 1307.000000 2.309663
 1308.000000 2.357296
 1309.000000 2.274767
 1310.000000 2.504990
 1311.000000 2.629107
 1312.000000 2.436087
 1313.000000 2.405655
 1314.000000 2.423281
 1315.000000 2.283955
 1316.000000 2.180079
 1317.000000 2.354553
 1318.000000 2.436482
 1319.000000 2.273705
 1320.000000 2.300356
 1321.000000 2.093390
 1322.000000 2.115592
 1323.000000 2.106828
 1324.000000 2.077600
 1325.000000 1.941722
 1326.000000 2.145323
 1327.000000 2.031216
 1328.000000 2.188634
 1329.000000 2.336197
 1330.000000 2.436982
 1331.000000 2.247690
 1332.000000 2.505983
 1333.000000 2.676957
 1334.000000 2.498577
 1335.000000 2.332733
 1336.000000 2.429678
 1337.000000 2.460742
 1338.000000 2.688285
 1339.000000 2.407776
 1340.000000 2.265058
 1341.000000 2.218375
 1342.000000 2.135762
 1343.000000 2.300391
 1344.000000 2.435567
 1345.000000 2.609262
 1346.000000 2.952526
 1347.000000 2.839488
 1348.000000 2.917348
 1349.000000 2.738197
 1350.000000 2.881896
 1351.000000 3.231316
 1352.000000 3.745866
 1353.000000 3.607109
 1354.000000 3.370507
 1355.000000 3.504868
 1356.000000 3.808451
 1357.000000 3.868614
 1358.000000 3.839899
 1359.000000 3.841853
 1360.000000 3.983665
 1361.000000 3.898535
 1362.000000 3.844657
 1363.000000 3.843534
 1364.000000 3.955481
 1365.000000 4.267561
 1366.000000 4.229921
 1367.000000 4.263131
 1368.000000 4.313523
 1369.000000 4.324779
 1370.000000 4.128252
 1371.000000 4.126047
 1372.000000 4.051700
 1373.000000 4.006590
 1374.000000 3.814773
 1375.000000 4.079550
 1376.000000 3.917572
 1377.000000 3.706202
 1378.000000 4.100853
 1379.000000 3.782346
 1380.000000 3.848853
 1381.000000 3.848691
 1382.000000 3.598917
 1383.000000 3.948510
 1384.000000 3.934018
 1385.000000 3.841010
 1386.000000 3.749484
 1387.000000 4.025396
 1388.000000 4.117872
 1389.000000 4.239929
 1390.000000 4.177611
 1391.000000 4.146638
 1392.000000 4.378528
 1393.000000 4.397153
 1394.000000 4.214907
 1395.000000 4.273034
 1396.000000 4.147774
 1397.000000 4.104100
 1398.000000 3.962425
 1399.000000 3.871746
 1400.000000 3.827324
 1401.000000 3.845172
 1402.000000 3.987051
 1403.000000 3.925117
 1404.000000 3.849801
 1405.000000 3.683817
 1406.000000 3.716463
 1407.000000 3.548083
 1408.000000 3.344450
 1409.000000 3.342444
 1410.000000 3.210520
 1411.000000 3.003200
 1412.000000 3.240083
 1413.000000 2.907918
 1414.000000 2.693403
 1415.000000 2.591791
 1416.000000 2.704798
 1417.000000 2.391833
 1418.000000 2.826230
 1419.000000 3.071261
 1420.000000 2.753701
 1421.000000 2.838675
 1422.000000 3.034451
 1423.000000 3.056936
 1424.000000 2.822174
 1425.000000 2.813764
 1426.000000 2.180969
 1427.000000 2.573550
 1428.000000 2.546154
 1429.000000 2.750262
 1430.000000 2.540820
 1431.000000 2.813792
 1432.000000 2.988442
 1433.000000 3.264467
 1434.000000 3.385124
 1435.000000 3.033948
 1436.000000 3.082986
 1437.000000 2.761450
 1438.000000 3.164693
 1439.000000 3.045846
 1440.000000 2.805731
 1441.000000 2.754976
 1442.000000 2.553109
 1443.000000 2.597851
 1444.000000 2.357074
 1445.000000 2.396770
 1446.000000 2.663706
 1447.000000 2.875983
 1448.000000 2.588056
 1449.000000 3.132949
 1450.000000 3.492688
 1451.000000 3.593264
 1452.000000 3.543695
 1453.000000 3.585114
 1454.000000 3.696264
 1455.000000 3.842924
 1456.000000 4.017449
 1457.000000 3.951100
 1458.000000 3.693719
 1459.000000 3.859906
 1460.000000 3.985788
 1461.000000 3.776350
 1462.000000 3.780112
 1463.000000 3.870065
 1464.000000 3.463631
 1465.000000 3.674519
 1466.000000 3.637509
 1467.000000 3.869033
 1468.000000 3.797501
 1469.000000 3.649084
 1470.000000 3.720161
 1471.000000 3.747949
 1472.000000 3.622729
 1473.000000 3.732376
 1474.000000 3.633835
 1475.000000 3.545905
 1476.000000 3.439152
 1477.000000 3.516779
 1478.000000 3.448225
 1479.000000 3.523352
 1480.000000 3.487969
 1481.000000 3.433661
 1482.000000 3.306929
 1483.000000 3.454506
 1484.000000 3.378942
 1485.000000 3.398029
 1486.000000 3.423169
 1487.000000 3.477142
 1488.000000 3.495818
 1489.000000 3.152487
 1490.000000 3.250476
 1491.000000 3.264625
 1492.000000 3.526841
 1493.000000 3.274326
 1494.000000 3.366631
 1495.000000 3.678744
 1496.000000 3.640793
 1497.000000 3.725968
 1498.000000 3.617316
 1499.000000 3.687709
 1500.000000 3.819505
 1501.000000 3.677310
 1502.000000 3.752145
 1503.000000 3.858295
 1504.000000 3.859279
 1505.000000 3.874200
 1506.000000 3.772430
 1507.000000 3.587995
 1508.000000 3.508534
 1509.000000 3.781465
 1510.000000 3.465727
 1511.000000 3.276883
 1512.000000 3.275396
 1513.000000 3.384875
 1514.000000 3.423213
 1515.000000 3.547880
 1516.000000 3.656537
 1517.000000 3.663288
 1518.000000 3.602585
 1519.000000 3.279638
 1520.000000 3.389981
 1521.000000 3.382605
 1522.000000 2.943484
 1523.000000 2.665986
 1524.000000 2.628552
 1525.000000 2.971041
 1526.000000 2.258285
 1527.000000 2.501784
 1528.000000 2.654195
 1529.000000 2.918082
 1530.000000 3.256546
 1531.000000 3.214090
 1532.000000 3.294945
 1533.000000 3.645979
 1534.000000 3.776246
 1535.000000 3.550522
 1536.000000 3.504284
 1537.000000 3.831516
 1538.000000 3.751655
 1539.000000 3.544408
 1540.000000 3.836623
 1541.000000 3.692529
 1542.000000 3.875070
 1543.000000 3.944659
 1544.000000 4.176581
 1545.000000 4.202966
 1546.000000 4.062670
 1547.000000 4.199939
 1548.000000 4.338777
 1549.000000 4.378346
 1550.000000 4.479588
 1551.000000 4.599978
 1552.000000 4.537558
 1553.000000 4.561827
 1554.000000 4.599693
 1555.000000 4.428290
 1556.000000 4.388790
 1557.000000 4.373559
 1558.000000 4.057099
 1559.000000 3.979411
 1560.000000 3.463910
 1561.000000 3.294951
 1562.000000 3.498896
 1563.000000 3.154910
 1564.000000 3.506273
 1565.000000 3.496380
 1566.000000 3.503478
 1567.000000 3.363526
 1568.000000 3.334203
 1569.000000 3.363721
 1570.000000 3.696133
 1571.000000 3.557968
 1572.000000 3.689476
 1573.000000 3.796143
 1574.000000 3.842700
 1575.000000 3.815060
 1576.000000 3.868456
 1577.000000 3.611800
 1578.000000 3.427196
 1579.000000 3.458542
 1580.000000 3.461859
 1581.000000 3.363917
 1582.000000 3.304309
 1583.000000 2.961297
 1584.000000 3.247149
 1585.000000 3.352642
 1586.000000 3.463650
 1587.000000 3.509605
 1588.000000 3.442675
 1589.000000 3.507465
 1590.000000 3.777624
 1591.000000 3.772730
 1592.000000 3.606031
 1593.000000 3.320069
 1594.000000 3.310883
 1595.000000 3.311024
 1596.000000 3.763184
 1597.000000 3.837519
 1598.000000 3.543792
 1599.000000 3.307978
 1600.000000 3.300145
 1601.000000 3.368413
 1602.000000 3.534519
 1603.000000 3.253961
 1604.000000 3.432544
 1605.000000 3.453815
 1606.000000 3.273054
 1607.000000 3.437938
 1608.000000 3.618145
 1609.000000 3.775349
 1610.000000 3.570973
 1611.000000 3.424932
 1612.000000 3.469136
 1613.000000 3.347116
 1614.000000 3.526888
 1615.000000 3.294268
 1616.000000 3.304811
 1617.000000 3.278178
 1618.000000 3.269819
 1619.000000 3.221605
 1620.000000 3.286626
 1621.000000 3.295072
 1622.000000 3.257112
 1623.000000 3.494418
 1624.000000 3.570081
 1625.000000 3.368777
 1626.000000 3.451142
 1627.000000 3.352608
 1628.000000 3.000952
 1629.000000 2.675544
 1630.000000 2.770321
 1631.000000 2.908902
 1632.000000 2.366884
 1633.000000 2.209446
 1634.000000 2.247943
 1635.000000 2.245566
 1636.000000 2.472349
 1637.000000 2.215715
 1638.000000 2.246888
 1639.000000 2.132157
 1640.000000 2.703348
 1641.000000 2.875754
 1642.000000 2.868423
 1643.000000 2.938096
 1644.000000 3.129290
 1645.000000 2.926483
 1646.000000 2.968764
 1647.000000 3.061693
 1648.000000 3.121791
 1649.000000 2.869649
 1650.000000 2.836373
 1651.000000 3.234335
 1652.000000 3.191135
 1653.000000 3.109285
 1654.000000 3.411528
 1655.000000 3.128032
 1656.000000 3.096768
 1657.000000 3.456118
 1658.000000 3.667018
 1659.000000 3.753850
 1660.000000 3.649404
 1661.000000 3.314780
 1662.000000 3.600305
 1663.000000 3.571708
 1664.000000 3.345613
 1665.000000 3.255011
 1666.000000 3.037367
 1667.000000 3.082291
 1668.000000 2.842110
 1669.000000 2.728495
 1670.000000 2.747235
 1671.000000 2.714599
 1672.000000 2.648995
 1673.000000 2.836199
 1674.000000 2.683013
 1675.000000 2.551044
 1676.000000 2.533748
 1677.000000 2.438990
 1678.000000 2.030709
 1679.000000 2.801273
 1680.000000 2.539065
 1681.000000 2.835629
 1682.000000 2.376069
 1683.000000 1.928532
 1684.000000 1.513382
 1685.000000 1.111036
 1686.000000 0.567001
 1687.000000 0.236146
 1688.000000 0.494931
 1689.000000 1.163996
 1690.000000 3.730621
 1691.000000 4.408384
 1692.000000 3.851845
 1693.000000 4.141232
 1694.000000 3.880412
 1695.000000 3.272386
 1696.000000 3.437866
 1697.000000 3.331649
 1698.000000 3.151210
 1699.000000 2.509932
 1700.000000 2.405031
 1701.000000 2.294714
 1702.000000 3.704100
 1703.000000 4.175346
 1704.000000 4.641544
 1705.000000 4.644049
 1706.000000 2.910980
 1707.000000 2.771478
 1708.000000 2.466925
 1709.000000 3.292676
 1710.000000 2.852683
 1711.000000 3.508202
 1712.000000 3.809697
 1713.000000 3.491150
 1714.000000 3.238779
 1715.000000 4.109819
 1716.000000 3.314303
 1717.000000 4.338338
 1718.000000 3.740917
 1719.000000 3.642567
 1720.000000 4.063821
 1721.000000 4.218421
 1722.000000 3.397562
 1723.000000 2.715946
 1724.000000 2.597035
 1725.000000 2.047139
 1726.000000 2.362704
 1727.000000 2.160897
 1728.000000 1.920766
 1729.000000 2.267711
 1730.000000 1.991347
 1731.000000 1.919818
 1732.000000 1.741707
 1733.000000 2.003598
 1734.000000 1.965862
 1735.000000 1.665658
 1736.000000 1.932415
 1737.000000 0.777750
 1738.000000 1.825008
 1739.000000 1.855588
 1740.000000 1.646342
 1741.000000 1.563493
 1742.000000 3.483804
 1743.000000 1.564786
 1744.000000 2.277123
 1745.000000 1.244008
 1746.000000 1.145549
 1747.000000 1.795374
 1748.000000 2.780520
 1749.000000 2.162284
 1750.000000 1.252745
 1751.000000 1.699600
 1752.000000 1.802942
 1753.000000 1.830470
 1754.000000 1.821615
 1755.000000 2.595585
 1756.000000 2.386722
 1757.000000 2.462592
 1758.000000 2.733280
 1759.000000 2.748595
 1760.000000 2.285286
 1761.000000 2.563137
 1762.000000 2.230547
 1763.000000 2.238279
 1764.000000 1.934878
 1765.000000 1.129448
 1766.000000 1.689950
 1767.000000 0.740369
 1768.000000 1.081197
 1769.000000 2.015990
 1770.000000 3.425203
 1771.000000 4.557034
 1772.000000 4.770212
 1773.000000 3.526203
 1774.000000 2.461060
 1775.000000 2.564776
 1776.000000 3.571942
 1777.000000 2.658040
 1778.000000 3.828685
 1779.000000 2.848364
 1780.000000 3.228764
 1781.000000 3.330113
 1782.000000 4.107616
 1783.000000 3.289901
 1784.000000 4.654398
 1785.000000 2.869985
 1786.000000 2.771605
 1787.000000 3.100721
 1788.000000 2.425528
 1789.000000 3.583074
 1790.000000 2.631444
 1791.000000 3.359237
 1792.000000 3.467407
 1793.000000 3.919290
 1794.000000 3.642234
 1795.000000 3.253082
 1796.000000 3.417369
 1797.000000 3.428960
 1798.000000 2.553734
 1799.000000 2.100668
 1800.000000 3.065652
 1801.000000 2.402033
 1802.000000 3.585916
 1803.000000 3.468401
 1804.000000 3.139709
 1805.000000 2.448230
 1806.000000 1.455793
 1807.000000 2.350942
 1808.000000 2.606783
 1809.000000 2.781568
 1810.000000 2.702246
 1811.000000 2.864007
 1812.000000 2.864039
 1813.000000 2.760431
 1814.000000 2.948021
 1815.000000 3.315470
 1816.000000 3.018284
 1817.000000 3.443284
 1818.000000 2.567810
 1819.000000 2.930322
 1820.000000 2.761223
 1821.000000 3.080881
 1822.000000 3.086832
 1823.000000 2.777480
 1824.000000 2.638855
 1825.000000 2.811305
 1826.000000 2.967059
 1827.000000 2.819316
 1828.000000 2.680731
 1829.000000 2.904590
 1830.000000 1.715233
 1831.000000 1.759252
 1832.000000 2.987107
 1833.000000 3.258733
 1834.000000 3.525675
 1835.000000 3.128945
 1836.000000 2.472586
 1837.000000 2.910753
 1838.000000 2.629783
 1839.000000 2.525111
 1840.000000 3.458362
 1841.000000 3.391409
 1842.000000 3.204859
 1843.000000 2.826695
 1844.000000 3.266554
 1845.000000 3.153481
 1846.000000 3.069730
 1847.000000 3.863678
 1848.000000 3.416807
 1849.000000 4.000035
 1850.000000 3.617227
 1851.000000 3.725040
 1852.000000 3.432176
 1853.000000 3.767475
 1854.000000 3.424608
 1855.000000 3.299987
 1856.000000 2.856240
 1857.000000 3.230276
 1858.000000 3.001615
 1859.000000 3.611752
 1860.000000 3.984831
 1861.000000 4.056183
 1862.000000 3.652697
 1863.000000 4.241473
 1864.000000 3.094875
 1865.000000 4.047443
 1866.000000 3.232014
 1867.000000 2.931201
 1868.000000 3.053405
 1869.000000 3.183190
 1870.000000 2.677227
 1871.000000 3.621610
 1872.000000 3.625577
 1873.000000 4.201506
 1874.000000 4.004502
 1875.000000 3.637829
 1876.000000 3.300902
 1877.000000 3.294634
 1878.000000 3.071796
 1879.000000 3.351456
 1880.000000 3.717662
 1881.000000 3.418610
 1882.000000 3.535925
 1883.000000 3.769123
 1884.000000 3.912236
 1885.000000 3.588861
 1886.000000 3.687551
 1887.000000 3.628011
 1888.000000 3.786984
 1889.000000 3.679466
 1890.000000 3.891917
 1891.000000 4.696944
 1892.000000 4.252116
 1893.000000 3.848681
 1894.000000 4.197944
 1895.000000 4.592831
 1896.000000 4.653711
 1897.000000 4.555971
 1898.000000 4.701924
 1899.000000 4.268693
 1900.000000 3.944006
 1901.000000 3.891101
 1902.000000 3.922392
 1903.000000 3.877385
 1904.000000 2.257674
 1905.000000 2.278217
 1906.000000 2.785352
 1907.000000 3.676571
 1908.000000 3.512791
 1909.000000 2.752135
 1910.000000 3.116683
 1911.000000 3.068554
 1912.000000 3.900504
 1913.000000 3.518060
 1914.000000 3.703646
 1915.000000 2.708290
 1916.000000 3.330863
 1917.000000 3.415138
 1918.000000 4.346876
 1919.000000 2.761084
 1920.000000 1.778924
 1921.000000 1.658123
 1922.000000 1.925921
 1923.000000 2.212274
 1924.000000 2.257271
 1925.000000 2.660295
 1926.000000 2.755894
 1927.000000 2.107474
 1928.000000 2.461678
 1929.000000 1.714226
 1930.000000 2.513640
 1931.000000 2.178680
 1932.000000 2.455047
 1933.000000 2.668930
 1934.000000 2.589981
 1935.000000 2.874695
 1936.000000 3.064957
 1937.000000 3.115712
 1938.000000 2.653386
 1939.000000 2.765225
 1940.000000 2.331797
 1941.000000 2.851029
 1942.000000 3.183329
 1943.000000 3.506384
 1944.000000 3.486158
 1945.000000 3.147056
 1946.000000 3.352082
 1947.000000 3.234531
 1948.000000 3.301392
 1949.000000 3.134581
 1950.000000 3.433820
 1951.000000 3.125387
 1952.000000 3.296513
 1953.000000 3.466935
 1954.000000 3.232583
 1955.000000 2.942781
 1956.000000 3.163784
 1957.000000 3.209266
 1958.000000 3.301837
 1959.000000 3.568218
 1960.000000 3.307768
 1961.000000 3.392765
 1962.000000 3.237636
 1963.000000 3.333888
 1964.000000 2.404211
 1965.000000 3.191753
 1966.000000 3.022571
 1967.000000 2.493122
 1968.000000 2.509790
 1969.000000 3.202924
 1970.000000 2.011898
 1971.000000 0.910304
 1972.000000 1.968048
 1973.000000 2.953099
 1974.000000 1.842628
 1975.000000 1.037017
 1976.000000 0.274498
 1977.000000 1.177942
 1978.000000 0.973963
 1979.000000 2.734802
 1980.000000 2.441457
 1981.000000 2.377421
 1982.000000 2.549033
 1983.000000 3.598094
 1984.000000 3.778174
 1985.000000 2.837707
 1986.000000 2.610584
 1987.000000 4.137429
 1988.000000 3.892119
 1989.000000 3.796441
 1990.000000 3.710364
 1991.000000 3.510526
 1992.000000 2.741818
 1993.000000 3.074334
 1994.000000 4.243479
 1995.000000 3.109124
 1996.000000 2.420618
 1997.000000 3.879227
 1998.000000 3.240927
 1999.000000 3.084868
 2000.000000 3.441794
 2001.000000 2.563261
 2002.000000 3.178966
 2003.000000 3.280445
 2004.000000 2.893476
 2005.000000 2.857827
 2006.000000 3.221514
 2007.000000 2.911516
 2008.000000 2.576632
 2009.000000 3.288117
 2010.000000 2.779022
 2011.000000 3.146296
 2012.000000 2.661117
 2013.000000 2.627329
 2014.000000 3.029710
 2015.000000 3.553081
 2016.000000 2.815497
 2017.000000 3.272704
 2018.000000 3.148952
 2019.000000 4.431309
 2020.000000 4.168917
 2021.000000 4.350952
 2022.000000 4.290726
 2023.000000 4.289633
 2024.000000 3.958884
