#! FIELDS time r7.min
 0.000000 2.321053
 1.000000 2.410568
 2.000000 2.544852
 3.000000 2.967377
 4.000000 2.174667
 5.000000 1.709655
 6.000000 1.665052
 7.000000 1.575620
 8.000000 1.633828
 9.000000 2.889960
 10.000000 1.943317
 11.000000 2.306794
 12.000000 3.415474
 13.000000 3.501131
 14.000000 2.883599
 15.000000 3.056126
 16.000000 3.187107
 17.000000 3.319375
 18.000000 3.153031
 19.000000 3.241728
 20.000000 2.925142
 21.000000 3.610626
 22.000000 3.778786
 23.000000 3.311293
 24.000000 3.278841
 25.000000 1.505938
 26.000000 2.994969
 27.000000 3.493659
 28.000000 3.409441
 29.000000 3.113426
 30.000000 2.369983
 31.000000 2.892084
 32.000000 3.854083
 33.000000 4.241927
 34.000000 2.354033
 35.000000 2.612409
 36.000000 3.932140
 37.000000 3.988304
 38.000000 4.591455
 39.000000 3.868919
 40.000000 3.607714
 41.000000 3.144571
 42.000000 3.271047
 43.000000 3.934551
 44.000000 3.378045
 45.000000 2.762255
 46.000000 3.151733
 47.000000 3.249115
 48.000000 3.154969
 49.000000 3.019520
 50.000000 2.847630
 51.000000 2.994759
 52.000000 2.462316
 53.000000 2.974614
 54.000000 2.706243
 55.000000 2.472953
 56.000000 2.644026
 57.000000 2.694025
 58.000000 2.653465
 59.000000 2.891835
 60.000000 2.761455
 61.000000 2.495127
 62.000000 2.129611
 63.000000 2.343904
 64.000000 2.402969
 65.000000 2.360015
 66.000000 3.162225
 67.000000 3.913583
 68.000000 3.635600
 69.000000 3.840640
 70.000000 3.873658
 71.000000 3.440898
 72.000000 3.986401
 73.000000 4.321466
 74.000000 4.066983
 75.000000 2.965341
 76.000000 3.936233
 77.000000 3.538265
 78.000000 3.000114
 79.000000 3.383049
 80.000000 3.365610
 81.000000 3.504318
 82.000000 3.264343
 83.000000 3.533127
 84.000000 2.982522
 85.000000 2.979254
 86.000000 3.180445
 87.000000 3.257284
 88.000000 3.491974
 89.000000 3.753450
 90.000000 3.799660
 91.000000 3.868037
 92.000000 3.675786
 93.000000 3.998430
 94.000000 4.070382
 95.000000 3.822520
 96.000000 3.451681
 97.000000 3.347170
 98.000000 3.131524
 99.000000 2.301998
 100.000000 2.947350
 101.000000 2.854610
 102.000000 3.862134
 103.000000 3.324940
 104.000000 3.161221
 105.000000 2.637146
 106.000000 3.525546
 107.000000 3.042917
 108.000000 2.446439
 109.000000 2.512047
 110.000000 2.596364
 111.000000 2.702219
 112.000000 2.919377
 113.000000 3.266756
 114.000000 3.420302
 115.000000 3.218873
 116.000000 3.242783
 117.000000 3.379464
 118.000000 3.238126
 119.000000 2.914335
 120.000000 3.102839
 121.000000 3.216745
 122.000000 3.296057
 123.000000 3.183975
 124.000000 3.285861
 125.000000 3.067206
 126.000000 2.864099
 127.000000 2.800346
 128.000000 2.707082
 129.000000 2.280809
 130.000000 2.215267
 131.000000 2.146077
 132.000000 2.255181
 133.000000 2.445615
 134.000000 2.297975
 135.000000 2.495825
 136.000000 2.782995
 137.000000 2.537383
 138.000000 2.204941
 139.000000 2.209317
 140.000000 2.028138
 141.000000 1.965351
 142.000000 3.019469
 143.000000 2.732156
 144.000000 2.181134
 145.000000 2.292951
 146.000000 3.651296
 147.000000 3.571104
 148.000000 3.334261
 149.000000 3.420567
 150.000000 3.363020
 151.000000 3.424059
 152.000000 2.600405
 153.000000 2.966984
 154.000000 3.156200
 155.000000 3.538384
 156.000000 3.999815
 157.000000 3.234642
 158.000000 3.618287
 159.000000 3.389711
 160.000000 3.469908
 161.000000 4.215064
 162.000000 3.735335
 163.000000 3.941684
 164.000000 3.747787
 165.000000 3.085372
 166.000000 2.639937
 167.000000 2.103929
 168.000000 4.132650
 169.000000 3.052133
 170.000000 2.946049
 171.000000 2.754504
 172.000000 2.900193
 173.000000 3.118975
 174.000000 3.011545
 175.000000 3.112488
 176.000000 3.035749
 177.000000 2.934969
 178.000000 3.129165
 179.000000 3.055935
 180.000000 3.030169
 181.000000 3.081653
 182.000000 2.992594
 183.000000 2.793240
 184.000000 2.916148
 185.000000 2.601563
 186.000000 2.669216
 187.000000 2.588272
 188.000000 2.731879
 189.000000 2.737439
 190.000000 2.963251
 191.000000 2.857584
 192.000000 3.091922
 193.000000 2.822707
 194.000000 2.941133
 195.000000 3.047377
 196.000000 2.901194
 197.000000 2.987901
 198.000000 2.768255
 199.000000 2.967425
 200.000000 2.928380
 201.000000 2.999519
 202.000000 2.871129
 203.000000 2.999995
 204.000000 3.997948
 205.000000 3.775028
 206.000000 3.426754
 207.000000 3.462154
 208.000000 3.573832
 209.000000 3.761020
 210.000000 3.904979
 211.000000 3.838501
 212.000000 3.447513
 213.000000 3.465653
 214.000000 3.695689
 215.000000 3.829292
 216.000000 3.890024
 217.000000 3.569626
 218.000000 3.678042
 219.000000 3.833291
 220.000000 3.767735
 221.000000 3.872374
 222.000000 3.830202
 223.000000 3.974744
 224.000000 4.068350
 225.000000 4.259268
 226.000000 4.026558
 227.000000 4.015554
 228.000000 4.040978
 229.000000 3.983417
 230.000000 3.899252
 231.000000 3.948619
 232.000000 3.874230
 233.000000 4.020286
 234.000000 4.081852
 235.000000 4.087352
 236.000000 4.005657
 237.000000 4.055206
 238.000000 3.842937
 239.000000 3.929241
 240.000000 4.079089
 241.000000 4.133438
 242.000000 4.322483
 243.000000 4.260114
 244.000000 3.447002
 245.000000 2.585909
 246.000000 1.386506
 247.000000 1.752909
 248.000000 2.957297
 249.000000 3.265282
 250.000000 3.165480
 251.000000 3.137256
 252.000000 3.649613
 253.000000 3.300023
 254.000000 3.277937
 255.000000 3.178357
 256.000000 2.892752
 257.000000 3.052026
 258.000000 2.975929
 259.000000 2.451412
 260.000000 1.638307
 261.000000 0.518444
 262.000000 2.790109
 263.000000 2.619909
 264.000000 4.015535
 265.000000 2.585866
 266.000000 2.947558
 267.000000 3.313888
 268.000000 2.561184
 269.000000 2.565845
 270.000000 3.130469
 271.000000 3.029057
 272.000000 2.044282
 273.000000 3.472822
 274.000000 3.655105
 275.000000 1.928687
 276.000000 2.526879
 277.000000 2.801163
 278.000000 2.862460
 279.000000 4.132139
 280.000000 1.632006
 281.000000 3.075439
 282.000000 3.053194
 283.000000 3.404277
 284.000000 1.690840
 285.000000 3.592190
 286.000000 2.819669
 287.000000 3.578957
 288.000000 3.694512
 289.000000 2.317915
 290.000000 3.230757
 291.000000 3.512831
 292.000000 3.758243
 293.000000 3.920508
 294.000000 3.709966
 295.000000 3.473343
 296.000000 3.073653
 297.000000 3.494269
 298.000000 2.863441
 299.000000 1.494438
 300.000000 2.217793
 301.000000 1.832434
 302.000000 2.632970
 303.000000 3.405871
 304.000000 3.674034
 305.000000 3.622183
 306.000000 3.730072
 307.000000 3.492374
 308.000000 2.662297
 309.000000 3.163864
 310.000000 2.388517
 311.000000 1.575219
 312.000000 2.666581
 313.000000 3.474206
 314.000000 3.521777
 315.000000 3.289761
 316.000000 3.700970
 317.000000 4.075416
 318.000000 3.372118
 319.000000 2.728550
 320.000000 3.508034
 321.000000 2.672996
 322.000000 2.539205
 323.000000 3.339163
 324.000000 3.315353
 325.000000 4.062992
 326.000000 4.062856
 327.000000 3.842104
 328.000000 2.912084
 329.000000 3.341053
 330.000000 2.193799
 331.000000 2.958143
 332.000000 2.456300
 333.000000 1.313585
 334.000000 2.307973
 335.000000 3.497342
 336.000000 3.151796
 337.000000 3.650874
 338.000000 3.372711
 339.000000 4.111602
 340.000000 3.343587
 341.000000 3.821299
 342.000000 3.663347
 343.000000 3.521022
 344.000000 3.074135
 345.000000 2.479604
 346.000000 2.379484
 347.000000 3.104733
 348.000000 2.858217
 349.000000 2.526861
 350.000000 2.829092
 351.000000 3.224903
 352.000000 3.157722
 353.000000 3.479008
 354.000000 3.591927
 355.000000 3.732633
 356.000000 3.766089
 357.000000 3.435818
 358.000000 3.164573
 359.000000 3.350707
 360.000000 3.697134
 361.000000 3.778421
 362.000000 3.824279
 363.000000 3.990127
 364.000000 4.109868
 365.000000 4.221497
 366.000000 4.122160
 367.000000 4.210128
 368.000000 4.166467
 369.000000 4.238184
 370.000000 4.044030
 371.000000 3.881075
 372.000000 4.071575
 373.000000 3.975920
 374.000000 3.425709
 375.000000 3.584870
 376.000000 3.615374
 377.000000 3.748600
 378.000000 3.589667
 379.000000 3.674241
 380.000000 3.625754
 381.000000 3.814240
 382.000000 3.993773
 383.000000 3.893042
 384.000000 3.899018
 385.000000 3.799441
 386.000000 3.420706
 387.000000 3.629747
 388.000000 3.666632
 389.000000 4.165238
 390.000000 4.160668
 391.000000 4.100999
 392.000000 4.203286
 393.000000 4.182724
 394.000000 4.208400
 395.000000 3.870866
 396.000000 3.901759
 397.000000 3.840057
 398.000000 3.874249
 399.000000 3.793742
 400.000000 3.875311
 401.000000 3.981675
 402.000000 4.029445
 403.000000 4.228938
 404.000000 4.167058
 405.000000 4.050269
 406.000000 3.919886
 407.000000 3.928601
 408.000000 4.065128
 409.000000 4.079183
 410.000000 4.056511
 411.000000 4.116049
 412.000000 4.142756
 413.000000 3.933120
 414.000000 3.763773
 415.000000 4.048643
 416.000000 3.952424
 417.000000 3.917101
 418.000000 3.816795
 419.000000 3.825070
 420.000000 4.260950
 421.000000 3.380024
 422.000000 4.332057
 423.000000 4.476445
 424.000000 4.452914
 425.000000 4.681711
 426.000000 4.851762
 427.000000 4.884590
 428.000000 4.996603
 429.000000 3.450377
 430.000000 4.739365
 431.000000 4.426183
 432.000000 4.496410
 433.000000 4.422898
 434.000000 4.584113
 435.000000 4.847839
 436.000000 4.791600
 437.000000 5.006841
 438.000000 4.922173
 439.000000 4.768130
 440.000000 4.931467
 441.000000 4.761678
 442.000000 4.707918
 443.000000 3.268321
 444.000000 2.801987
 445.000000 2.755557
 446.000000 4.170140
 447.000000 3.549323
 448.000000 3.142253
 449.000000 3.182811
 450.000000 3.702106
 451.000000 3.944380
 452.000000 3.837087
 453.000000 4.347001
 454.000000 3.975325
 455.000000 4.480275
 456.000000 3.866151
 457.000000 2.432350
 458.000000 2.856279
 459.000000 3.278076
 460.000000 3.379870
 461.000000 2.866393
 462.000000 1.888121
 463.000000 2.938550
 464.000000 1.804925
 465.000000 3.016981
 466.000000 4.119669
 467.000000 3.740097
 468.000000 4.210225
 469.000000 4.427880
 470.000000 4.237906
 471.000000 4.087974
 472.000000 3.870938
 473.000000 3.776563
 474.000000 3.104082
 475.000000 3.571270
 476.000000 3.684872
 477.000000 2.837383
 478.000000 1.557626
 479.000000 0.415770
 480.000000 0.242300
 481.000000 1.033161
 482.000000 1.152518
 483.000000 2.082316
 484.000000 2.697973
 485.000000 3.046623
 486.000000 3.638214
 487.000000 3.814075
 488.000000 2.993732
 489.000000 3.378736
 490.000000 3.720081
 491.000000 2.753466
 492.000000 2.597234
 493.000000 3.226612
 494.000000 3.275350
 495.000000 3.826271
 496.000000 3.898353
 497.000000 3.338226
 498.000000 3.525037
 499.000000 3.734243
 500.000000 3.828467
 501.000000 4.104665
 502.000000 3.017020
 503.000000 2.855271
 504.000000 3.918348
 505.000000 2.836296
 506.000000 3.008273
 507.000000 3.178042
 508.000000 2.584658
 509.000000 2.980659
 510.000000 3.540778
 511.000000 3.161597
 512.000000 2.496032
 513.000000 3.239075
 514.000000 3.467425
 515.000000 3.268764
 516.000000 3.942080
 517.000000 3.394712
 518.000000 3.672344
 519.000000 2.741100
 520.000000 3.098084
 521.000000 3.598142
 522.000000 4.055574
 523.000000 2.740133
 524.000000 2.672429
 525.000000 2.525297
 526.000000 0.533175
 527.000000 1.412030
 528.000000 2.417362
 529.000000 2.584400
 530.000000 2.662084
 531.000000 3.573774
 532.000000 3.559488
 533.000000 2.567978
 534.000000 1.106942
 535.000000 1.066305
 536.000000 1.552977
 537.000000 2.233776
 538.000000 2.921021
 539.000000 2.813885
 540.000000 3.017743
 541.000000 2.514600
 542.000000 3.176554
 543.000000 2.273791
 544.000000 2.411278
 545.000000 2.415207
 546.000000 3.166771
 547.000000 3.286569
 548.000000 3.527893
 549.000000 3.569216
 550.000000 3.084027
 551.000000 2.840735
 552.000000 3.099953
 553.000000 3.108654
 554.000000 3.812810
 555.000000 3.845372
 556.000000 3.381488
 557.000000 2.758291
 558.000000 2.996622
 559.000000 3.004333
 560.000000 2.880940
 561.000000 2.920522
 562.000000 3.145047
 563.000000 2.970821
 564.000000 2.671447
 565.000000 2.906059
 566.000000 3.135870
 567.000000 3.053220
 568.000000 3.111683
 569.000000 2.853394
 570.000000 2.381665
 571.000000 2.371752
 572.000000 2.284359
 573.000000 1.906750
 574.000000 2.225524
 575.000000 2.285391
 576.000000 2.268362
 577.000000 2.019863
 578.000000 2.503421
 579.000000 3.074276
 580.000000 2.404444
 581.000000 2.830292
 582.000000 3.062973
 583.000000 3.357374
 584.000000 3.253748
 585.000000 2.395786
 586.000000 2.711803
 587.000000 3.415531
 588.000000 2.222241
 589.000000 2.483993
 590.000000 3.241957
 591.000000 3.217316
 592.000000 4.354893
 593.000000 4.246289
 594.000000 4.036764
 595.000000 4.234542
 596.000000 4.193231
 597.000000 4.417597
 598.000000 4.364003
 599.000000 4.103090
 600.000000 4.192181
 601.000000 4.775239
 602.000000 4.780717
 603.000000 4.515708
 604.000000 4.478158
 605.000000 4.103213
 606.000000 4.336131
 607.000000 4.445676
 608.000000 4.428241
 609.000000 4.284794
 610.000000 4.392306
 611.000000 4.532347
 612.000000 4.462937
 613.000000 4.522995
 614.000000 4.598474
 615.000000 4.642851
 616.000000 4.688465
 617.000000 4.694843
 618.000000 3.682891
 619.000000 4.659814
 620.000000 4.636550
 621.000000 4.632625
 622.000000 4.796296
 623.000000 4.627226
 624.000000 3.408865
 625.000000 4.712871
 626.000000 4.684933
 627.000000 3.236030
 628.000000 4.598779
 629.000000 3.208112
 630.000000 3.481452
 631.000000 3.395052
 632.000000 3.338459
 633.000000 3.513772
 634.000000 4.593752
 635.000000 4.620123
 636.000000 4.623883
 637.000000 3.393748
 638.000000 3.353179
 639.000000 4.640370
 640.000000 4.549367
 641.000000 3.502046
 642.000000 4.722285
 643.000000 3.521483
 644.000000 3.348358
 645.000000 3.514638
 646.000000 4.711860
 647.000000 4.696795
 648.000000 3.600479
 649.000000 3.584556
 650.000000 3.477015
 651.000000 3.198755
 652.000000 3.457895
 653.000000 4.249612
 654.000000 4.433856
 655.000000 4.494352
 656.000000 4.581647
 657.000000 4.514749
 658.000000 4.227709
 659.000000 4.219330
 660.000000 4.099690
 661.000000 4.005882
 662.000000 4.082149
 663.000000 4.024101
 664.000000 3.981370
 665.000000 4.081719
 666.000000 3.431124
 667.000000 3.552083
 668.000000 3.611724
 669.000000 3.713911
 670.000000 3.658642
 671.000000 3.570460
 672.000000 3.599691
 673.000000 3.843786
 674.000000 3.774544
 675.000000 3.842162
 676.000000 3.792289
 677.000000 3.789975
 678.000000 3.890669
 679.000000 4.060216
 680.000000 4.003064
 681.000000 3.831457
 682.000000 3.719635
 683.000000 3.712121
 684.000000 3.765368
 685.000000 3.805630
 686.000000 3.926634
 687.000000 3.762045
 688.000000 3.597201
 689.000000 3.700073
 690.000000 3.876322
 691.000000 3.893350
 692.000000 3.692310
 693.000000 3.846198
 694.000000 3.906599
 695.000000 3.886811
 696.000000 3.722641
 697.000000 3.931721
 698.000000 4.066542
 699.000000 4.071692
 700.000000 4.000421
 701.000000 3.881411
 702.000000 3.697987
 703.000000 3.505095
 704.000000 3.235464
 705.000000 1.799405
 706.000000 2.269590
 707.000000 3.894245
 708.000000 3.847716
 709.000000 4.119723
 710.000000 4.291978
 711.000000 4.023944
 712.000000 3.275552
 713.000000 3.789714
 714.000000 3.374164
 715.000000 3.714891
 716.000000 3.641933
 717.000000 3.711964
 718.000000 3.024578
 719.000000 2.679719
 720.000000 2.913577
 721.000000 2.014615
 722.000000 3.382270
 723.000000 3.696603
 724.000000 2.115260
 725.000000 1.264350
 726.000000 2.832062
 727.000000 2.811286
 728.000000 4.004193
 729.000000 3.263534
 730.000000 3.564590
 731.000000 2.759365
 732.000000 1.354116
 733.000000 1.924819
 734.000000 4.694326
 735.000000 4.742660
 736.000000 3.986191
 737.000000 3.601274
 738.000000 3.550359
 739.000000 3.249351
 740.000000 3.649813
 741.000000 3.340621
 742.000000 3.925067
 743.000000 2.918082
 744.000000 3.952555
 745.000000 3.482179
 746.000000 3.315850
 747.000000 3.110180
 748.000000 3.595797
 749.000000 3.652730
 750.000000 3.465146
 751.000000 3.292747
 752.000000 3.507081
 753.000000 3.698197
 754.000000 3.506174
 755.000000 3.224583
 756.000000 3.126152
 757.000000 2.958156
 758.000000 1.836100
 759.000000 2.007042
 760.000000 1.948863
 761.000000 1.484135
 762.000000 0.529470
 763.000000 0.267410
 764.000000 1.670899
 765.000000 2.182429
 766.000000 1.963019
 767.000000 2.780819
 768.000000 3.660043
 769.000000 3.530498
 770.000000 4.167119
 771.000000 4.266541
 772.000000 4.311333
 773.000000 4.036918
 774.000000 3.915329
 775.000000 2.338649
 776.000000 2.216240
 777.000000 2.434855
 778.000000 1.617069
 779.000000 1.282207
 780.000000 2.424377
 781.000000 1.993795
 782.000000 2.279251
 783.000000 1.465207
 784.000000 1.942198
 785.000000 2.537647
 786.000000 3.371229
 787.000000 1.950092
 788.000000 3.768482
 789.000000 2.761164
 790.000000 3.905289
 791.000000 3.939212
 792.000000 3.923307
 793.000000 3.442633
 794.000000 4.135168
 795.000000 3.393553
 796.000000 3.263460
 797.000000 3.627838
 798.000000 3.695081
 799.000000 3.195568
 800.000000 3.050635
 801.000000 3.425400
 802.000000 2.545452
 803.000000 2.840105
 804.000000 2.849713
 805.000000 2.610576
 806.000000 2.779186
 807.000000 2.520163
 808.000000 2.664481
 809.000000 3.140531
 810.000000 2.927500
 811.000000 3.203838
 812.000000 2.884431
 813.000000 2.812289
 814.000000 3.165096
 815.000000 2.848554
 816.000000 3.421387
 817.000000 3.872454
 818.000000 3.616041
 819.000000 3.865342
 820.000000 3.835636
 821.000000 3.727121
 822.000000 3.660621
 823.000000 3.378566
 824.000000 3.180934
 825.000000 3.229153
 826.000000 2.865889
 827.000000 2.719665
 828.000000 2.189194
 829.000000 2.656159
 830.000000 2.823974
 831.000000 2.987646
 832.000000 2.305444
 833.000000 2.561508
 834.000000 2.471807
 835.000000 2.548196
 836.000000 2.826549
 837.000000 2.614697
 838.000000 2.989422
 839.000000 2.584199
 840.000000 2.506536
 841.000000 3.210393
 842.000000 3.222554
 843.000000 3.474829
 844.000000 3.993162
 845.000000 3.563896
 846.000000 3.398280
 847.000000 3.643257
 848.000000 3.437005
 849.000000 3.909937
 850.000000 4.057938
 851.000000 3.844290
 852.000000 3.094882
 853.000000 2.920272
 854.000000 3.080741
 855.000000 4.167969
 856.000000 4.076962
 857.000000 3.780033
 858.000000 3.625312
 859.000000 3.951844
 860.000000 3.453751
 861.000000 3.587575
 862.000000 3.398905
 863.000000 3.372035
 864.000000 3.777138
 865.000000 2.912965
 866.000000 2.470573
 867.000000 3.280767
 868.000000 2.755015
 869.000000 2.515804
 870.000000 2.867580
 871.000000 3.583896
 872.000000 3.786029
 873.000000 3.103800
 874.000000 2.734064
 875.000000 3.103240
 876.000000 2.647476
 877.000000 3.568906
 878.000000 3.209048
 879.000000 3.287333
 880.000000 2.479700
 881.000000 3.802541
 882.000000 2.993396
 883.000000 3.931050
 884.000000 3.556206
 885.000000 4.009337
 886.000000 3.657121
 887.000000 3.239898
 888.000000 3.305944
 889.000000 3.533109
 890.000000 3.521188
 891.000000 2.817698
 892.000000 3.211643
 893.000000 3.601111
 894.000000 3.537194
 895.000000 3.532296
 896.000000 2.974193
 897.000000 2.631226
 898.000000 2.898312
 899.000000 3.130740
 900.000000 2.744740
 901.000000 3.175849
 902.000000 3.382024
 903.000000 3.528627
 904.000000 4.137720
 905.000000 3.996195
 906.000000 3.136612
 907.000000 2.559602
 908.000000 2.293664
 909.000000 2.454971
 910.000000 2.402840
 911.000000 2.504557
 912.000000 2.450548
 913.000000 2.462430
 914.000000 2.375796
 915.000000 2.336588
 916.000000 2.443937
 917.000000 2.498740
 918.000000 2.394855
 919.000000 2.431894
 920.000000 2.549418
 921.000000 2.663601
 922.000000 2.590173
 923.000000 2.972484
 924.000000 3.059763
 925.000000 2.790143
 926.000000 2.796209
 927.000000 2.825238
 928.000000 2.726323
 929.000000 2.852553
 930.000000 2.954295
 931.000000 2.984202
 932.000000 2.815769
 933.000000 2.771027
 934.000000 3.006331
 935.000000 2.738468
 936.000000 2.704735
 937.000000 2.530529
 938.000000 2.815297
 939.000000 2.887439
 940.000000 2.879335
 941.000000 2.656818
 942.000000 2.678163
 943.000000 2.643040
 944.000000 2.584382
 945.000000 2.449201
 946.000000 2.561784
 947.000000 2.341665
 948.000000 2.361247
 949.000000 2.456818
 950.000000 2.504663
 951.000000 2.452851
 952.000000 2.646611
 953.000000 2.700281
 954.000000 2.864632
 955.000000 2.915079
 956.000000 2.750012
 957.000000 2.852503
 958.000000 2.797916
 959.000000 2.745467
 960.000000 2.705406
 961.000000 2.696824
 962.000000 2.855286
 963.000000 2.853970
 964.000000 2.497914
 965.000000 2.832685
 966.000000 2.821655
 967.000000 2.819094
 968.000000 2.758449
 969.000000 2.840453
 970.000000 2.826257
 971.000000 2.677735
 972.000000 2.709281
 973.000000 2.699085
 974.000000 2.606008
 975.000000 2.566831
 976.000000 2.727544
 977.000000 2.432960
 978.000000 3.099021
 979.000000 3.065059
 980.000000 2.366681
 981.000000 1.467921
 982.000000 3.435253
 983.000000 2.715228
 984.000000 2.423986
 985.000000 3.565526
 986.000000 3.133990
 987.000000 3.459156
 988.000000 3.081506
 989.000000 2.805727
 990.000000 2.829630
 991.000000 2.893809
 992.000000 4.076125
 993.000000 4.142988
 994.000000 3.824708
 995.000000 3.192145
 996.000000 3.669812
 997.000000 3.445846
 998.000000 2.190351
 999.000000 2.731801
 1000.000000 2.842301
 1001.000000 2.087284
 1002.000000 1.653423
 1003.000000 1.949003
 1004.000000 2.189209
 1005.000000 2.176669
 1006.000000 1.999156
 1007.000000 2.105244
 1008.000000 1.720706
 1009.000000 1.991094
 1010.000000 1.310458
 1011.000000 1.614496
 1012.000000 2.226849
 1013.000000 2.405872
 1014.000000 2.343021
 1015.000000 2.647089
 1016.000000 2.871632
 1017.000000 2.900936
 1018.000000 2.615333
 1019.000000 2.733040
 1020.000000 2.491478
 1021.000000 2.546306
 1022.000000 2.514901
 1023.000000 2.441145
 1024.000000 2.291245
 1025.000000 2.251537
 1026.000000 2.254044
 1027.000000 2.228987
 1028.000000 2.131200
 1029.000000 2.229895
 1030.000000 2.046765
 1031.000000 2.295850
 1032.000000 2.084002
 1033.000000 2.189019
 1034.000000 1.987752
 1035.000000 2.002077
 1036.000000 2.106368
 1037.000000 2.016238
 1038.000000 1.666807
 1039.000000 1.167990
 1040.000000 2.046451
 1041.000000 2.834057
 1042.000000 2.585749
 1043.000000 3.319482
 1044.000000 3.134343
 1045.000000 3.261489
 1046.000000 3.545980
 1047.000000 4.041836
 1048.000000 4.272709
 1049.000000 3.758598
 1050.000000 4.008868
 1051.000000 3.955942
 1052.000000 3.481593
 1053.000000 2.930429
 1054.000000 3.176035
 1055.000000 4.045600
 1056.000000 3.540380
 1057.000000 3.738281
 1058.000000 3.129038
 1059.000000 3.102771
 1060.000000 3.923913
 1061.000000 4.066623
 1062.000000 4.107760
 1063.000000 4.129076
 1064.000000 4.196167
 1065.000000 4.074880
 1066.000000 4.262475
 1067.000000 3.868374
 1068.000000 4.082591
 1069.000000 4.169576
 1070.000000 4.110210
 1071.000000 4.213816
 1072.000000 3.610751
 1073.000000 3.640055
 1074.000000 2.968428
 1075.000000 3.029640
 1076.000000 2.204914
 1077.000000 2.285473
 1078.000000 2.822514
 1079.000000 3.565386
 1080.000000 3.287581
 1081.000000 1.797639
 1082.000000 1.779270
 1083.000000 3.043311
 1084.000000 3.332627
 1085.000000 2.658760
 1086.000000 3.752363
 1087.000000 3.738784
 1088.000000 2.542100
 1089.000000 4.460779
 1090.000000 4.371320
 1091.000000 3.665507
 1092.000000 3.590641
 1093.000000 3.938648
 1094.000000 3.577699
 1095.000000 3.214139
 1096.000000 3.074593
 1097.000000 3.446225
 1098.000000 3.180928
 1099.000000 3.129030
 1100.000000 3.020728
 1101.000000 2.585868
 1102.000000 1.469817
 1103.000000 0.890354
 1104.000000 1.173353
 1105.000000 2.529596
 1106.000000 2.156039
 1107.000000 1.773348
 1108.000000 1.557526
 1109.000000 1.603483
 1110.000000 2.069517
 1111.000000 1.890890
 1112.000000 1.704863
 1113.000000 1.597834
 1114.000000 1.387419
 1115.000000 1.151678
 1116.000000 1.047468
 1117.000000 0.813088
 1118.000000 1.457132
 1119.000000 1.881465
 1120.000000 1.269102
 1121.000000 1.429855
 1122.000000 1.325538
 1123.000000 1.561406
 1124.000000 1.485591
 1125.000000 1.598129
 1126.000000 1.880839
 1127.000000 1.526983
 1128.000000 1.876449
 1129.000000 2.139643
 1130.000000 2.160144
 1131.000000 2.275922
 1132.000000 2.140801
 1133.000000 2.068529
 1134.000000 1.624786
 1135.000000 1.783839
 1136.000000 1.757451
 1137.000000 1.792757
 1138.000000 1.684900
 1139.000000 1.949194
 1140.000000 1.785030
 1141.000000 1.577117
 1142.000000 1.595137
 1143.000000 1.458915
 1144.000000 1.370328
 1145.000000 1.323355
 1146.000000 1.351093
 1147.000000 1.416697
 1148.000000 1.355821
 1149.000000 1.343740
 1150.000000 1.341705
 1151.000000 1.666699
 1152.000000 1.743865
 1153.000000 1.546523
 1154.000000 1.675972
 1155.000000 1.869156
 1156.000000 1.769084
 1157.000000 1.800625
 1158.000000 1.716350
 1159.000000 1.818391
 1160.000000 1.752456
 1161.000000 1.813633
 1162.000000 1.755550
 1163.000000 1.767577
 1164.000000 1.766179
 1165.000000 1.857010
 1166.000000 1.723026
 1167.000000 1.746689
 1168.000000 1.753660
 1169.000000 2.060423
 1170.000000 2.115126
 1171.000000 1.723247
 1172.000000 1.687158
 1173.000000 1.700042
 1174.000000 1.883365
 1175.000000 1.716631
 1176.000000 1.898550
 1177.000000 1.869074
 1178.000000 1.818055
 1179.000000 1.860243
 1180.000000 1.590841
 1181.000000 1.767800
 1182.000000 1.615744
 1183.000000 1.646172
 1184.000000 1.469086
 1185.000000 1.452334
 1186.000000 1.205887
 1187.000000 1.468143
 1188.000000 1.265293
 1189.000000 1.166620
 1190.000000 1.435514
 1191.000000 1.376973
 1192.000000 1.370370
 1193.000000 1.678963
 1194.000000 1.695838
 1195.000000 1.502714
 1196.000000 1.684967
 1197.000000 1.694269
 1198.000000 1.578886
 1199.000000 1.598594
 1200.000000 1.555678
 1201.000000 1.716466
 1202.000000 1.514172
 1203.000000 1.631745
 1204.000000 1.621632
 1205.000000 1.571093
 1206.000000 1.637270
 1207.000000 1.654361
 1208.000000 1.618822
 1209.000000 1.630077
 1210.000000 1.709887
 1211.000000 1.676841
 1212.000000 1.629564
 1213.000000 1.695381
 1214.000000 1.599779
 1215.000000 1.677680
 1216.000000 1.808482
 1217.000000 1.903899
 1218.000000 2.040253
 1219.000000 1.891421
 1220.000000 1.875398
 1221.000000 1.872880
 1222.000000 2.041645
 1223.000000 1.911371
 1224.000000 1.996558
 1225.000000 2.103493
 1226.000000 2.265024
 1227.000000 2.225184
 1228.000000 2.501631
 1229.000000 2.320235
 1230.000000 2.314364
 1231.000000 2.270354
 1232.000000 2.388021
 1233.000000 2.500411
 1234.000000 2.519389
 1235.000000 2.512396
 1236.000000 2.547358
 1237.000000 2.605826
 1238.000000 2.473668
 1239.000000 2.411349
 1240.000000 2.367374
 1241.000000 2.404705
 1242.000000 2.306386
 1243.000000 2.239880
 1244.000000 2.232472
 1245.000000 2.259196
 1246.000000 2.228725
 1247.000000 2.243795
 1248.000000 2.243869
 1249.000000 2.296451
 1250.000000 2.160369
 1251.000000 2.330157
 1252.000000 2.305182
 1253.000000 2.240644
 1254.000000 2.166143
 1255.000000 2.289118
 1256.000000 2.196128
 1257.000000 2.176889
 1258.000000 2.291030
 1259.000000 2.291202
 1260.000000 2.246112
 1261.000000 2.259005
 1262.000000 2.277966
 1263.000000 2.318930
 1264.000000 2.311472
 1265.000000 2.224794
 1266.000000 2.149172
 1267.000000 2.132737
 1268.000000 2.103509
 1269.000000 2.037691
 1270.000000 1.895113
 1271.000000 2.030553
 1272.000000 2.153478
 1273.000000 2.029397
 1274.000000 2.219780
 1275.000000 2.333596
 1276.000000 2.267014
 1277.000000 2.216002
 1278.000000 2.260715
 1279.000000 2.459187
 1280.000000 2.191843
 1281.000000 2.212163
 1282.000000 2.248066
 1283.000000 2.360095
 1284.000000 2.197507
 1285.000000 2.135335
 1286.000000 2.278953
 1287.000000 2.239113
 1288.000000 2.134800
 1289.000000 2.123919
 1290.000000 2.276624
 1291.000000 2.136478
 1292.000000 2.050697
 1293.000000 2.076943
 1294.000000 2.082362
 1295.000000 2.249352
 1296.000000 2.323578
 1297.000000 2.220911
 1298.000000 2.233027
 1299.000000 2.037882
 1300.000000 2.053759
 1301.000000 2.131278
 1302.000000 2.085084
 1303.000000 2.164661
 1304.000000 2.012642
 1305.000000 2.150958
 1306.000000 2.064130
 1307.000000 1.910360
 1308.000000 1.715392
 1309.000000 1.959822
 1310.000000 1.900583
 1311.000000 2.059214
 1312.000000 1.981131
 1313.000000 1.988209
 1314.000000 2.114014
 1315.000000 2.041619
 1316.000000 2.219040
 1317.000000 2.163139
 1318.000000 2.169846
 1319.000000 1.908699
 1320.000000 2.041511
 1321.000000 2.022282
 1322.000000 1.727281
 1323.000000 1.746274
 1324.000000 1.831942
 1325.000000 1.824657
 1326.000000 1.778760
 1327.000000 1.901699
 1328.000000 1.923114
 1329.000000 2.034217
 1330.000000 2.172255
 1331.000000 1.869296
 1332.000000 1.817977
 1333.000000 2.200410
 1334.000000 2.196475
 1335.000000 1.998561
 1336.000000 2.064177
 1337.000000 1.909989
 1338.000000 1.972586
 1339.000000 1.929492
 1340.000000 1.820575
 1341.000000 1.860881
 1342.000000 2.081771
 1343.000000 2.122234
 1344.000000 2.152139
 1345.000000 2.511342
 1346.000000 2.477654
 1347.000000 2.501289
 1348.000000 2.517257
 1349.000000 2.320546
 1350.000000 2.342486
 1351.000000 2.648452
 1352.000000 3.003865
 1353.000000 3.450969
 1354.000000 3.136718
 1355.000000 3.180408
 1356.000000 3.197441
 1357.000000 3.097029
 1358.000000 2.975659
 1359.000000 3.245036
 1360.000000 3.584741
 1361.000000 3.678195
 1362.000000 3.605559
 1363.000000 3.770795
 1364.000000 4.138936
 1365.000000 4.576129
 1366.000000 4.451816
 1367.000000 4.587750
 1368.000000 4.605318
 1369.000000 4.551585
 1370.000000 4.363284
 1371.000000 4.414728
 1372.000000 4.376241
 1373.000000 4.293791
 1374.000000 4.152996
 1375.000000 4.385224
 1376.000000 4.164500
 1377.000000 3.948322
 1378.000000 4.393462
 1379.000000 4.209174
 1380.000000 3.993684
 1381.000000 4.010524
 1382.000000 3.749481
 1383.000000 4.239998
 1384.000000 4.140451
 1385.000000 4.048600
 1386.000000 3.877617
 1387.000000 4.123835
 1388.000000 4.254299
 1389.000000 4.130876
 1390.000000 4.220703
 1391.000000 4.271625
 1392.000000 4.656446
 1393.000000 4.682223
 1394.000000 4.538234
 1395.000000 4.573915
 1396.000000 4.450249
 1397.000000 4.439554
 1398.000000 4.296866
 1399.000000 4.208278
 1400.000000 4.199362
 1401.000000 4.233172
 1402.000000 4.321274
 1403.000000 4.241832
 1404.000000 4.245728
 1405.000000 4.063841
 1406.000000 4.141899
 1407.000000 4.061855
 1408.000000 3.843539
 1409.000000 3.681959
 1410.000000 3.509517
 1411.000000 3.016683
 1412.000000 3.133177
 1413.000000 3.061317
 1414.000000 3.069435
 1415.000000 2.913095
 1416.000000 2.381271
 1417.000000 3.113688
 1418.000000 3.168679
 1419.000000 2.821543
 1420.000000 3.479658
 1421.000000 3.511832
 1422.000000 3.603764
 1423.000000 3.556943
 1424.000000 3.139695
 1425.000000 3.398196
 1426.000000 2.729932
 1427.000000 3.251961
 1428.000000 3.379174
 1429.000000 2.806054
 1430.000000 2.999439
 1431.000000 3.095318
 1432.000000 2.805969
 1433.000000 3.049395
 1434.000000 3.579683
 1435.000000 3.263770
 1436.000000 3.429531
 1437.000000 3.253550
 1438.000000 3.207986
 1439.000000 3.101831
 1440.000000 2.957479
 1441.000000 3.045783
 1442.000000 3.042580
 1443.000000 2.903469
 1444.000000 2.989966
 1445.000000 3.045686
 1446.000000 3.043663
 1447.000000 2.879225
 1448.000000 2.867892
 1449.000000 3.481787
 1450.000000 3.080078
 1451.000000 3.734766
 1452.000000 3.868943
 1453.000000 4.017552
 1454.000000 4.044018
 1455.000000 4.242343
 1456.000000 4.088497
 1457.000000 3.982631
 1458.000000 3.977889
 1459.000000 3.961528
 1460.000000 3.956994
 1461.000000 3.844784
 1462.000000 3.911518
 1463.000000 3.819819
 1464.000000 4.026149
 1465.000000 4.028402
 1466.000000 3.961641
 1467.000000 4.112752
 1468.000000 4.105818
 1469.000000 4.032672
 1470.000000 4.008884
 1471.000000 4.132508
 1472.000000 4.077704
 1473.000000 4.180196
 1474.000000 3.962072
 1475.000000 3.944611
 1476.000000 3.866645
 1477.000000 3.816846
 1478.000000 3.861409
 1479.000000 3.812426
 1480.000000 3.945845
 1481.000000 3.812518
 1482.000000 3.744792
 1483.000000 3.902861
 1484.000000 3.928846
 1485.000000 3.876465
 1486.000000 3.421535
 1487.000000 3.173902
 1488.000000 3.247132
 1489.000000 3.185017
 1490.000000 3.471380
 1491.000000 3.675672
 1492.000000 3.839049
 1493.000000 3.478693
 1494.000000 3.811097
 1495.000000 4.113500
 1496.000000 4.100869
 1497.000000 4.057760
 1498.000000 4.012150
 1499.000000 4.099847
 1500.000000 4.167816
 1501.000000 4.064502
 1502.000000 4.170178
 1503.000000 4.197783
 1504.000000 4.253671
 1505.000000 4.161489
 1506.000000 4.150046
 1507.000000 3.914681
 1508.000000 3.747465
 1509.000000 3.862288
 1510.000000 3.739377
 1511.000000 3.642479
 1512.000000 3.601515
 1513.000000 3.693488
 1514.000000 3.898178
 1515.000000 3.813438
 1516.000000 3.975421
 1517.000000 4.127012
 1518.000000 4.092106
 1519.000000 3.907976
 1520.000000 3.946304
 1521.000000 3.923751
 1522.000000 3.520308
 1523.000000 2.909058
 1524.000000 3.047181
 1525.000000 3.072559
 1526.000000 2.784388
 1527.000000 2.544549
 1528.000000 2.707174
 1529.000000 3.097370
 1530.000000 3.123015
 1531.000000 3.205917
 1532.000000 3.405965
 1533.000000 3.871298
 1534.000000 4.132112
 1535.000000 4.048062
 1536.000000 3.974412
 1537.000000 4.131716
 1538.000000 4.078105
 1539.000000 3.988244
 1540.000000 4.064204
 1541.000000 4.175585
 1542.000000 4.200971
 1543.000000 4.203450
 1544.000000 4.398278
 1545.000000 4.266552
 1546.000000 4.258844
 1547.000000 4.238222
 1548.000000 4.376873
 1549.000000 4.594515
 1550.000000 4.700369
 1551.000000 4.824565
 1552.000000 4.772485
 1553.000000 4.778401
 1554.000000 4.806759
 1555.000000 4.623248
 1556.000000 4.596853
 1557.000000 4.558667
 1558.000000 4.415034
 1559.000000 4.142720
 1560.000000 3.753458
 1561.000000 3.574168
 1562.000000 2.887098
 1563.000000 3.307161
 1564.000000 3.593548
 1565.000000 3.441261
 1566.000000 3.578903
 1567.000000 3.618036
 1568.000000 2.833703
 1569.000000 2.496128
 1570.000000 2.989366
 1571.000000 2.746713
 1572.000000 2.810017
 1573.000000 3.199128
 1574.000000 3.536444
 1575.000000 3.249849
 1576.000000 3.149058
 1577.000000 3.768711
 1578.000000 3.073479
 1579.000000 3.518369
 1580.000000 3.513998
 1581.000000 3.392424
 1582.000000 3.244345
 1583.000000 3.101506
 1584.000000 3.152611
 1585.000000 3.112234
 1586.000000 3.013601
 1587.000000 2.860577
 1588.000000 2.715967
 1589.000000 2.627653
 1590.000000 2.789453
 1591.000000 2.846593
 1592.000000 3.077259
 1593.000000 3.240171
 1594.000000 3.324200
 1595.000000 3.196094
 1596.000000 3.691524
 1597.000000 3.525446
 1598.000000 3.840569
 1599.000000 3.801269
 1600.000000 3.836535
 1601.000000 3.598447
 1602.000000 3.659898
 1603.000000 3.555794
 1604.000000 3.701722
 1605.000000 3.715581
 1606.000000 3.668919
 1607.000000 3.827133
 1608.000000 3.891255
 1609.000000 4.018655
 1610.000000 3.991645
 1611.000000 3.890947
 1612.000000 3.193701
 1613.000000 3.417028
 1614.000000 3.687949
 1615.000000 3.313691
 1616.000000 3.429635
 1617.000000 2.898560
 1618.000000 2.581996
 1619.000000 2.660100
 1620.000000 2.473524
 1621.000000 2.539113
 1622.000000 2.696780
 1623.000000 2.596682
 1624.000000 3.018022
 1625.000000 3.296058
 1626.000000 3.269318
 1627.000000 2.850337
 1628.000000 3.089452
 1629.000000 3.311342
 1630.000000 2.908253
 1631.000000 3.267134
 1632.000000 2.940573
 1633.000000 2.670475
 1634.000000 2.789470
 1635.000000 2.551802
 1636.000000 2.632778
 1637.000000 2.780491
 1638.000000 2.658151
 1639.000000 2.311880
 1640.000000 2.381053
 1641.000000 2.509479
 1642.000000 2.054217
 1643.000000 2.409160
 1644.000000 2.887124
 1645.000000 2.644271
 1646.000000 2.862556
 1647.000000 2.561265
 1648.000000 2.764579
 1649.000000 2.810250
 1650.000000 2.904038
 1651.000000 3.204323
 1652.000000 3.272714
 1653.000000 3.276014
 1654.000000 3.261746
 1655.000000 3.152047
 1656.000000 3.061047
 1657.000000 3.146096
 1658.000000 3.168930
 1659.000000 3.024234
 1660.000000 2.961372
 1661.000000 2.734789
 1662.000000 3.314644
 1663.000000 2.885600
 1664.000000 2.967877
 1665.000000 2.462660
 1666.000000 2.599206
 1667.000000 1.992708
 1668.000000 2.076634
 1669.000000 2.076272
 1670.000000 1.777489
 1671.000000 1.933178
 1672.000000 1.639635
 1673.000000 2.420751
 1674.000000 2.434280
 1675.000000 2.275800
 1676.000000 1.808106
 1677.000000 1.629535
 1678.000000 1.492607
 1679.000000 2.765761
 1680.000000 3.060057
 1681.000000 3.350219
 1682.000000 3.097513
 1683.000000 2.905881
 1684.000000 2.698411
 1685.000000 1.725940
 1686.000000 1.603427
 1687.000000 1.610883
 1688.000000 1.808538
 1689.000000 1.981744
 1690.000000 3.817266
 1691.000000 4.091637
 1692.000000 3.397704
 1693.000000 4.333484
 1694.000000 3.759517
 1695.000000 3.503132
 1696.000000 3.052065
 1697.000000 3.568567
 1698.000000 3.718532
 1699.000000 2.480123
 1700.000000 2.212784
 1701.000000 3.059693
 1702.000000 3.961645
 1703.000000 4.402904
 1704.000000 3.989129
 1705.000000 4.048847
 1706.000000 3.458978
 1707.000000 3.437277
 1708.000000 2.829393
 1709.000000 2.698258
 1710.000000 2.840730
 1711.000000 3.332135
 1712.000000 3.507120
 1713.000000 3.703397
 1714.000000 3.103888
 1715.000000 3.686887
 1716.000000 3.626883
 1717.000000 3.715389
 1718.000000 3.928883
 1719.000000 4.075629
 1720.000000 4.279522
 1721.000000 3.569878
 1722.000000 3.353511
 1723.000000 2.342811
 1724.000000 1.225203
 1725.000000 0.653650
 1726.000000 1.234934
 1727.000000 1.110951
 1728.000000 1.184164
 1729.000000 1.423313
 1730.000000 1.203232
 1731.000000 1.211404
 1732.000000 1.084903
 1733.000000 1.159097
 1734.000000 1.351731
 1735.000000 1.515138
 1736.000000 1.082250
 1737.000000 0.713397
 1738.000000 0.770697
 1739.000000 0.972914
 1740.000000 0.496487
 1741.000000 0.573673
 1742.000000 2.904486
 1743.000000 1.111904
 1744.000000 2.045072
 1745.000000 1.352922
 1746.000000 1.362981
 1747.000000 0.519352
 1748.000000 2.269372
 1749.000000 1.301709
 1750.000000 0.544500
 1751.000000 0.817201
 1752.000000 1.987014
 1753.000000 2.586554
 1754.000000 1.027959
 1755.000000 3.292834
 1756.000000 2.794674
 1757.000000 3.105215
 1758.000000 3.442012
 1759.000000 3.552399
 1760.000000 3.172929
 1761.000000 3.181722
 1762.000000 2.871746
 1763.000000 2.765352
 1764.000000 2.521317
 1765.000000 2.407716
 1766.000000 0.958133
 1767.000000 1.202341
 1768.000000 0.533453
 1769.000000 1.868009
 1770.000000 2.981596
 1771.000000 4.117084
 1772.000000 4.081888
 1773.000000 3.988192
 1774.000000 2.765499
 1775.000000 3.063630
 1776.000000 3.678461
 1777.000000 3.315500
 1778.000000 2.900331
 1779.000000 3.232236
 1780.000000 3.787857
 1781.000000 3.065173
 1782.000000 4.436037
 1783.000000 3.398571
 1784.000000 4.739274
 1785.000000 3.356660
 1786.000000 3.108461
 1787.000000 3.391881
 1788.000000 2.117315
 1789.000000 3.128417
 1790.000000 1.955238
 1791.000000 2.652029
 1792.000000 2.563719
 1793.000000 3.168890
 1794.000000 2.872528
 1795.000000 2.377191
 1796.000000 2.764701
 1797.000000 2.983377
 1798.000000 2.019906
 1799.000000 2.827391
 1800.000000 3.013892
 1801.000000 2.629603
 1802.000000 3.478905
 1803.000000 3.818464
 1804.000000 3.464678
 1805.000000 3.234612
 1806.000000 1.894735
 1807.000000 3.001023
 1808.000000 3.210948
 1809.000000 3.147003
 1810.000000 3.234555
 1811.000000 3.282007
 1812.000000 3.523048
 1813.000000 3.256898
 1814.000000 3.436777
 1815.000000 3.617366
 1816.000000 3.630480
 1817.000000 3.786380
 1818.000000 3.315271
 1819.000000 3.280637
 1820.000000 2.852997
 1821.000000 3.048575
 1822.000000 3.164167
 1823.000000 3.168371
 1824.000000 2.976533
 1825.000000 2.910356
 1826.000000 3.064807
 1827.000000 3.227994
 1828.000000 3.356825
 1829.000000 3.549689
 1830.000000 2.677039
 1831.000000 2.665618
 1832.000000 2.964565
 1833.000000 2.884016
 1834.000000 2.888418
 1835.000000 2.760556
 1836.000000 3.046664
 1837.000000 3.308411
 1838.000000 2.692958
 1839.000000 2.722668
 1840.000000 3.238071
 1841.000000 3.311041
 1842.000000 3.435221
 1843.000000 3.316804
 1844.000000 3.692231
 1845.000000 3.505703
 1846.000000 3.460723
 1847.000000 3.770517
 1848.000000 3.464131
 1849.000000 3.945194
 1850.000000 3.887801
 1851.000000 3.738667
 1852.000000 3.626473
 1853.000000 3.271855
 1854.000000 3.634792
 1855.000000 3.030721
 1856.000000 2.939479
 1857.000000 2.672041
 1858.000000 2.486262
 1859.000000 3.040784
 1860.000000 3.092412
 1861.000000 3.496082
 1862.000000 3.292389
 1863.000000 3.468317
 1864.000000 2.062767
 1865.000000 3.503515
 1866.000000 2.825918
 1867.000000 2.420574
 1868.000000 3.257319
 1869.000000 2.700683
 1870.000000 2.409221
 1871.000000 3.364826
 1872.000000 3.586418
 1873.000000 3.935833
 1874.000000 3.538835
 1875.000000 3.519928
 1876.000000 3.294317
 1877.000000 3.256114
 1878.000000 3.280430
 1879.000000 3.264693
 1880.000000 3.310868
 1881.000000 3.129760
 1882.000000 3.613355
 1883.000000 4.031033
 1884.000000 3.949793
 1885.000000 3.795246
 1886.000000 3.829471
 1887.000000 3.943515
 1888.000000 3.920780
 1889.000000 3.673979
 1890.000000 3.900110
 1891.000000 4.011847
 1892.000000 4.372363
 1893.000000 4.122657
 1894.000000 4.492501
 1895.000000 4.725340
 1896.000000 4.778066
 1897.000000 4.744593
 1898.000000 4.078173
 1899.000000 4.296218
 1900.000000 3.898549
 1901.000000 3.938332
 1902.000000 4.030460
 1903.000000 4.026000
 1904.000000 1.548315
 1905.000000 2.065483
 1906.000000 2.847883
 1907.000000 2.995684
 1908.000000 2.932690
 1909.000000 1.546319
 1910.000000 2.368475
 1911.000000 3.670786
 1912.000000 3.997758
 1913.000000 2.837601
 1914.000000 2.791149
 1915.000000 3.476500
 1916.000000 3.701935
 1917.000000 2.949421
 1918.000000 3.844203
 1919.000000 3.356523
 1920.000000 2.126658
 1921.000000 2.540048
 1922.000000 2.740473
 1923.000000 2.848233
 1924.000000 3.140326
 1925.000000 3.227958
 1926.000000 2.925794
 1927.000000 2.863861
 1928.000000 2.324734
 1929.000000 0.790290
 1930.000000 1.926238
 1931.000000 2.494564
 1932.000000 2.088283
 1933.000000 2.124498
 1934.000000 1.492040
 1935.000000 1.895572
 1936.000000 2.325681
 1937.000000 2.368532
 1938.000000 1.501188
 1939.000000 1.823271
 1940.000000 1.584480
 1941.000000 2.384626
 1942.000000 2.252208
 1943.000000 2.601405
 1944.000000 2.571714
 1945.000000 2.439283
 1946.000000 2.414736
 1947.000000 2.393210
 1948.000000 2.425134
 1949.000000 2.275212
 1950.000000 2.476850
 1951.000000 2.349453
 1952.000000 2.419403
 1953.000000 2.528585
 1954.000000 2.520358
 1955.000000 2.156339
 1956.000000 2.121564
 1957.000000 2.242612
 1958.000000 2.459913
 1959.000000 3.118443
 1960.000000 3.007310
 1961.000000 3.025224
 1962.000000 3.109034
 1963.000000 2.988550
 1964.000000 2.983814
 1965.000000 3.106677
 1966.000000 3.258535
 1967.000000 3.192858
 1968.000000 3.240751
 1969.000000 3.508069
 1970.000000 2.421206
 1971.000000 1.901784
 1972.000000 0.787806
 1973.000000 2.968575
 1974.000000 1.330078
 1975.000000 0.721556
 1976.000000 1.667111
 1977.000000 1.628553
 1978.000000 0.573964
 1979.000000 1.586071
 1980.000000 1.423627
 1981.000000 3.109744
 1982.000000 3.130713
 1983.000000 3.901448
 1984.000000 3.468677
 1985.000000 3.505110
 1986.000000 2.888651
 1987.000000 3.414783
 1988.000000 3.001180
 1989.000000 2.914849
 1990.000000 2.814520
 1991.000000 2.634180
 1992.000000 3.104588
 1993.000000 3.088770
 1994.000000 3.694913
 1995.000000 2.631000
 1996.000000 1.746003
 1997.000000 3.229493
 1998.000000 2.371150
 1999.000000 2.222943
 2000.000000 2.682679
 2001.000000 2.267592
 2002.000000 2.517835
 2003.000000 2.358287
 2004.000000 2.739649
 2005.000000 3.220342
 2006.000000 2.905553
 2007.000000 2.642584
 2008.000000 2.847929
 2009.000000 3.354424
 2010.000000 3.224237
 2011.000000 2.885161
 2012.000000 3.177768
 2013.000000 2.665914
 2014.000000 3.108375
 2015.000000 3.112716
 2016.000000 2.908743
 2017.000000 3.092402
 2018.000000 3.781046
 2019.000000 3.963107
 2020.000000 3.568480
 2021.000000 3.609923
 2022.000000 3.626108
 2023.000000 3.738035
 2024.000000 4.011473
