#! FIELDS time r32.min
 0.000000 2.332071
 1.000000 2.416749
 2.000000 2.501749
 3.000000 2.922158
 4.000000 2.477254
 5.000000 2.064422
 6.000000 1.672272
 7.000000 1.348506
 8.000000 1.712516
 9.000000 3.043133
 10.000000 2.028864
 11.000000 2.456989
 12.000000 3.539595
 13.000000 3.543811
 14.000000 2.896171
 15.000000 2.986127
 16.000000 3.090269
 17.000000 3.086200
 18.000000 2.801327
 19.000000 2.859189
 20.000000 2.506988
 21.000000 2.573130
 22.000000 2.745804
 23.000000 2.745728
 24.000000 3.725940
 25.000000 1.974937
 26.000000 1.346072
 27.000000 1.184270
 28.000000 0.684568
 29.000000 1.154208
 30.000000 2.353569
 31.000000 2.528008
 32.000000 3.417904
 33.000000 3.410895
 34.000000 1.989653
 35.000000 2.697798
 36.000000 3.320980
 37.000000 3.058824
 38.000000 3.996142
 39.000000 3.653122
 40.000000 3.672686
 41.000000 3.917974
 42.000000 4.461645
 43.000000 3.141376
 44.000000 1.255939
 45.000000 1.243447
 46.000000 1.261817
 47.000000 1.883330
 48.000000 1.875601
 49.000000 2.033948
 50.000000 1.330499
 51.000000 1.891628
 52.000000 1.733195
 53.000000 2.037385
 54.000000 1.675249
 55.000000 1.647996
 56.000000 1.528523
 57.000000 1.506811
 58.000000 1.488884
 59.000000 1.469991
 60.000000 1.739609
 61.000000 1.497755
 62.000000 1.526507
 63.000000 2.242450
 64.000000 2.335650
 65.000000 2.330303
 66.000000 2.949625
 67.000000 3.716840
 68.000000 3.228988
 69.000000 3.584682
 70.000000 3.673012
 71.000000 3.492174
 72.000000 3.809050
 73.000000 4.218715
 74.000000 3.931186
 75.000000 3.029405
 76.000000 4.029092
 77.000000 3.782850
 78.000000 3.192561
 79.000000 3.103219
 80.000000 3.102803
 81.000000 3.117761
 82.000000 2.808106
 83.000000 3.219014
 84.000000 3.575795
 85.000000 3.591318
 86.000000 3.616580
 87.000000 3.190459
 88.000000 3.656683
 89.000000 3.978180
 90.000000 4.017945
 91.000000 4.087747
 92.000000 3.939566
 93.000000 3.747924
 94.000000 3.827056
 95.000000 4.309262
 96.000000 4.026236
 97.000000 2.890719
 98.000000 2.564366
 99.000000 1.231844
 100.000000 2.658744
 101.000000 2.276346
 102.000000 3.374646
 103.000000 2.751689
 104.000000 3.530560
 105.000000 2.981276
 106.000000 3.909231
 107.000000 2.861044
 108.000000 1.898308
 109.000000 1.796860
 110.000000 1.912747
 111.000000 2.004206
 112.000000 2.327839
 113.000000 2.709988
 114.000000 2.870727
 115.000000 2.574488
 116.000000 2.671518
 117.000000 2.907146
 118.000000 2.742191
 119.000000 2.297000
 120.000000 2.563645
 121.000000 2.608580
 122.000000 2.689086
 123.000000 2.502232
 124.000000 2.634103
 125.000000 2.336691
 126.000000 2.240287
 127.000000 1.893155
 128.000000 1.847439
 129.000000 1.167716
 130.000000 1.043378
 131.000000 0.918745
 132.000000 1.138922
 133.000000 1.592702
 134.000000 1.277875
 135.000000 1.488554
 136.000000 2.021653
 137.000000 1.634926
 138.000000 1.050384
 139.000000 1.004356
 140.000000 0.664804
 141.000000 1.144971
 142.000000 2.477212
 143.000000 2.743065
 144.000000 2.210291
 145.000000 1.756024
 146.000000 3.462579
 147.000000 3.633991
 148.000000 3.109070
 149.000000 3.278316
 150.000000 3.289704
 151.000000 3.177590
 152.000000 2.181792
 153.000000 2.863167
 154.000000 2.854504
 155.000000 3.175945
 156.000000 3.794547
 157.000000 3.163070
 158.000000 3.425080
 159.000000 3.281252
 160.000000 3.543740
 161.000000 3.848549
 162.000000 4.009127
 163.000000 3.546047
 164.000000 3.280020
 165.000000 3.576989
 166.000000 3.149019
 167.000000 2.820403
 168.000000 3.775487
 169.000000 3.410697
 170.000000 3.412867
 171.000000 3.228353
 172.000000 3.450807
 173.000000 3.560231
 174.000000 3.509518
 175.000000 3.576080
 176.000000 3.473337
 177.000000 3.366394
 178.000000 3.372379
 179.000000 3.496054
 180.000000 3.481024
 181.000000 3.500623
 182.000000 3.427325
 183.000000 3.398428
 184.000000 3.443788
 185.000000 3.318660
 186.000000 3.221652
 187.000000 3.290643
 188.000000 3.369598
 189.000000 3.332637
 190.000000 3.451129
 191.000000 3.472480
 192.000000 3.626237
 193.000000 3.438226
 194.000000 3.537684
 195.000000 3.510162
 196.000000 3.487393
 197.000000 3.544380
 198.000000 3.400007
 199.000000 3.466215
 200.000000 3.421386
 201.000000 3.490966
 202.000000 3.429461
 203.000000 3.477827
 204.000000 3.618483
 205.000000 3.424507
 206.000000 2.979852
 207.000000 3.088909
 208.000000 3.206173
 209.000000 3.434464
 210.000000 3.534098
 211.000000 3.472411
 212.000000 3.021640
 213.000000 3.069521
 214.000000 3.378963
 215.000000 3.490264
 216.000000 3.607184
 217.000000 3.288510
 218.000000 3.479635
 219.000000 3.727516
 220.000000 3.515525
 221.000000 3.732242
 222.000000 3.682507
 223.000000 3.780812
 224.000000 3.906866
 225.000000 4.048822
 226.000000 3.863641
 227.000000 3.812297
 228.000000 3.800608
 229.000000 3.791703
 230.000000 3.722058
 231.000000 3.755111
 232.000000 3.659255
 233.000000 3.918473
 234.000000 3.958060
 235.000000 3.911172
 236.000000 3.929449
 237.000000 3.946269
 238.000000 3.639684
 239.000000 3.874023
 240.000000 4.053821
 241.000000 4.064206
 242.000000 3.929351
 243.000000 3.921013
 244.000000 4.422331
 245.000000 4.324397
 246.000000 4.293376
 247.000000 4.232916
 248.000000 4.337048
 249.000000 4.284250
 250.000000 4.343710
 251.000000 4.395808
 252.000000 4.446131
 253.000000 4.143542
 254.000000 4.130149
 255.000000 3.899970
 256.000000 4.014135
 257.000000 3.851935
 258.000000 3.891382
 259.000000 4.012424
 260.000000 4.067169
 261.000000 3.862309
 262.000000 4.656619
 263.000000 4.500813
 264.000000 2.963217
 265.000000 2.900501
 266.000000 2.223724
 267.000000 3.066916
 268.000000 4.333254
 269.000000 4.647102
 270.000000 4.847997
 271.000000 4.800606
 272.000000 4.308817
 273.000000 4.770457
 274.000000 4.543208
 275.000000 3.995160
 276.000000 3.787744
 277.000000 3.337712
 278.000000 3.040467
 279.000000 2.615834
 280.000000 3.846502
 281.000000 4.589689
 282.000000 3.092993
 283.000000 3.563947
 284.000000 2.779999
 285.000000 4.188282
 286.000000 4.145439
 287.000000 4.537330
 288.000000 3.986148
 289.000000 3.079987
 290.000000 3.718087
 291.000000 3.108921
 292.000000 2.857732
 293.000000 3.004848
 294.000000 2.521211
 295.000000 2.467970
 296.000000 3.082064
 297.000000 3.565548
 298.000000 3.301549
 299.000000 2.885791
 300.000000 2.488334
 301.000000 2.536927
 302.000000 2.264058
 303.000000 2.839197
 304.000000 3.306606
 305.000000 3.887430
 306.000000 4.028072
 307.000000 3.430350
 308.000000 3.037820
 309.000000 3.303211
 310.000000 2.088006
 311.000000 1.710337
 312.000000 3.301316
 313.000000 3.410986
 314.000000 3.823338
 315.000000 3.540429
 316.000000 4.105422
 317.000000 3.358287
 318.000000 4.262358
 319.000000 3.811585
 320.000000 4.244414
 321.000000 3.579616
 322.000000 3.385186
 323.000000 3.745483
 324.000000 3.574904
 325.000000 3.222170
 326.000000 4.108103
 327.000000 4.204498
 328.000000 3.188023
 329.000000 3.767444
 330.000000 2.841119
 331.000000 3.389048
 332.000000 3.015332
 333.000000 1.281583
 334.000000 1.269864
 335.000000 2.940901
 336.000000 4.063953
 337.000000 4.169226
 338.000000 3.916238
 339.000000 4.045820
 340.000000 3.560284
 341.000000 3.463473
 342.000000 3.435861
 343.000000 3.489649
 344.000000 3.365357
 345.000000 3.377319
 346.000000 3.425916
 347.000000 3.713574
 348.000000 3.456270
 349.000000 3.555655
 350.000000 3.603426
 351.000000 3.301714
 352.000000 3.465739
 353.000000 3.658614
 354.000000 3.673815
 355.000000 3.524649
 356.000000 3.729932
 357.000000 3.387700
 358.000000 3.117350
 359.000000 3.135813
 360.000000 3.397095
 361.000000 3.479257
 362.000000 3.549862
 363.000000 3.579814
 364.000000 3.762661
 365.000000 3.805662
 366.000000 3.626400
 367.000000 3.746528
 368.000000 3.768614
 369.000000 3.715201
 370.000000 3.479373
 371.000000 3.647232
 372.000000 3.614992
 373.000000 3.661756
 374.000000 3.474769
 375.000000 3.620030
 376.000000 3.777071
 377.000000 3.829906
 378.000000 3.703654
 379.000000 3.545114
 380.000000 3.664093
 381.000000 3.588044
 382.000000 3.618333
 383.000000 3.551274
 384.000000 3.482367
 385.000000 3.638163
 386.000000 3.657966
 387.000000 3.571264
 388.000000 3.624722
 389.000000 3.583972
 390.000000 3.522753
 391.000000 3.654485
 392.000000 3.594916
 393.000000 3.632750
 394.000000 3.725438
 395.000000 3.614180
 396.000000 3.688825
 397.000000 3.561423
 398.000000 3.698854
 399.000000 3.494122
 400.000000 3.503943
 401.000000 3.542233
 402.000000 3.290652
 403.000000 3.583778
 404.000000 3.562926
 405.000000 3.476099
 406.000000 3.428741
 407.000000 3.418595
 408.000000 3.538915
 409.000000 3.424113
 410.000000 3.381138
 411.000000 3.569152
 412.000000 3.523209
 413.000000 3.500874
 414.000000 3.538778
 415.000000 3.515606
 416.000000 3.449852
 417.000000 3.554133
 418.000000 3.610679
 419.000000 3.668784
 420.000000 3.539976
 421.000000 4.381752
 422.000000 3.515321
 423.000000 3.593208
 424.000000 3.667063
 425.000000 3.597800
 426.000000 3.567929
 427.000000 3.604522
 428.000000 3.596736
 429.000000 3.784597
 430.000000 3.751716
 431.000000 3.694935
 432.000000 3.839017
 433.000000 3.854014
 434.000000 3.716833
 435.000000 3.801715
 436.000000 3.573419
 437.000000 3.550880
 438.000000 3.590279
 439.000000 3.696507
 440.000000 3.641974
 441.000000 3.330742
 442.000000 3.401029
 443.000000 4.112969
 444.000000 4.099561
 445.000000 4.187457
 446.000000 3.327941
 447.000000 4.697448
 448.000000 3.040732
 449.000000 4.801370
 450.000000 5.017555
 451.000000 5.268137
 452.000000 3.594744
 453.000000 3.633762
 454.000000 2.638590
 455.000000 3.910921
 456.000000 4.819102
 457.000000 3.905479
 458.000000 4.161379
 459.000000 4.558356
 460.000000 4.361245
 461.000000 3.709188
 462.000000 3.567476
 463.000000 3.760745
 464.000000 2.825151
 465.000000 2.826291
 466.000000 3.617458
 467.000000 3.055540
 468.000000 3.687348
 469.000000 3.936260
 470.000000 3.667194
 471.000000 3.811491
 472.000000 3.307678
 473.000000 2.653176
 474.000000 2.279012
 475.000000 0.918403
 476.000000 2.051531
 477.000000 1.230368
 478.000000 2.952028
 479.000000 2.928914
 480.000000 2.845488
 481.000000 3.308206
 482.000000 3.496984
 483.000000 4.172163
 484.000000 4.362947
 485.000000 4.008533
 486.000000 3.054885
 487.000000 3.604327
 488.000000 3.307458
 489.000000 1.841029
 490.000000 0.926310
 491.000000 1.415877
 492.000000 2.092706
 493.000000 2.807802
 494.000000 2.785790
 495.000000 2.599024
 496.000000 2.926673
 497.000000 3.380199
 498.000000 3.798037
 499.000000 3.879149
 500.000000 4.051705
 501.000000 3.999656
 502.000000 4.676430
 503.000000 4.396287
 504.000000 3.033720
 505.000000 3.631618
 506.000000 3.772843
 507.000000 3.873709
 508.000000 3.319251
 509.000000 3.728435
 510.000000 4.028697
 511.000000 3.989821
 512.000000 3.405121
 513.000000 3.283479
 514.000000 3.578347
 515.000000 3.615654
 516.000000 3.479289
 517.000000 2.839428
 518.000000 3.557720
 519.000000 2.912332
 520.000000 3.030536
 521.000000 3.717542
 522.000000 4.341282
 523.000000 2.870713
 524.000000 2.515790
 525.000000 2.277294
 526.000000 2.051960
 527.000000 2.363630
 528.000000 2.923281
 529.000000 2.885961
 530.000000 3.107933
 531.000000 2.754459
 532.000000 2.719574
 533.000000 3.643131
 534.000000 3.202414
 535.000000 3.309118
 536.000000 3.450802
 537.000000 4.060560
 538.000000 4.062173
 539.000000 3.929504
 540.000000 3.811693
 541.000000 3.174885
 542.000000 3.802293
 543.000000 3.739720
 544.000000 3.706033
 545.000000 2.791222
 546.000000 2.383196
 547.000000 1.904041
 548.000000 1.647143
 549.000000 2.070310
 550.000000 1.879752
 551.000000 1.918915
 552.000000 2.013317
 553.000000 1.929734
 554.000000 2.153313
 555.000000 2.328383
 556.000000 2.358046
 557.000000 2.145240
 558.000000 2.337334
 559.000000 2.210460
 560.000000 2.302806
 561.000000 2.265960
 562.000000 2.215667
 563.000000 1.993084
 564.000000 2.193019
 565.000000 2.375062
 566.000000 2.279392
 567.000000 2.431883
 568.000000 2.286876
 569.000000 2.083361
 570.000000 2.151637
 571.000000 2.034850
 572.000000 2.147699
 573.000000 2.101147
 574.000000 2.449032
 575.000000 2.408927
 576.000000 2.525877
 577.000000 2.630617
 578.000000 2.724834
 579.000000 3.900558
 580.000000 3.215157
 581.000000 3.695967
 582.000000 3.358466
 583.000000 3.165523
 584.000000 3.421864
 585.000000 2.746905
 586.000000 3.670075
 587.000000 3.455910
 588.000000 3.430783
 589.000000 3.510828
 590.000000 4.052147
 591.000000 3.428360
 592.000000 3.424270
 593.000000 3.427393
 594.000000 3.263767
 595.000000 3.907807
 596.000000 3.685641
 597.000000 3.909275
 598.000000 3.973130
 599.000000 3.908585
 600.000000 3.860726
 601.000000 3.997911
 602.000000 3.927871
 603.000000 3.985374
 604.000000 3.828983
 605.000000 3.861612
 606.000000 3.753614
 607.000000 3.870096
 608.000000 3.735731
 609.000000 3.686029
 610.000000 3.773530
 611.000000 3.776021
 612.000000 3.764095
 613.000000 3.915527
 614.000000 3.731836
 615.000000 3.992313
 616.000000 3.949906
 617.000000 3.970055
 618.000000 4.564370
 619.000000 3.896987
 620.000000 3.802306
 621.000000 3.846055
 622.000000 3.961656
 623.000000 3.949924
 624.000000 4.459881
 625.000000 3.885285
 626.000000 3.829196
 627.000000 4.496492
 628.000000 3.794409
 629.000000 4.377724
 630.000000 4.526881
 631.000000 4.398987
 632.000000 4.269046
 633.000000 4.362325
 634.000000 3.933578
 635.000000 3.953815
 636.000000 3.950846
 637.000000 4.363613
 638.000000 4.393989
 639.000000 3.867917
 640.000000 3.871994
 641.000000 4.519132
 642.000000 4.014871
 643.000000 4.474420
 644.000000 4.412055
 645.000000 4.422375
 646.000000 4.109851
 647.000000 4.112638
 648.000000 4.281203
 649.000000 4.282190
 650.000000 4.224003
 651.000000 4.337347
 652.000000 4.488944
 653.000000 3.732959
 654.000000 3.888692
 655.000000 3.974300
 656.000000 4.012329
 657.000000 4.087340
 658.000000 4.052796
 659.000000 4.177857
 660.000000 4.130482
 661.000000 4.089759
 662.000000 4.132047
 663.000000 4.040491
 664.000000 3.979276
 665.000000 4.166406
 666.000000 3.770592
 667.000000 3.897398
 668.000000 3.913076
 669.000000 4.032973
 670.000000 4.011863
 671.000000 3.929013
 672.000000 3.908095
 673.000000 4.056162
 674.000000 3.982397
 675.000000 4.108544
 676.000000 4.064570
 677.000000 4.093214
 678.000000 4.179467
 679.000000 4.291815
 680.000000 4.261201
 681.000000 4.138443
 682.000000 3.962603
 683.000000 3.887936
 684.000000 3.982058
 685.000000 4.047279
 686.000000 4.083700
 687.000000 3.913290
 688.000000 3.825049
 689.000000 4.041857
 690.000000 4.061470
 691.000000 3.883006
 692.000000 3.657475
 693.000000 3.865555
 694.000000 3.960761
 695.000000 3.933106
 696.000000 3.717053
 697.000000 3.987203
 698.000000 4.070004
 699.000000 3.997015
 700.000000 3.946784
 701.000000 3.790620
 702.000000 3.637007
 703.000000 3.492084
 704.000000 3.371527
 705.000000 2.268266
 706.000000 2.580679
 707.000000 3.877387
 708.000000 3.932984
 709.000000 4.174853
 710.000000 4.355065
 711.000000 4.155789
 712.000000 3.506792
 713.000000 4.033497
 714.000000 3.359370
 715.000000 3.650371
 716.000000 3.904030
 717.000000 3.941785
 718.000000 3.339647
 719.000000 3.002714
 720.000000 3.198768
 721.000000 2.231224
 722.000000 3.536279
 723.000000 3.955927
 724.000000 2.485780
 725.000000 1.419484
 726.000000 3.274060
 727.000000 3.066666
 728.000000 4.198273
 729.000000 3.795938
 730.000000 4.347743
 731.000000 4.114724
 732.000000 3.392778
 733.000000 3.875919
 734.000000 3.748031
 735.000000 3.790159
 736.000000 3.187332
 737.000000 2.991767
 738.000000 4.025562
 739.000000 2.788082
 740.000000 3.536385
 741.000000 2.773085
 742.000000 3.826558
 743.000000 2.967729
 744.000000 3.274458
 745.000000 2.936704
 746.000000 2.196904
 747.000000 2.277438
 748.000000 3.351935
 749.000000 3.474870
 750.000000 3.553418
 751.000000 3.536539
 752.000000 3.671106
 753.000000 3.748114
 754.000000 3.497405
 755.000000 3.209829
 756.000000 3.165520
 757.000000 3.147947
 758.000000 1.995500
 759.000000 2.012015
 760.000000 0.526926
 761.000000 1.162252
 762.000000 1.178383
 763.000000 1.304926
 764.000000 2.990635
 765.000000 3.266207
 766.000000 2.879757
 767.000000 3.518420
 768.000000 3.769246
 769.000000 3.312421
 770.000000 3.635387
 771.000000 3.914218
 772.000000 3.933820
 773.000000 3.607870
 774.000000 3.230728
 775.000000 2.216751
 776.000000 2.511216
 777.000000 2.828650
 778.000000 2.550324
 779.000000 2.482914
 780.000000 3.203219
 781.000000 2.749383
 782.000000 2.911236
 783.000000 2.570811
 784.000000 3.018562
 785.000000 3.432576
 786.000000 3.975905
 787.000000 3.028937
 788.000000 3.304249
 789.000000 3.528138
 790.000000 3.338145
 791.000000 3.525981
 792.000000 3.785778
 793.000000 4.153851
 794.000000 4.618902
 795.000000 4.152381
 796.000000 3.847108
 797.000000 4.293744
 798.000000 3.873647
 799.000000 2.999001
 800.000000 2.650649
 801.000000 2.680985
 802.000000 2.205654
 803.000000 3.268315
 804.000000 3.273603
 805.000000 3.046752
 806.000000 2.900861
 807.000000 2.385761
 808.000000 2.237459
 809.000000 2.877337
 810.000000 2.805200
 811.000000 3.159498
 812.000000 3.308204
 813.000000 3.278360
 814.000000 2.957982
 815.000000 2.555947
 816.000000 3.393083
 817.000000 4.028924
 818.000000 3.932524
 819.000000 4.119009
 820.000000 3.732900
 821.000000 3.528863
 822.000000 3.694723
 823.000000 3.388104
 824.000000 3.050978
 825.000000 2.577460
 826.000000 2.725381
 827.000000 2.735369
 828.000000 2.240356
 829.000000 3.031035
 830.000000 3.103815
 831.000000 3.145365
 832.000000 2.888477
 833.000000 3.075483
 834.000000 3.032813
 835.000000 3.248978
 836.000000 3.258991
 837.000000 2.993979
 838.000000 3.212469
 839.000000 2.813970
 840.000000 3.086900
 841.000000 3.661050
 842.000000 2.782991
 843.000000 3.152991
 844.000000 3.870213
 845.000000 3.540151
 846.000000 3.492846
 847.000000 3.489128
 848.000000 3.373027
 849.000000 4.049107
 850.000000 4.115898
 851.000000 3.671066
 852.000000 3.453739
 853.000000 3.424687
 854.000000 3.396531
 855.000000 4.558089
 856.000000 4.025799
 857.000000 3.714766
 858.000000 4.125330
 859.000000 3.848478
 860.000000 3.479235
 861.000000 3.539446
 862.000000 3.319410
 863.000000 3.538064
 864.000000 3.891464
 865.000000 3.487961
 866.000000 3.120784
 867.000000 3.847184
 868.000000 3.388760
 869.000000 2.831013
 870.000000 3.321027
 871.000000 3.734747
 872.000000 3.724574
 873.000000 3.643230
 874.000000 3.523786
 875.000000 3.653944
 876.000000 3.410659
 877.000000 3.777978
 878.000000 3.188441
 879.000000 3.720501
 880.000000 3.007684
 881.000000 4.236277
 882.000000 2.971087
 883.000000 4.094055
 884.000000 3.630801
 885.000000 4.121678
 886.000000 3.656343
 887.000000 3.479032
 888.000000 3.430828
 889.000000 3.659324
 890.000000 3.531295
 891.000000 3.363671
 892.000000 3.755082
 893.000000 3.885899
 894.000000 3.817925
 895.000000 3.594573
 896.000000 3.068694
 897.000000 3.287884
 898.000000 3.421380
 899.000000 3.663283
 900.000000 3.196383
 901.000000 3.287721
 902.000000 3.557009
 903.000000 4.223110
 904.000000 4.003782
 905.000000 3.850141
 906.000000 3.203837
 907.000000 2.655115
 908.000000 2.040480
 909.000000 1.982714
 910.000000 1.884864
 911.000000 2.345046
 912.000000 2.149062
 913.000000 2.370785
 914.000000 2.279437
 915.000000 2.119215
 916.000000 2.070279
 917.000000 2.067711
 918.000000 2.091528
 919.000000 2.067126
 920.000000 2.201051
 921.000000 2.331967
 922.000000 2.416923
 923.000000 2.553327
 924.000000 2.701050
 925.000000 2.297507
 926.000000 2.395955
 927.000000 2.322236
 928.000000 2.402956
 929.000000 2.592343
 930.000000 2.668303
 931.000000 2.556801
 932.000000 2.433201
 933.000000 2.366313
 934.000000 2.589649
 935.000000 2.294077
 936.000000 2.251152
 937.000000 2.269327
 938.000000 2.419087
 939.000000 2.436770
 940.000000 2.599352
 941.000000 2.461953
 942.000000 2.339334
 943.000000 2.402719
 944.000000 2.121530
 945.000000 2.115270
 946.000000 2.126710
 947.000000 2.141421
 948.000000 2.026561
 949.000000 2.060403
 950.000000 2.121213
 951.000000 2.146609
 952.000000 2.344493
 953.000000 2.287654
 954.000000 2.461734
 955.000000 2.413969
 956.000000 2.319729
 957.000000 2.348379
 958.000000 2.176904
 959.000000 2.405216
 960.000000 2.384814
 961.000000 2.390209
 962.000000 2.531638
 963.000000 2.465371
 964.000000 2.049732
 965.000000 2.448992
 966.000000 2.468616
 967.000000 2.393526
 968.000000 2.348539
 969.000000 2.329506
 970.000000 2.391030
 971.000000 2.267413
 972.000000 2.237036
 973.000000 2.302261
 974.000000 2.190407
 975.000000 2.215246
 976.000000 2.270024
 977.000000 2.246521
 978.000000 3.184650
 979.000000 3.066530
 980.000000 2.988846
 981.000000 2.490422
 982.000000 3.870128
 983.000000 2.947415
 984.000000 2.641657
 985.000000 4.104829
 986.000000 3.544757
 987.000000 4.087500
 988.000000 3.749844
 989.000000 3.423325
 990.000000 3.192198
 991.000000 3.163658
 992.000000 3.950604
 993.000000 3.938944
 994.000000 3.719291
 995.000000 3.156063
 996.000000 3.652830
 997.000000 3.564152
 998.000000 2.318820
 999.000000 2.633561
 1000.000000 2.523518
 1001.000000 1.485316
 1002.000000 1.388078
 1003.000000 1.054689
 1004.000000 1.232408
 1005.000000 1.479728
 1006.000000 1.236547
 1007.000000 1.564120
 1008.000000 0.862506
 1009.000000 1.099520
 1010.000000 0.485993
 1011.000000 0.241346
 1012.000000 0.797237
 1013.000000 0.979551
 1014.000000 0.767348
 1015.000000 0.984515
 1016.000000 1.041912
 1017.000000 0.867845
 1018.000000 0.890627
 1019.000000 0.763721
 1020.000000 0.457519
 1021.000000 0.600548
 1022.000000 0.461477
 1023.000000 0.220638
 1024.000000 0.247538
 1025.000000 0.211473
 1026.000000 0.194636
 1027.000000 0.608260
 1028.000000 0.576000
 1029.000000 0.619377
 1030.000000 0.403823
 1031.000000 0.762345
 1032.000000 0.526301
 1033.000000 0.571715
 1034.000000 0.610023
 1035.000000 0.691873
 1036.000000 0.645208
 1037.000000 0.789457
 1038.000000 0.721153
 1039.000000 1.282116
 1040.000000 0.775718
 1041.000000 2.219441
 1042.000000 2.636839
 1043.000000 3.414741
 1044.000000 3.228872
 1045.000000 3.257799
 1046.000000 3.952455
 1047.000000 4.171779
 1048.000000 4.128184
 1049.000000 3.971169
 1050.000000 4.097549
 1051.000000 4.154240
 1052.000000 3.637609
 1053.000000 3.148364
 1054.000000 3.483697
 1055.000000 4.050423
 1056.000000 3.455588
 1057.000000 3.600650
 1058.000000 3.191764
 1059.000000 3.078875
 1060.000000 3.789138
 1061.000000 4.073076
 1062.000000 4.064071
 1063.000000 4.024647
 1064.000000 4.191482
 1065.000000 3.986253
 1066.000000 4.159944
 1067.000000 3.745618
 1068.000000 4.017872
 1069.000000 4.143693
 1070.000000 3.990737
 1071.000000 4.069833
 1072.000000 3.346760
 1073.000000 3.361104
 1074.000000 2.601008
 1075.000000 2.810861
 1076.000000 1.936648
 1077.000000 2.270181
 1078.000000 2.962118
 1079.000000 3.337944
 1080.000000 3.472271
 1081.000000 1.807651
 1082.000000 1.832387
 1083.000000 2.719688
 1084.000000 3.093389
 1085.000000 2.269107
 1086.000000 3.518124
 1087.000000 3.486415
 1088.000000 2.791499
 1089.000000 4.389923
 1090.000000 4.228560
 1091.000000 3.628624
 1092.000000 3.624770
 1093.000000 3.984956
 1094.000000 3.708224
 1095.000000 3.471845
 1096.000000 3.321646
 1097.000000 3.733078
 1098.000000 3.108675
 1099.000000 2.926223
 1100.000000 2.865019
 1101.000000 2.617914
 1102.000000 2.056579
 1103.000000 1.507094
 1104.000000 1.715609
 1105.000000 2.722627
 1106.000000 2.580459
 1107.000000 2.322947
 1108.000000 2.008281
 1109.000000 1.946673
 1110.000000 2.177068
 1111.000000 2.049182
 1112.000000 1.927345
 1113.000000 1.871916
 1114.000000 1.925971
 1115.000000 1.809271
 1116.000000 1.521364
 1117.000000 1.368891
 1118.000000 1.497867
 1119.000000 1.818292
 1120.000000 1.760028
 1121.000000 1.756656
 1122.000000 1.791782
 1123.000000 1.740623
 1124.000000 1.763663
 1125.000000 1.756741
 1126.000000 1.817655
 1127.000000 1.648201
 1128.000000 1.976443
 1129.000000 2.161504
 1130.000000 2.155237
 1131.000000 2.235365
 1132.000000 2.188394
 1133.000000 2.068447
 1134.000000 2.050683
 1135.000000 1.949102
 1136.000000 1.968990
 1137.000000 1.996386
 1138.000000 1.835071
 1139.000000 2.054837
 1140.000000 2.105649
 1141.000000 2.099609
 1142.000000 2.055043
 1143.000000 1.976283
 1144.000000 2.059799
 1145.000000 2.110481
 1146.000000 2.071219
 1147.000000 2.061736
 1148.000000 2.126602
 1149.000000 2.081830
 1150.000000 2.108992
 1151.000000 2.173746
 1152.000000 2.229438
 1153.000000 2.099647
 1154.000000 2.060387
 1155.000000 2.183577
 1156.000000 2.266801
 1157.000000 2.244991
 1158.000000 2.249818
 1159.000000 2.234750
 1160.000000 2.243045
 1161.000000 2.214756
 1162.000000 2.194530
 1163.000000 2.250636
 1164.000000 2.134890
 1165.000000 2.204835
 1166.000000 2.160720
 1167.000000 2.125158
 1168.000000 2.183482
 1169.000000 2.206329
 1170.000000 2.246040
 1171.000000 2.274360
 1172.000000 2.170045
 1173.000000 2.266874
 1174.000000 2.327451
 1175.000000 2.233841
 1176.000000 2.322412
 1177.000000 2.335252
 1178.000000 2.241787
 1179.000000 2.272668
 1180.000000 2.107456
 1181.000000 2.208599
 1182.000000 2.169506
 1183.000000 2.203935
 1184.000000 2.084113
 1185.000000 2.059792
 1186.000000 1.941389
 1187.000000 2.043919
 1188.000000 1.886099
 1189.000000 1.802814
 1190.000000 2.008324
 1191.000000 1.976993
 1192.000000 1.978347
 1193.000000 2.169800
 1194.000000 2.076738
 1195.000000 1.939662
 1196.000000 2.097261
 1197.000000 2.098388
 1198.000000 2.040607
 1199.000000 1.967415
 1200.000000 1.962612
 1201.000000 2.039751
 1202.000000 1.917555
 1203.000000 1.954274
 1204.000000 1.943629
 1205.000000 1.894476
 1206.000000 1.976926
 1207.000000 1.988374
 1208.000000 1.923726
 1209.000000 1.998847
 1210.000000 2.021771
 1211.000000 1.986766
 1212.000000 2.010166
 1213.000000 2.042751
 1214.000000 1.987382
 1215.000000 2.060713
 1216.000000 2.024741
 1217.000000 1.933612
 1218.000000 2.007399
 1219.000000 1.882316
 1220.000000 1.876796
 1221.000000 1.845513
 1222.000000 1.966154
 1223.000000 1.918354
 1224.000000 2.130335
 1225.000000 2.208046
 1226.000000 2.358938
 1227.000000 2.303480
 1228.000000 2.615436
 1229.000000 2.417791
 1230.000000 2.529225
 1231.000000 2.444551
 1232.000000 2.514977
 1233.000000 2.630212
 1234.000000 2.757694
 1235.000000 2.760635
 1236.000000 2.735302
 1237.000000 2.815389
 1238.000000 2.601162
 1239.000000 2.522441
 1240.000000 2.395338
 1241.000000 2.392008
 1242.000000 2.360780
 1243.000000 2.399585
 1244.000000 2.326724
 1245.000000 2.509427
 1246.000000 2.435397
 1247.000000 2.443413
 1248.000000 2.413498
 1249.000000 2.438405
 1250.000000 2.276667
 1251.000000 2.453247
 1252.000000 2.390320
 1253.000000 2.377237
 1254.000000 2.269264
 1255.000000 2.394212
 1256.000000 2.322354
 1257.000000 2.328194
 1258.000000 2.504077
 1259.000000 2.510765
 1260.000000 2.430617
 1261.000000 2.425456
 1262.000000 2.533496
 1263.000000 2.478941
 1264.000000 2.505553
 1265.000000 2.379564
 1266.000000 2.267197
 1267.000000 2.313944
 1268.000000 2.259006
 1269.000000 2.200551
 1270.000000 2.081109
 1271.000000 2.137772
 1272.000000 2.394609
 1273.000000 2.201804
 1274.000000 2.412795
 1275.000000 2.621634
 1276.000000 2.480320
 1277.000000 2.527078
 1278.000000 2.468639
 1279.000000 2.503175
 1280.000000 2.326582
 1281.000000 2.343055
 1282.000000 2.414528
 1283.000000 2.513293
 1284.000000 2.278039
 1285.000000 2.293366
 1286.000000 2.488143
 1287.000000 2.428746
 1288.000000 2.093091
 1289.000000 2.227139
 1290.000000 2.246386
 1291.000000 2.161888
 1292.000000 2.210100
 1293.000000 2.194086
 1294.000000 2.270221
 1295.000000 2.247145
 1296.000000 2.323760
 1297.000000 2.267050
 1298.000000 2.192599
 1299.000000 2.132693
 1300.000000 2.075797
 1301.000000 1.893940
 1302.000000 1.852527
 1303.000000 1.990390
 1304.000000 1.879350
 1305.000000 1.986104
 1306.000000 1.889592
 1307.000000 1.747564
 1308.000000 1.636283
 1309.000000 1.868421
 1310.000000 1.849343
 1311.000000 2.067732
 1312.000000 1.871970
 1313.000000 1.905961
 1314.000000 2.006606
 1315.000000 1.988048
 1316.000000 1.937052
 1317.000000 1.840520
 1318.000000 1.996595
 1319.000000 1.841004
 1320.000000 1.816414
 1321.000000 1.796067
 1322.000000 1.560988
 1323.000000 1.628574
 1324.000000 1.702724
 1325.000000 1.589016
 1326.000000 1.618591
 1327.000000 1.651699
 1328.000000 1.817269
 1329.000000 1.965894
 1330.000000 2.054587
 1331.000000 1.799291
 1332.000000 1.890911
 1333.000000 2.171394
 1334.000000 2.173128
 1335.000000 2.004545
 1336.000000 1.902139
 1337.000000 1.898817
 1338.000000 1.797072
 1339.000000 1.786546
 1340.000000 1.762291
 1341.000000 1.818340
 1342.000000 1.884254
 1343.000000 2.018453
 1344.000000 2.035631
 1345.000000 2.251832
 1346.000000 2.306867
 1347.000000 2.354282
 1348.000000 2.335596
 1349.000000 2.322598
 1350.000000 2.217258
 1351.000000 2.399403
 1352.000000 2.325655
 1353.000000 2.294607
 1354.000000 2.265663
 1355.000000 2.239326
 1356.000000 2.223145
 1357.000000 2.356846
 1358.000000 2.272186
 1359.000000 2.352084
 1360.000000 2.206618
 1361.000000 2.247243
 1362.000000 2.396577
 1363.000000 2.225915
 1364.000000 2.118521
 1365.000000 2.165896
 1366.000000 2.326331
 1367.000000 2.296904
 1368.000000 2.313305
 1369.000000 2.248503
 1370.000000 2.289084
 1371.000000 2.106625
 1372.000000 2.209287
 1373.000000 2.164380
 1374.000000 2.222884
 1375.000000 2.262884
 1376.000000 2.004344
 1377.000000 2.093592
 1378.000000 2.064571
 1379.000000 2.043243
 1380.000000 2.164664
 1381.000000 2.149101
 1382.000000 2.065934
 1383.000000 2.376098
 1384.000000 2.451535
 1385.000000 2.309569
 1386.000000 2.251136
 1387.000000 2.496119
 1388.000000 2.278621
 1389.000000 2.230824
 1390.000000 2.136387
 1391.000000 2.143547
 1392.000000 2.274902
 1393.000000 2.185274
 1394.000000 2.303296
 1395.000000 2.218037
 1396.000000 2.177362
 1397.000000 2.418580
 1398.000000 2.773971
 1399.000000 2.660693
 1400.000000 2.427518
 1401.000000 2.293149
 1402.000000 2.265674
 1403.000000 2.146038
 1404.000000 2.261862
 1405.000000 2.206446
 1406.000000 2.429428
 1407.000000 2.351930
 1408.000000 2.162430
 1409.000000 2.360172
 1410.000000 2.222269
 1411.000000 2.138115
 1412.000000 2.180554
 1413.000000 2.144644
 1414.000000 2.154771
 1415.000000 2.338754
 1416.000000 2.214147
 1417.000000 2.265503
 1418.000000 2.468843
 1419.000000 2.500656
 1420.000000 2.459856
 1421.000000 2.465384
 1422.000000 2.441619
 1423.000000 2.444609
 1424.000000 2.465509
 1425.000000 2.204505
 1426.000000 2.134198
 1427.000000 2.367448
 1428.000000 2.467659
 1429.000000 2.266452
 1430.000000 2.432855
 1431.000000 2.573784
 1432.000000 2.449235
 1433.000000 2.831406
 1434.000000 2.508927
 1435.000000 2.565070
 1436.000000 2.583348
 1437.000000 2.585866
 1438.000000 2.602498
 1439.000000 2.622585
 1440.000000 2.613450
 1441.000000 2.575955
 1442.000000 2.524863
 1443.000000 2.617022
 1444.000000 2.598789
 1445.000000 2.597142
 1446.000000 2.558830
 1447.000000 2.567660
 1448.000000 2.577474
 1449.000000 2.617384
 1450.000000 2.507485
 1451.000000 2.544480
 1452.000000 2.513729
 1453.000000 2.579211
 1454.000000 2.700373
 1455.000000 2.618244
 1456.000000 2.548043
 1457.000000 2.334485
 1458.000000 2.352075
 1459.000000 2.500536
 1460.000000 2.435484
 1461.000000 2.569175
 1462.000000 2.541794
 1463.000000 2.547589
 1464.000000 2.604162
 1465.000000 2.361197
 1466.000000 2.420730
 1467.000000 2.542807
 1468.000000 2.467665
 1469.000000 2.250584
 1470.000000 2.226147
 1471.000000 2.022819
 1472.000000 2.155184
 1473.000000 2.194956
 1474.000000 1.968261
 1475.000000 2.102778
 1476.000000 2.037817
 1477.000000 2.009263
 1478.000000 1.961698
 1479.000000 1.936675
 1480.000000 1.957756
 1481.000000 2.045348
 1482.000000 2.014009
 1483.000000 2.004959
 1484.000000 1.995666
 1485.000000 2.014170
 1486.000000 1.985654
 1487.000000 2.005845
 1488.000000 1.958914
 1489.000000 2.067001
 1490.000000 2.020990
 1491.000000 2.025926
 1492.000000 2.046331
 1493.000000 2.030040
 1494.000000 2.063504
 1495.000000 1.996109
 1496.000000 1.852531
 1497.000000 1.651366
 1498.000000 1.740423
 1499.000000 1.712681
 1500.000000 1.821751
 1501.000000 1.873519
 1502.000000 1.967975
 1503.000000 1.842142
 1504.000000 1.986027
 1505.000000 1.809955
 1506.000000 1.744484
 1507.000000 1.878015
 1508.000000 1.906972
 1509.000000 1.981172
 1510.000000 2.001831
 1511.000000 2.000347
 1512.000000 1.923077
 1513.000000 1.877877
 1514.000000 1.807797
 1515.000000 1.872648
 1516.000000 1.813981
 1517.000000 1.801652
 1518.000000 1.766688
 1519.000000 1.970361
 1520.000000 2.076432
 1521.000000 1.985806
 1522.000000 2.243362
 1523.000000 2.119626
 1524.000000 2.248297
 1525.000000 2.205530
 1526.000000 2.290334
 1527.000000 2.235394
 1528.000000 2.303283
 1529.000000 2.258060
 1530.000000 2.343208
 1531.000000 2.274037
 1532.000000 2.399467
 1533.000000 2.429744
 1534.000000 2.458469
 1535.000000 2.482002
 1536.000000 2.394082
 1537.000000 2.344341
 1538.000000 2.406609
 1539.000000 2.433226
 1540.000000 2.421413
 1541.000000 2.394797
 1542.000000 2.446235
 1543.000000 2.609997
 1544.000000 2.532580
 1545.000000 2.766778
 1546.000000 2.600111
 1547.000000 2.606617
 1548.000000 2.448520
 1549.000000 2.619273
 1550.000000 2.424116
 1551.000000 2.600768
 1552.000000 2.478419
 1553.000000 2.675672
 1554.000000 2.649374
 1555.000000 2.607023
 1556.000000 2.552346
 1557.000000 2.477260
 1558.000000 2.547780
 1559.000000 2.463852
 1560.000000 2.522975
 1561.000000 2.499945
 1562.000000 2.608318
 1563.000000 2.428112
 1564.000000 2.423729
 1565.000000 2.397278
 1566.000000 2.460244
 1567.000000 2.352349
 1568.000000 2.277341
 1569.000000 2.455485
 1570.000000 2.530309
 1571.000000 2.347291
 1572.000000 2.419167
 1573.000000 2.382949
 1574.000000 2.611814
 1575.000000 2.344491
 1576.000000 2.356643
 1577.000000 2.320692
 1578.000000 2.229493
 1579.000000 2.467644
 1580.000000 2.519390
 1581.000000 2.504859
 1582.000000 2.582215
 1583.000000 2.477120
 1584.000000 2.440294
 1585.000000 2.367719
 1586.000000 2.386381
 1587.000000 2.207356
 1588.000000 2.051188
 1589.000000 1.886906
 1590.000000 1.968798
 1591.000000 2.029232
 1592.000000 2.198464
 1593.000000 2.141559
 1594.000000 2.211880
 1595.000000 2.264608
 1596.000000 2.127149
 1597.000000 2.267596
 1598.000000 2.224022
 1599.000000 2.389102
 1600.000000 2.400088
 1601.000000 2.524471
 1602.000000 2.257581
 1603.000000 2.094766
 1604.000000 2.159078
 1605.000000 2.224113
 1606.000000 2.302850
 1607.000000 2.438918
 1608.000000 2.556992
 1609.000000 2.673011
 1610.000000 2.583308
 1611.000000 2.565025
 1612.000000 2.580853
 1613.000000 2.494628
 1614.000000 2.407181
 1615.000000 2.442068
 1616.000000 2.489444
 1617.000000 2.653820
 1618.000000 2.581512
 1619.000000 2.457388
 1620.000000 2.519468
 1621.000000 2.514513
 1622.000000 2.480496
 1623.000000 2.541512
 1624.000000 2.373654
 1625.000000 2.440079
 1626.000000 2.486420
 1627.000000 2.507691
 1628.000000 2.520143
 1629.000000 2.466321
 1630.000000 2.565293
 1631.000000 2.350558
 1632.000000 2.480918
 1633.000000 2.558560
 1634.000000 2.412712
 1635.000000 2.315668
 1636.000000 2.363757
 1637.000000 2.264541
 1638.000000 2.258150
 1639.000000 1.999770
 1640.000000 2.068971
 1641.000000 1.992261
 1642.000000 2.151762
 1643.000000 2.082009
 1644.000000 2.021550
 1645.000000 1.979372
 1646.000000 2.014202
 1647.000000 2.048828
 1648.000000 2.049503
 1649.000000 1.974555
 1650.000000 2.169462
 1651.000000 2.034586
 1652.000000 2.065082
 1653.000000 2.031424
 1654.000000 2.324894
 1655.000000 2.101370
 1656.000000 1.916780
 1657.000000 2.063873
 1658.000000 1.413170
 1659.000000 1.575153
 1660.000000 1.843362
 1661.000000 1.773133
 1662.000000 1.674489
 1663.000000 1.096367
 1664.000000 1.319099
 1665.000000 0.886521
 1666.000000 0.646063
 1667.000000 0.673503
 1668.000000 0.620647
 1669.000000 0.684672
 1670.000000 0.410242
 1671.000000 0.225372
 1672.000000 0.251533
 1673.000000 0.232054
 1674.000000 0.345882
 1675.000000 0.261821
 1676.000000 0.413925
 1677.000000 0.559705
 1678.000000 1.897792
 1679.000000 2.617762
 1680.000000 2.834639
 1681.000000 3.576004
 1682.000000 3.797812
 1683.000000 3.740395
 1684.000000 3.354671
 1685.000000 2.403098
 1686.000000 2.454627
 1687.000000 2.366700
 1688.000000 2.612935
 1689.000000 2.714819
 1690.000000 4.249175
 1691.000000 3.544746
 1692.000000 3.179426
 1693.000000 4.258451
 1694.000000 3.821639
 1695.000000 3.471238
 1696.000000 3.062882
 1697.000000 2.748980
 1698.000000 2.732945
 1699.000000 1.054639
 1700.000000 0.775910
 1701.000000 1.402177
 1702.000000 2.872869
 1703.000000 3.495275
 1704.000000 4.891255
 1705.000000 4.620769
 1706.000000 3.081350
 1707.000000 2.298089
 1708.000000 1.805007
 1709.000000 3.835862
 1710.000000 3.023471
 1711.000000 3.076606
 1712.000000 3.253373
 1713.000000 2.754414
 1714.000000 2.605195
 1715.000000 3.749535
 1716.000000 4.045503
 1717.000000 3.792256
 1718.000000 3.669317
 1719.000000 4.104705
 1720.000000 4.502975
 1721.000000 4.409569
 1722.000000 4.177936
 1723.000000 3.582476
 1724.000000 3.034429
 1725.000000 1.708312
 1726.000000 1.112911
 1727.000000 0.979835
 1728.000000 0.972266
 1729.000000 0.747132
 1730.000000 0.587621
 1731.000000 0.253764
 1732.000000 0.398542
 1733.000000 0.252551
 1734.000000 0.259576
 1735.000000 0.376910
 1736.000000 1.122921
 1737.000000 1.317933
 1738.000000 1.390756
 1739.000000 2.067999
 1740.000000 1.720639
 1741.000000 1.483039
 1742.000000 2.890026
 1743.000000 1.583043
 1744.000000 2.808257
 1745.000000 2.218740
 1746.000000 1.808919
 1747.000000 2.078576
 1748.000000 3.112775
 1749.000000 2.057651
 1750.000000 1.441769
 1751.000000 2.692351
 1752.000000 3.250434
 1753.000000 3.346100
 1754.000000 3.087825
 1755.000000 3.716789
 1756.000000 2.978804
 1757.000000 2.113626
 1758.000000 2.027346
 1759.000000 1.818027
 1760.000000 1.703457
 1761.000000 1.937482
 1762.000000 1.986955
 1763.000000 1.567213
 1764.000000 1.769972
 1765.000000 1.673652
 1766.000000 2.588569
 1767.000000 1.961890
 1768.000000 1.854778
 1769.000000 1.223122
 1770.000000 3.330937
 1771.000000 4.279536
 1772.000000 4.510601
 1773.000000 4.249098
 1774.000000 3.714213
 1775.000000 3.393067
 1776.000000 3.437910
 1777.000000 2.557542
 1778.000000 4.229254
 1779.000000 2.761702
 1780.000000 2.142952
 1781.000000 3.355658
 1782.000000 3.063038
 1783.000000 3.754506
 1784.000000 3.497648
 1785.000000 3.633379
 1786.000000 3.246763
 1787.000000 2.754406
 1788.000000 3.396214
 1789.000000 4.322701
 1790.000000 4.072001
 1791.000000 4.263689
 1792.000000 3.998780
 1793.000000 4.373219
 1794.000000 4.186255
 1795.000000 4.215256
 1796.000000 4.191173
 1797.000000 4.000900
 1798.000000 3.553973
 1799.000000 3.041569
 1800.000000 3.115769
 1801.000000 3.015645
 1802.000000 3.597102
 1803.000000 3.293644
 1804.000000 2.713882
 1805.000000 2.479027
 1806.000000 2.462471
 1807.000000 2.166965
 1808.000000 1.986481
 1809.000000 2.180185
 1810.000000 2.224535
 1811.000000 1.988650
 1812.000000 2.056182
 1813.000000 1.925802
 1814.000000 1.969013
 1815.000000 1.692514
 1816.000000 1.590354
 1817.000000 1.638382
 1818.000000 1.370970
 1819.000000 1.690741
 1820.000000 1.574796
 1821.000000 1.858783
 1822.000000 1.719830
 1823.000000 1.788749
 1824.000000 1.913484
 1825.000000 1.664446
 1826.000000 1.756466
 1827.000000 1.580003
 1828.000000 1.675824
 1829.000000 1.548673
 1830.000000 1.481092
 1831.000000 2.388873
 1832.000000 3.837733
 1833.000000 3.657870
 1834.000000 3.186822
 1835.000000 2.892864
 1836.000000 2.102235
 1837.000000 2.905128
 1838.000000 3.127023
 1839.000000 3.734333
 1840.000000 3.707003
 1841.000000 3.578753
 1842.000000 3.684762
 1843.000000 3.691707
 1844.000000 3.737998
 1845.000000 3.666367
 1846.000000 3.650390
 1847.000000 3.350091
 1848.000000 3.655029
 1849.000000 3.592541
 1850.000000 3.615514
 1851.000000 3.663147
 1852.000000 3.679502
 1853.000000 3.444984
 1854.000000 3.581731
 1855.000000 3.572127
 1856.000000 3.366784
 1857.000000 3.315568
 1858.000000 2.635496
 1859.000000 3.035349
 1860.000000 3.285479
 1861.000000 3.933068
 1862.000000 3.792010
 1863.000000 3.265080
 1864.000000 2.256266
 1865.000000 3.616172
 1866.000000 2.807137
 1867.000000 2.780286
 1868.000000 2.417587
 1869.000000 2.368606
 1870.000000 3.056950
 1871.000000 3.824023
 1872.000000 3.359149
 1873.000000 3.616215
 1874.000000 4.094340
 1875.000000 4.084521
 1876.000000 4.012013
 1877.000000 3.995550
 1878.000000 3.963220
 1879.000000 3.914092
 1880.000000 3.922124
 1881.000000 3.926751
 1882.000000 4.014778
 1883.000000 4.056835
 1884.000000 3.909084
 1885.000000 3.880645
 1886.000000 3.840587
 1887.000000 3.860017
 1888.000000 3.812657
 1889.000000 3.712185
 1890.000000 3.869744
 1891.000000 4.308196
 1892.000000 4.000855
 1893.000000 3.927628
 1894.000000 3.838652
 1895.000000 3.956113
 1896.000000 3.930111
 1897.000000 4.049833
 1898.000000 4.235429
 1899.000000 3.804194
 1900.000000 2.836485
 1901.000000 2.826658
 1902.000000 2.927595
 1903.000000 3.102630
 1904.000000 2.435006
 1905.000000 3.069987
 1906.000000 3.149435
 1907.000000 4.101638
 1908.000000 3.879917
 1909.000000 3.763058
 1910.000000 4.349207
 1911.000000 2.993085
 1912.000000 3.729739
 1913.000000 4.433621
 1914.000000 4.305929
 1915.000000 3.027718
 1916.000000 2.927831
 1917.000000 3.386531
 1918.000000 3.465792
 1919.000000 2.959731
 1920.000000 2.132264
 1921.000000 2.195819
 1922.000000 1.726382
 1923.000000 1.418468
 1924.000000 1.629291
 1925.000000 1.347141
 1926.000000 0.953043
 1927.000000 1.109770
 1928.000000 0.664334
 1929.000000 1.036492
 1930.000000 0.754928
 1931.000000 1.418668
 1932.000000 0.533131
 1933.000000 1.368286
 1934.000000 0.856966
 1935.000000 0.634739
 1936.000000 1.137607
 1937.000000 2.389532
 1938.000000 1.018177
 1939.000000 1.056457
 1940.000000 1.475647
 1941.000000 1.144846
 1942.000000 0.609238
 1943.000000 1.096684
 1944.000000 0.928819
 1945.000000 0.942275
 1946.000000 0.871068
 1947.000000 0.745417
 1948.000000 0.996831
 1949.000000 0.502655
 1950.000000 1.110285
 1951.000000 1.075336
 1952.000000 0.914913
 1953.000000 0.934875
 1954.000000 0.714702
 1955.000000 0.481299
 1956.000000 0.507943
 1957.000000 0.557716
 1958.000000 0.437804
 1959.000000 0.801418
 1960.000000 0.361064
 1961.000000 0.246294
 1962.000000 0.393590
 1963.000000 0.460220
 1964.000000 0.441127
 1965.000000 2.340865
 1966.000000 2.623118
 1967.000000 2.596862
 1968.000000 2.990125
 1969.000000 3.578776
 1970.000000 3.255649
 1971.000000 3.072522
 1972.000000 3.635783
 1973.000000 2.752921
 1974.000000 3.409146
 1975.000000 2.781352
 1976.000000 3.212937
 1977.000000 2.899708
 1978.000000 3.218366
 1979.000000 3.711831
 1980.000000 3.249096
 1981.000000 4.167594
 1982.000000 4.267918
 1983.000000 4.683591
 1984.000000 4.127590
 1985.000000 4.212905
 1986.000000 4.010976
 1987.000000 2.812327
 1988.000000 2.773915
 1989.000000 2.407726
 1990.000000 2.664148
 1991.000000 2.406336
 1992.000000 4.035637
 1993.000000 3.805516
 1994.000000 3.031627
 1995.000000 2.983033
 1996.000000 2.933914
 1997.000000 3.455900
 1998.000000 3.251258
 1999.000000 3.082367
 2000.000000 2.885606
 2001.000000 3.491946
 2002.000000 2.903418
 2003.000000 3.101940
 2004.000000 3.384004
 2005.000000 3.536150
 2006.000000 3.286687
 2007.000000 3.153253
 2008.000000 3.193141
 2009.000000 3.779955
 2010.000000 3.546034
 2011.000000 3.455639
 2012.000000 3.565324
 2013.000000 2.948560
 2014.000000 3.614416
 2015.000000 3.189197
 2016.000000 3.251969
 2017.000000 3.516284
 2018.000000 3.932767
 2019.000000 4.153663
 2020.000000 3.874748
 2021.000000 3.879790
 2022.000000 3.921709
 2023.000000 3.947140
 2024.000000 3.965286
