#! FIELDS time r38.min
 0.000000 1.858146
 1.000000 1.882660
 2.000000 2.424614
 3.000000 2.931207
 4.000000 2.489302
 5.000000 2.481643
 6.000000 2.180477
 7.000000 2.340431
 8.000000 2.561059
 9.000000 3.434279
 10.000000 2.752167
 11.000000 3.097369
 12.000000 3.219984
 13.000000 3.040718
 14.000000 2.216735
 15.000000 2.338366
 16.000000 2.477066
 17.000000 2.454094
 18.000000 2.231707
 19.000000 2.526512
 20.000000 2.279278
 21.000000 2.257041
 22.000000 2.510261
 23.000000 2.507893
 24.000000 3.825384
 25.000000 2.369800
 26.000000 2.045515
 27.000000 1.897370
 28.000000 0.873567
 29.000000 0.765658
 30.000000 2.285667
 31.000000 2.837796
 32.000000 3.662095
 33.000000 3.772796
 34.000000 2.319982
 35.000000 2.886515
 36.000000 3.232582
 37.000000 3.118589
 38.000000 4.121675
 39.000000 3.724846
 40.000000 3.472301
 41.000000 3.801365
 42.000000 4.287021
 43.000000 3.435602
 44.000000 1.969933
 45.000000 1.312194
 46.000000 1.545979
 47.000000 1.802277
 48.000000 1.931206
 49.000000 2.117557
 50.000000 1.631826
 51.000000 1.848759
 52.000000 1.731564
 53.000000 2.205876
 54.000000 1.792425
 55.000000 1.881160
 56.000000 1.700000
 57.000000 1.798704
 58.000000 1.893143
 59.000000 1.872713
 60.000000 1.774484
 61.000000 1.673657
 62.000000 1.580787
 63.000000 1.879822
 64.000000 1.936650
 65.000000 2.052477
 66.000000 2.967416
 67.000000 3.727841
 68.000000 3.329854
 69.000000 3.536789
 70.000000 3.645315
 71.000000 3.432106
 72.000000 3.929468
 73.000000 4.311341
 74.000000 4.068313
 75.000000 3.117764
 76.000000 4.071421
 77.000000 3.736419
 78.000000 3.102678
 79.000000 3.093897
 80.000000 2.947271
 81.000000 3.107915
 82.000000 2.809369
 83.000000 3.112719
 84.000000 3.229257
 85.000000 3.113766
 86.000000 3.171278
 87.000000 3.430206
 88.000000 3.735710
 89.000000 3.732226
 90.000000 3.939019
 91.000000 3.977023
 92.000000 3.929714
 93.000000 3.950771
 94.000000 4.022911
 95.000000 4.075820
 96.000000 3.678386
 97.000000 3.280718
 98.000000 2.697468
 99.000000 1.902632
 100.000000 3.053079
 101.000000 2.696300
 102.000000 3.581919
 103.000000 3.078708
 104.000000 3.509902
 105.000000 3.064905
 106.000000 3.836767
 107.000000 3.026573
 108.000000 1.958311
 109.000000 1.962266
 110.000000 2.068177
 111.000000 2.139489
 112.000000 2.416990
 113.000000 2.775654
 114.000000 3.005295
 115.000000 2.872824
 116.000000 2.933414
 117.000000 2.971964
 118.000000 2.878431
 119.000000 2.517540
 120.000000 2.722317
 121.000000 2.868949
 122.000000 2.882347
 123.000000 2.867439
 124.000000 3.016658
 125.000000 2.798484
 126.000000 2.813390
 127.000000 2.516198
 128.000000 2.585435
 129.000000 1.876799
 130.000000 1.808627
 131.000000 1.598385
 132.000000 1.737115
 133.000000 1.906647
 134.000000 1.671109
 135.000000 1.982813
 136.000000 2.243065
 137.000000 2.193383
 138.000000 1.890487
 139.000000 1.759091
 140.000000 1.721967
 141.000000 1.883637
 142.000000 2.958012
 143.000000 2.822994
 144.000000 2.322670
 145.000000 2.166580
 146.000000 3.555236
 147.000000 3.361707
 148.000000 3.144083
 149.000000 3.231901
 150.000000 3.444573
 151.000000 3.491856
 152.000000 2.708060
 153.000000 3.111185
 154.000000 3.178285
 155.000000 3.496696
 156.000000 3.695008
 157.000000 3.094786
 158.000000 3.369555
 159.000000 3.025806
 160.000000 3.274380
 161.000000 3.960702
 162.000000 3.614767
 163.000000 3.678956
 164.000000 3.465119
 165.000000 3.035361
 166.000000 2.542429
 167.000000 2.219394
 168.000000 3.846547
 169.000000 2.862725
 170.000000 2.850169
 171.000000 2.602075
 172.000000 2.877188
 173.000000 3.015530
 174.000000 2.960544
 175.000000 3.016993
 176.000000 2.897591
 177.000000 2.813430
 178.000000 2.816950
 179.000000 2.952013
 180.000000 2.864732
 181.000000 2.908211
 182.000000 2.853706
 183.000000 2.854418
 184.000000 2.881164
 185.000000 2.735153
 186.000000 2.651596
 187.000000 2.760156
 188.000000 2.819904
 189.000000 2.783823
 190.000000 2.889676
 191.000000 2.951230
 192.000000 3.093753
 193.000000 2.888548
 194.000000 2.957419
 195.000000 2.912478
 196.000000 2.928839
 197.000000 2.998833
 198.000000 2.872193
 199.000000 2.851579
 200.000000 2.884626
 201.000000 2.952645
 202.000000 2.872700
 203.000000 2.924911
 204.000000 3.685009
 205.000000 3.460798
 206.000000 3.186390
 207.000000 3.108865
 208.000000 3.203592
 209.000000 3.427997
 210.000000 3.623247
 211.000000 3.501808
 212.000000 3.045788
 213.000000 3.045994
 214.000000 3.329647
 215.000000 3.463545
 216.000000 3.521648
 217.000000 3.206363
 218.000000 3.326424
 219.000000 3.599967
 220.000000 3.412144
 221.000000 3.550179
 222.000000 3.518665
 223.000000 3.667849
 224.000000 3.760781
 225.000000 3.943388
 226.000000 3.713348
 227.000000 3.680594
 228.000000 3.711312
 229.000000 3.649618
 230.000000 3.561451
 231.000000 3.606398
 232.000000 3.536650
 233.000000 3.731530
 234.000000 3.729435
 235.000000 3.788490
 236.000000 3.742702
 237.000000 3.699830
 238.000000 3.533564
 239.000000 3.603436
 240.000000 3.733771
 241.000000 3.798545
 242.000000 3.949927
 243.000000 3.925164
 244.000000 4.034407
 245.000000 4.062735
 246.000000 4.108561
 247.000000 4.004431
 248.000000 4.071844
 249.000000 3.966942
 250.000000 4.004872
 251.000000 4.006085
 252.000000 4.008356
 253.000000 4.069903
 254.000000 4.097863
 255.000000 3.954005
 256.000000 4.041731
 257.000000 3.985148
 258.000000 4.011816
 259.000000 4.069930
 260.000000 4.104826
 261.000000 3.825705
 262.000000 4.560552
 263.000000 4.485766
 264.000000 3.030289
 265.000000 3.340460
 266.000000 2.611024
 267.000000 2.952056
 268.000000 4.464205
 269.000000 4.627234
 270.000000 4.876864
 271.000000 4.794754
 272.000000 4.436291
 273.000000 4.737439
 274.000000 4.483792
 275.000000 4.129362
 276.000000 3.979683
 277.000000 3.428237
 278.000000 3.312176
 279.000000 2.805241
 280.000000 3.897084
 281.000000 4.443780
 282.000000 3.404655
 283.000000 3.585643
 284.000000 3.075560
 285.000000 4.159083
 286.000000 4.162384
 287.000000 4.484893
 288.000000 4.016050
 289.000000 3.356627
 290.000000 3.676636
 291.000000 2.886726
 292.000000 2.283104
 293.000000 2.429411
 294.000000 1.915366
 295.000000 2.119289
 296.000000 3.166072
 297.000000 3.548552
 298.000000 3.460312
 299.000000 3.075342
 300.000000 2.677592
 301.000000 2.570176
 302.000000 1.555019
 303.000000 2.424955
 304.000000 2.949681
 305.000000 4.150254
 306.000000 4.271707
 307.000000 3.441524
 308.000000 3.423535
 309.000000 3.578709
 310.000000 2.833447
 311.000000 2.711064
 312.000000 3.616452
 313.000000 3.698715
 314.000000 4.100075
 315.000000 3.980402
 316.000000 4.399145
 317.000000 3.456358
 318.000000 4.519451
 319.000000 4.157589
 320.000000 4.503495
 321.000000 3.976998
 322.000000 3.912133
 323.000000 4.113655
 324.000000 3.778346
 325.000000 3.324410
 326.000000 4.068706
 327.000000 4.195869
 328.000000 3.679493
 329.000000 4.102782
 330.000000 3.490923
 331.000000 3.828228
 332.000000 3.547993
 333.000000 2.294445
 334.000000 2.008230
 335.000000 2.624478
 336.000000 4.327584
 337.000000 4.432769
 338.000000 4.273118
 339.000000 4.039892
 340.000000 3.499503
 341.000000 2.806547
 342.000000 2.710376
 343.000000 2.635148
 344.000000 2.539340
 345.000000 2.744737
 346.000000 2.827654
 347.000000 3.177981
 348.000000 3.172803
 349.000000 3.153909
 350.000000 3.364233
 351.000000 3.232016
 352.000000 3.297817
 353.000000 3.350633
 354.000000 3.233851
 355.000000 3.079873
 356.000000 3.196286
 357.000000 3.062112
 358.000000 2.953247
 359.000000 2.882850
 360.000000 3.063748
 361.000000 2.939395
 362.000000 2.974043
 363.000000 3.015828
 364.000000 3.060297
 365.000000 3.074754
 366.000000 3.006758
 367.000000 3.068250
 368.000000 2.923790
 369.000000 2.934920
 370.000000 2.898063
 371.000000 2.858912
 372.000000 2.895431
 373.000000 3.027462
 374.000000 2.860176
 375.000000 2.828757
 376.000000 2.955085
 377.000000 2.940350
 378.000000 2.859140
 379.000000 2.713856
 380.000000 2.810891
 381.000000 2.726934
 382.000000 2.708778
 383.000000 2.818922
 384.000000 2.862257
 385.000000 2.737882
 386.000000 2.794143
 387.000000 2.832102
 388.000000 2.687037
 389.000000 2.806230
 390.000000 2.739276
 391.000000 2.751954
 392.000000 2.658937
 393.000000 2.737139
 394.000000 2.893689
 395.000000 2.683660
 396.000000 2.909589
 397.000000 2.672842
 398.000000 2.900782
 399.000000 2.499186
 400.000000 2.677112
 401.000000 2.549892
 402.000000 2.244524
 403.000000 2.669934
 404.000000 2.763948
 405.000000 2.758800
 406.000000 2.673877
 407.000000 2.696391
 408.000000 2.782859
 409.000000 2.683008
 410.000000 2.743192
 411.000000 2.831551
 412.000000 2.832309
 413.000000 2.834817
 414.000000 2.848032
 415.000000 2.730492
 416.000000 2.725966
 417.000000 2.730471
 418.000000 2.713716
 419.000000 2.701207
 420.000000 2.620892
 421.000000 4.268334
 422.000000 2.663218
 423.000000 2.799769
 424.000000 2.917346
 425.000000 2.821067
 426.000000 2.776257
 427.000000 2.843138
 428.000000 2.866278
 429.000000 4.034682
 430.000000 2.944079
 431.000000 2.910853
 432.000000 3.028559
 433.000000 3.069420
 434.000000 2.856181
 435.000000 2.979380
 436.000000 2.805353
 437.000000 2.989633
 438.000000 2.958122
 439.000000 2.933472
 440.000000 3.004374
 441.000000 2.744257
 442.000000 2.881782
 443.000000 4.287099
 444.000000 4.360084
 445.000000 4.379833
 446.000000 3.017259
 447.000000 4.694714
 448.000000 2.974584
 449.000000 4.808211
 450.000000 4.952630
 451.000000 5.211424
 452.000000 3.758139
 453.000000 3.649022
 454.000000 2.785761
 455.000000 3.908708
 456.000000 4.846626
 457.000000 4.194169
 458.000000 4.352292
 459.000000 4.651526
 460.000000 4.503240
 461.000000 4.009318
 462.000000 3.775269
 463.000000 3.652929
 464.000000 2.800098
 465.000000 3.079051
 466.000000 3.786401
 467.000000 3.563663
 468.000000 3.965334
 469.000000 4.156419
 470.000000 3.677926
 471.000000 3.835319
 472.000000 3.479848
 473.000000 3.071508
 474.000000 2.962738
 475.000000 1.624030
 476.000000 2.492824
 477.000000 2.221294
 478.000000 3.366438
 479.000000 3.377090
 480.000000 3.309397
 481.000000 3.766733
 482.000000 3.860346
 483.000000 4.308426
 484.000000 4.407404
 485.000000 4.183048
 486.000000 2.933777
 487.000000 3.645779
 488.000000 3.523708
 489.000000 2.434134
 490.000000 1.280064
 491.000000 1.802041
 492.000000 2.121268
 493.000000 2.689184
 494.000000 2.756442
 495.000000 2.733948
 496.000000 2.864480
 497.000000 3.421051
 498.000000 3.874183
 499.000000 3.850163
 500.000000 4.033115
 501.000000 4.023620
 502.000000 4.703572
 503.000000 4.521152
 504.000000 2.787667
 505.000000 3.970516
 506.000000 4.048312
 507.000000 4.041734
 508.000000 3.546651
 509.000000 3.994059
 510.000000 4.180729
 511.000000 4.101056
 512.000000 3.752015
 513.000000 3.558460
 514.000000 3.414928
 515.000000 3.682133
 516.000000 3.395712
 517.000000 2.882183
 518.000000 3.867573
 519.000000 3.419421
 520.000000 3.501253
 521.000000 3.890336
 522.000000 4.398860
 523.000000 3.227506
 524.000000 2.730627
 525.000000 2.603584
 526.000000 2.655014
 527.000000 2.991518
 528.000000 2.759563
 529.000000 2.043732
 530.000000 2.537056
 531.000000 2.626190
 532.000000 3.059826
 533.000000 3.757420
 534.000000 3.566107
 535.000000 3.541294
 536.000000 3.668458
 537.000000 4.145021
 538.000000 4.105367
 539.000000 3.923574
 540.000000 3.878983
 541.000000 3.486237
 542.000000 4.008917
 543.000000 3.822719
 544.000000 3.686247
 545.000000 3.287509
 546.000000 3.180517
 547.000000 2.826320
 548.000000 2.705809
 549.000000 2.979123
 550.000000 2.898743
 551.000000 2.867240
 552.000000 2.890629
 553.000000 2.872046
 554.000000 2.972065
 555.000000 3.051083
 556.000000 3.153629
 557.000000 3.092898
 558.000000 3.099533
 559.000000 3.063101
 560.000000 3.147799
 561.000000 3.069884
 562.000000 3.044980
 563.000000 2.983499
 564.000000 3.044421
 565.000000 3.048169
 566.000000 3.002320
 567.000000 3.031905
 568.000000 3.020761
 569.000000 2.846650
 570.000000 2.933456
 571.000000 2.823880
 572.000000 2.915512
 573.000000 2.932866
 574.000000 3.131247
 575.000000 3.006396
 576.000000 3.091179
 577.000000 3.266297
 578.000000 3.176922
 579.000000 4.119003
 580.000000 3.512283
 581.000000 3.782893
 582.000000 3.330133
 583.000000 3.697070
 584.000000 3.850561
 585.000000 3.415635
 586.000000 4.083655
 587.000000 3.909191
 588.000000 3.940561
 589.000000 3.985348
 590.000000 4.376022
 591.000000 3.789181
 592.000000 2.744802
 593.000000 2.586105
 594.000000 2.528898
 595.000000 3.486412
 596.000000 3.080995
 597.000000 3.199627
 598.000000 3.229568
 599.000000 3.203489
 600.000000 3.151621
 601.000000 3.263609
 602.000000 3.216163
 603.000000 3.246678
 604.000000 3.127355
 605.000000 3.148654
 606.000000 3.083664
 607.000000 3.090459
 608.000000 3.062479
 609.000000 2.952081
 610.000000 2.869592
 611.000000 2.880189
 612.000000 2.930060
 613.000000 3.040819
 614.000000 3.040793
 615.000000 3.181030
 616.000000 3.278618
 617.000000 3.197161
 618.000000 4.693521
 619.000000 3.055696
 620.000000 2.980921
 621.000000 2.977516
 622.000000 3.168244
 623.000000 3.130638
 624.000000 4.686804
 625.000000 3.071623
 626.000000 2.982064
 627.000000 4.668261
 628.000000 3.074921
 629.000000 4.558652
 630.000000 4.594373
 631.000000 4.551840
 632.000000 4.508734
 633.000000 4.603313
 634.000000 3.185245
 635.000000 3.235521
 636.000000 3.233406
 637.000000 4.521679
 638.000000 4.561438
 639.000000 3.205445
 640.000000 3.315901
 641.000000 4.546109
 642.000000 3.356697
 643.000000 4.529086
 644.000000 4.527804
 645.000000 4.558007
 646.000000 3.476265
 647.000000 3.423870
 648.000000 4.470597
 649.000000 4.516169
 650.000000 4.450244
 651.000000 4.466060
 652.000000 4.442030
 653.000000 3.446035
 654.000000 3.553814
 655.000000 3.548610
 656.000000 3.602097
 657.000000 3.517516
 658.000000 3.527980
 659.000000 3.590632
 660.000000 3.532073
 661.000000 3.502866
 662.000000 3.517381
 663.000000 3.477200
 664.000000 3.435573
 665.000000 3.590152
 666.000000 3.523611
 667.000000 3.658193
 668.000000 3.675024
 669.000000 3.727139
 670.000000 3.699572
 671.000000 3.645000
 672.000000 3.672353
 673.000000 3.452281
 674.000000 3.376410
 675.000000 3.464268
 676.000000 3.432480
 677.000000 3.439863
 678.000000 3.465810
 679.000000 3.574095
 680.000000 3.565370
 681.000000 3.454969
 682.000000 3.351339
 683.000000 3.353070
 684.000000 3.442311
 685.000000 3.480782
 686.000000 3.494298
 687.000000 3.344334
 688.000000 3.242353
 689.000000 3.378186
 690.000000 3.447814
 691.000000 3.702086
 692.000000 3.784596
 693.000000 3.861241
 694.000000 3.225578
 695.000000 3.831821
 696.000000 3.684491
 697.000000 3.842897
 698.000000 3.402503
 699.000000 3.288561
 700.000000 3.279503
 701.000000 3.110149
 702.000000 3.112410
 703.000000 3.216327
 704.000000 3.378087
 705.000000 2.803025
 706.000000 3.187889
 707.000000 3.436265
 708.000000 3.542558
 709.000000 3.898246
 710.000000 3.978453
 711.000000 3.997805
 712.000000 3.691768
 713.000000 4.186019
 714.000000 3.399962
 715.000000 3.577682
 716.000000 4.011576
 717.000000 3.894638
 718.000000 3.561262
 719.000000 3.261806
 720.000000 3.248672
 721.000000 2.175635
 722.000000 3.195063
 723.000000 3.740701
 724.000000 2.376111
 725.000000 1.922226
 726.000000 3.692586
 727.000000 3.360712
 728.000000 3.931152
 729.000000 3.681109
 730.000000 4.202782
 731.000000 4.081703
 732.000000 3.452071
 733.000000 3.842714
 734.000000 3.776084
 735.000000 3.772792
 736.000000 3.419951
 737.000000 3.319178
 738.000000 4.143914
 739.000000 3.300389
 740.000000 3.590142
 741.000000 3.214281
 742.000000 3.953861
 743.000000 3.466370
 744.000000 3.100225
 745.000000 2.452624
 746.000000 2.570519
 747.000000 2.623032
 748.000000 3.276185
 749.000000 3.445360
 750.000000 3.966564
 751.000000 3.829026
 752.000000 3.993430
 753.000000 3.749912
 754.000000 3.672584
 755.000000 3.389274
 756.000000 3.407948
 757.000000 3.281036
 758.000000 2.460195
 759.000000 2.542378
 760.000000 1.727666
 761.000000 2.011403
 762.000000 2.143226
 763.000000 2.129164
 764.000000 3.029149
 765.000000 3.111205
 766.000000 2.931282
 767.000000 3.604414
 768.000000 3.854957
 769.000000 3.541772
 770.000000 3.593571
 771.000000 3.783966
 772.000000 3.927529
 773.000000 3.720343
 774.000000 3.442720
 775.000000 1.731167
 776.000000 2.128234
 777.000000 2.568563
 778.000000 2.143416
 779.000000 2.135926
 780.000000 2.868030
 781.000000 2.356910
 782.000000 2.587476
 783.000000 2.373925
 784.000000 2.705287
 785.000000 3.072266
 786.000000 3.589370
 787.000000 2.860832
 788.000000 3.566172
 789.000000 3.315629
 790.000000 3.616643
 791.000000 3.786059
 792.000000 3.953686
 793.000000 3.941268
 794.000000 4.395413
 795.000000 3.942503
 796.000000 3.583688
 797.000000 4.041593
 798.000000 3.860191
 799.000000 3.132318
 800.000000 2.822668
 801.000000 3.102793
 802.000000 2.683457
 803.000000 3.295801
 804.000000 3.080309
 805.000000 3.109744
 806.000000 2.918021
 807.000000 2.350009
 808.000000 2.204714
 809.000000 2.807151
 810.000000 2.491444
 811.000000 2.901496
 812.000000 3.139425
 813.000000 3.036055
 814.000000 3.093839
 815.000000 2.701038
 816.000000 3.504047
 817.000000 3.968115
 818.000000 3.978930
 819.000000 4.044252
 820.000000 3.976246
 821.000000 3.776705
 822.000000 3.426713
 823.000000 3.604021
 824.000000 3.343362
 825.000000 3.042928
 826.000000 2.922171
 827.000000 2.763125
 828.000000 2.156922
 829.000000 2.733542
 830.000000 2.813330
 831.000000 2.910940
 832.000000 2.674574
 833.000000 2.875726
 834.000000 2.770036
 835.000000 2.865330
 836.000000 2.844069
 837.000000 2.559313
 838.000000 2.973144
 839.000000 2.672648
 840.000000 2.816613
 841.000000 3.462866
 842.000000 3.227247
 843.000000 3.481522
 844.000000 4.039143
 845.000000 3.652878
 846.000000 3.702198
 847.000000 3.777633
 848.000000 3.718016
 849.000000 4.194829
 850.000000 4.224017
 851.000000 3.970075
 852.000000 3.325714
 853.000000 2.989399
 854.000000 3.033755
 855.000000 4.487425
 856.000000 4.124649
 857.000000 3.935158
 858.000000 3.986228
 859.000000 3.970094
 860.000000 3.533843
 861.000000 3.391433
 862.000000 3.171814
 863.000000 3.568243
 864.000000 3.934130
 865.000000 3.406357
 866.000000 2.731106
 867.000000 3.719534
 868.000000 3.417927
 869.000000 3.059283
 870.000000 3.325487
 871.000000 3.912603
 872.000000 3.864074
 873.000000 3.436314
 874.000000 3.221330
 875.000000 3.499683
 876.000000 3.056673
 877.000000 3.725555
 878.000000 3.446060
 879.000000 3.156312
 880.000000 2.646024
 881.000000 3.960405
 882.000000 3.289459
 883.000000 4.303789
 884.000000 3.938249
 885.000000 4.345390
 886.000000 4.010321
 887.000000 3.541899
 888.000000 3.792911
 889.000000 3.915272
 890.000000 3.832745
 891.000000 3.677366
 892.000000 3.903656
 893.000000 4.072735
 894.000000 4.072897
 895.000000 3.960327
 896.000000 3.578033
 897.000000 3.483888
 898.000000 3.641779
 899.000000 3.881918
 900.000000 3.607783
 901.000000 3.703180
 902.000000 3.864534
 903.000000 4.136617
 904.000000 4.265268
 905.000000 4.155610
 906.000000 3.656752
 907.000000 2.922200
 908.000000 2.383594
 909.000000 2.432206
 910.000000 2.299065
 911.000000 2.430847
 912.000000 2.418064
 913.000000 2.367335
 914.000000 2.420159
 915.000000 2.378665
 916.000000 2.226791
 917.000000 2.234154
 918.000000 2.267988
 919.000000 2.254438
 920.000000 2.386575
 921.000000 2.393570
 922.000000 2.426147
 923.000000 2.533127
 924.000000 2.563753
 925.000000 2.359854
 926.000000 2.511237
 927.000000 2.393517
 928.000000 2.491914
 929.000000 2.613682
 930.000000 2.584089
 931.000000 2.539540
 932.000000 2.437567
 933.000000 2.466770
 934.000000 2.479957
 935.000000 2.423260
 936.000000 2.497375
 937.000000 2.544958
 938.000000 2.578851
 939.000000 2.658521
 940.000000 2.573092
 941.000000 2.536527
 942.000000 2.538460
 943.000000 2.488017
 944.000000 2.486630
 945.000000 2.470609
 946.000000 2.503844
 947.000000 2.469807
 948.000000 2.439271
 949.000000 2.527038
 950.000000 2.474993
 951.000000 2.482433
 952.000000 2.567189
 953.000000 2.494319
 954.000000 2.648534
 955.000000 2.620216
 956.000000 2.602881
 957.000000 2.536329
 958.000000 2.509875
 959.000000 2.537976
 960.000000 2.598324
 961.000000 2.579827
 962.000000 2.592867
 963.000000 2.596001
 964.000000 2.492129
 965.000000 2.647258
 966.000000 2.637677
 967.000000 2.502338
 968.000000 2.484172
 969.000000 2.510096
 970.000000 2.593572
 971.000000 2.745343
 972.000000 2.573545
 973.000000 2.587446
 974.000000 2.581341
 975.000000 2.585662
 976.000000 2.721446
 977.000000 2.557224
 978.000000 3.441856
 979.000000 3.483387
 980.000000 3.485726
 981.000000 2.913959
 982.000000 3.759779
 983.000000 3.506876
 984.000000 3.283837
 985.000000 3.984770
 986.000000 3.379413
 987.000000 4.196980
 988.000000 3.701787
 989.000000 3.376108
 990.000000 3.185616
 991.000000 3.443983
 992.000000 4.139432
 993.000000 4.206008
 994.000000 4.060036
 995.000000 3.652523
 996.000000 4.015424
 997.000000 3.900030
 998.000000 2.798977
 999.000000 2.980839
 1000.000000 2.782076
 1001.000000 2.316304
 1002.000000 2.121524
 1003.000000 1.934372
 1004.000000 2.284059
 1005.000000 2.413103
 1006.000000 2.217556
 1007.000000 2.375177
 1008.000000 2.269186
 1009.000000 2.025180
 1010.000000 1.847414
 1011.000000 1.469458
 1012.000000 1.346461
 1013.000000 1.746890
 1014.000000 1.391555
 1015.000000 1.402112
 1016.000000 1.418272
 1017.000000 1.301029
 1018.000000 1.245704
 1019.000000 1.329271
 1020.000000 1.361618
 1021.000000 1.374071
 1022.000000 1.325017
 1023.000000 1.155073
 1024.000000 1.084833
 1025.000000 0.923371
 1026.000000 0.954761
 1027.000000 0.494305
 1028.000000 0.667107
 1029.000000 0.621980
 1030.000000 0.661434
 1031.000000 0.553660
 1032.000000 0.503424
 1033.000000 0.392504
 1034.000000 0.534328
 1035.000000 0.408467
 1036.000000 0.439459
 1037.000000 0.529275
 1038.000000 0.447596
 1039.000000 1.368108
 1040.000000 1.977450
 1041.000000 2.749918
 1042.000000 3.092942
 1043.000000 3.736572
 1044.000000 3.593876
 1045.000000 3.410518
 1046.000000 3.652841
 1047.000000 4.113333
 1048.000000 4.299946
 1049.000000 3.972984
 1050.000000 4.157808
 1051.000000 3.970095
 1052.000000 3.679893
 1053.000000 3.147911
 1054.000000 3.176174
 1055.000000 4.080178
 1056.000000 3.655812
 1057.000000 3.780645
 1058.000000 3.163785
 1059.000000 2.986940
 1060.000000 4.032954
 1061.000000 4.273948
 1062.000000 4.298657
 1063.000000 4.280452
 1064.000000 4.203674
 1065.000000 4.095940
 1066.000000 4.340322
 1067.000000 4.059322
 1068.000000 4.238373
 1069.000000 4.334658
 1070.000000 4.228599
 1071.000000 4.248267
 1072.000000 3.716441
 1073.000000 3.646272
 1074.000000 3.190179
 1075.000000 3.352930
 1076.000000 2.726836
 1077.000000 2.888514
 1078.000000 3.172796
 1079.000000 3.488971
 1080.000000 3.582244
 1081.000000 2.385247
 1082.000000 2.463921
 1083.000000 3.293903
 1084.000000 3.614215
 1085.000000 3.028142
 1086.000000 3.785660
 1087.000000 3.692917
 1088.000000 2.644294
 1089.000000 4.481110
 1090.000000 4.324940
 1091.000000 3.751316
 1092.000000 3.848178
 1093.000000 4.143131
 1094.000000 3.758480
 1095.000000 3.410416
 1096.000000 3.449284
 1097.000000 3.459438
 1098.000000 3.363128
 1099.000000 3.349184
 1100.000000 3.162481
 1101.000000 2.760361
 1102.000000 1.372038
 1103.000000 1.193158
 1104.000000 1.669401
 1105.000000 3.078289
 1106.000000 2.426656
 1107.000000 1.974138
 1108.000000 0.637760
 1109.000000 0.478167
 1110.000000 0.876431
 1111.000000 0.900619
 1112.000000 0.313253
 1113.000000 0.592283
 1114.000000 0.406880
 1115.000000 0.499323
 1116.000000 0.274736
 1117.000000 0.260448
 1118.000000 0.391031
 1119.000000 0.774609
 1120.000000 0.502691
 1121.000000 0.468143
 1122.000000 0.617586
 1123.000000 0.816316
 1124.000000 0.796446
 1125.000000 0.497381
 1126.000000 0.490906
 1127.000000 0.526568
 1128.000000 0.646637
 1129.000000 1.014151
 1130.000000 1.205323
 1131.000000 1.310722
 1132.000000 1.170075
 1133.000000 1.121604
 1134.000000 0.799796
 1135.000000 0.761816
 1136.000000 0.737088
 1137.000000 0.985922
 1138.000000 0.899821
 1139.000000 1.158755
 1140.000000 1.228167
 1141.000000 0.958381
 1142.000000 1.051538
 1143.000000 1.061417
 1144.000000 1.267939
 1145.000000 1.228112
 1146.000000 1.043925
 1147.000000 1.188566
 1148.000000 1.237198
 1149.000000 1.090290
 1150.000000 1.194389
 1151.000000 1.462505
 1152.000000 1.652090
 1153.000000 1.156499
 1154.000000 1.512990
 1155.000000 1.464441
 1156.000000 1.624378
 1157.000000 1.437127
 1158.000000 1.475536
 1159.000000 1.205806
 1160.000000 1.501564
 1161.000000 1.440932
 1162.000000 1.380103
 1163.000000 1.237183
 1164.000000 1.347258
 1165.000000 1.302241
 1166.000000 1.386250
 1167.000000 1.314529
 1168.000000 1.313698
 1169.000000 1.267685
 1170.000000 1.045577
 1171.000000 1.313700
 1172.000000 1.344259
 1173.000000 1.178649
 1174.000000 1.405919
 1175.000000 1.297537
 1176.000000 1.194868
 1177.000000 1.293850
 1178.000000 1.248002
 1179.000000 1.146586
 1180.000000 1.153439
 1181.000000 1.148240
 1182.000000 1.331978
 1183.000000 1.405485
 1184.000000 1.510646
 1185.000000 1.471059
 1186.000000 1.458513
 1187.000000 1.475220
 1188.000000 1.555274
 1189.000000 1.438620
 1190.000000 1.455491
 1191.000000 1.548708
 1192.000000 1.449295
 1193.000000 1.470384
 1194.000000 1.453219
 1195.000000 1.396706
 1196.000000 1.454574
 1197.000000 1.496940
 1198.000000 1.287871
 1199.000000 1.227315
 1200.000000 1.315928
 1201.000000 1.321641
 1202.000000 1.524058
 1203.000000 1.533117
 1204.000000 1.452841
 1205.000000 1.453487
 1206.000000 1.470366
 1207.000000 1.419200
 1208.000000 1.496651
 1209.000000 1.484159
 1210.000000 1.651647
 1211.000000 1.445327
 1212.000000 1.403304
 1213.000000 1.341503
 1214.000000 1.521170
 1215.000000 1.421367
 1216.000000 1.388799
 1217.000000 1.573787
 1218.000000 1.585360
 1219.000000 1.508519
 1220.000000 1.547179
 1221.000000 1.301560
 1222.000000 1.340854
 1223.000000 1.323175
 1224.000000 1.464070
 1225.000000 1.070164
 1226.000000 1.126318
 1227.000000 1.120422
 1228.000000 1.461641
 1229.000000 1.347260
 1230.000000 1.409771
 1231.000000 1.295286
 1232.000000 1.503834
 1233.000000 1.514169
 1234.000000 1.668662
 1235.000000 1.603516
 1236.000000 1.605486
 1237.000000 1.708997
 1238.000000 1.593017
 1239.000000 1.482619
 1240.000000 1.453716
 1241.000000 1.567819
 1242.000000 1.414794
 1243.000000 1.404990
 1244.000000 1.347082
 1245.000000 1.338969
 1246.000000 1.316020
 1247.000000 1.126727
 1248.000000 1.521645
 1249.000000 1.490858
 1250.000000 1.388309
 1251.000000 1.486569
 1252.000000 1.456689
 1253.000000 1.430235
 1254.000000 1.360568
 1255.000000 1.346324
 1256.000000 1.362351
 1257.000000 1.297974
 1258.000000 1.287919
 1259.000000 1.346260
 1260.000000 1.218387
 1261.000000 1.313530
 1262.000000 1.365709
 1263.000000 1.374360
 1264.000000 1.421213
 1265.000000 1.426503
 1266.000000 1.387966
 1267.000000 1.390331
 1268.000000 1.353354
 1269.000000 1.309324
 1270.000000 1.240773
 1271.000000 1.155190
 1272.000000 1.165035
 1273.000000 1.401525
 1274.000000 1.342571
 1275.000000 1.482304
 1276.000000 1.534175
 1277.000000 1.424520
 1278.000000 1.334670
 1279.000000 1.538528
 1280.000000 1.349681
 1281.000000 1.497144
 1282.000000 1.472153
 1283.000000 1.435235
 1284.000000 1.425801
 1285.000000 1.397947
 1286.000000 1.469587
 1287.000000 1.206676
 1288.000000 1.274917
 1289.000000 1.246868
 1290.000000 1.137077
 1291.000000 0.908028
 1292.000000 0.861415
 1293.000000 1.102080
 1294.000000 1.169256
 1295.000000 1.363426
 1296.000000 1.356591
 1297.000000 1.294278
 1298.000000 1.328104
 1299.000000 1.205921
 1300.000000 1.425017
 1301.000000 1.415559
 1302.000000 1.242472
 1303.000000 1.333236
 1304.000000 1.054996
 1305.000000 1.288921
 1306.000000 1.120720
 1307.000000 1.176669
 1308.000000 1.050271
 1309.000000 1.258188
 1310.000000 1.113895
 1311.000000 1.322508
 1312.000000 1.327067
 1313.000000 1.346096
 1314.000000 1.326540
 1315.000000 1.499035
 1316.000000 1.424677
 1317.000000 1.345806
 1318.000000 1.405527
 1319.000000 1.318301
 1320.000000 1.423996
 1321.000000 1.360468
 1322.000000 1.326444
 1323.000000 1.300301
 1324.000000 1.257591
 1325.000000 1.395790
 1326.000000 1.367284
 1327.000000 1.380750
 1328.000000 1.456605
 1329.000000 1.254863
 1330.000000 1.318112
 1331.000000 1.205922
 1332.000000 0.967609
 1333.000000 1.281815
 1334.000000 1.324887
 1335.000000 1.297577
 1336.000000 1.374874
 1337.000000 1.280385
 1338.000000 1.340808
 1339.000000 1.344456
 1340.000000 1.353794
 1341.000000 1.249854
 1342.000000 1.266104
 1343.000000 1.228443
 1344.000000 1.308625
 1345.000000 1.328731
 1346.000000 1.372416
 1347.000000 1.380424
 1348.000000 1.337723
 1349.000000 1.313835
 1350.000000 1.327112
 1351.000000 1.353449
 1352.000000 1.308847
 1353.000000 1.237676
 1354.000000 1.406764
 1355.000000 1.072768
 1356.000000 1.415387
 1357.000000 1.356446
 1358.000000 1.439380
 1359.000000 1.375817
 1360.000000 1.282577
 1361.000000 1.270919
 1362.000000 1.287425
 1363.000000 1.268094
 1364.000000 1.272151
 1365.000000 1.088799
 1366.000000 1.330266
 1367.000000 1.378240
 1368.000000 1.348194
 1369.000000 1.279822
 1370.000000 1.473888
 1371.000000 1.277791
 1372.000000 1.455075
 1373.000000 1.298298
 1374.000000 1.333965
 1375.000000 1.458228
 1376.000000 1.283960
 1377.000000 1.287329
 1378.000000 1.350096
 1379.000000 1.471837
 1380.000000 1.455796
 1381.000000 1.574275
 1382.000000 1.546761
 1383.000000 1.493104
 1384.000000 1.572702
 1385.000000 1.636506
 1386.000000 1.359286
 1387.000000 1.257867
 1388.000000 0.962001
 1389.000000 0.937048
 1390.000000 0.842381
 1391.000000 0.789885
 1392.000000 0.985079
 1393.000000 0.892816
 1394.000000 0.793043
 1395.000000 0.861601
 1396.000000 0.685112
 1397.000000 0.845297
 1398.000000 1.611005
 1399.000000 1.381529
 1400.000000 1.486516
 1401.000000 1.173957
 1402.000000 1.293517
 1403.000000 1.024752
 1404.000000 1.441300
 1405.000000 1.432354
 1406.000000 1.549652
 1407.000000 1.575564
 1408.000000 1.400921
 1409.000000 1.464218
 1410.000000 1.444929
 1411.000000 1.233648
 1412.000000 1.265537
 1413.000000 1.254033
 1414.000000 1.529487
 1415.000000 1.553949
 1416.000000 1.557187
 1417.000000 1.514219
 1418.000000 1.507128
 1419.000000 1.490574
 1420.000000 1.563024
 1421.000000 1.612294
 1422.000000 1.494542
 1423.000000 1.533464
 1424.000000 1.524481
 1425.000000 1.372499
 1426.000000 1.228534
 1427.000000 1.451962
 1428.000000 1.488874
 1429.000000 1.465951
 1430.000000 1.235919
 1431.000000 1.650210
 1432.000000 1.586800
 1433.000000 1.902637
 1434.000000 1.648613
 1435.000000 1.682666
 1436.000000 1.651563
 1437.000000 1.719639
 1438.000000 1.706224
 1439.000000 1.655118
 1440.000000 1.705191
 1441.000000 1.675791
 1442.000000 1.703080
 1443.000000 1.668077
 1444.000000 1.601418
 1445.000000 1.644817
 1446.000000 1.696728
 1447.000000 1.765051
 1448.000000 1.707335
 1449.000000 1.661943
 1450.000000 1.579093
 1451.000000 1.670990
 1452.000000 1.532009
 1453.000000 1.674205
 1454.000000 1.737335
 1455.000000 1.851537
 1456.000000 1.742596
 1457.000000 1.710155
 1458.000000 1.744964
 1459.000000 1.887978
 1460.000000 1.565087
 1461.000000 1.601460
 1462.000000 1.642100
 1463.000000 1.735194
 1464.000000 1.676513
 1465.000000 1.438941
 1466.000000 1.530963
 1467.000000 1.603133
 1468.000000 1.620956
 1469.000000 1.682237
 1470.000000 1.812285
 1471.000000 1.755217
 1472.000000 1.673577
 1473.000000 1.737992
 1474.000000 1.838408
 1475.000000 1.861417
 1476.000000 1.743394
 1477.000000 1.894126
 1478.000000 1.904015
 1479.000000 1.933365
 1480.000000 1.874991
 1481.000000 1.652710
 1482.000000 1.758986
 1483.000000 1.793023
 1484.000000 1.747270
 1485.000000 1.857596
 1486.000000 1.791937
 1487.000000 1.876000
 1488.000000 1.759489
 1489.000000 1.694640
 1490.000000 1.718476
 1491.000000 1.701637
 1492.000000 1.855333
 1493.000000 1.803582
 1494.000000 1.898748
 1495.000000 1.815737
 1496.000000 1.830362
 1497.000000 1.939790
 1498.000000 1.942471
 1499.000000 1.962497
 1500.000000 1.835655
 1501.000000 1.824986
 1502.000000 1.809477
 1503.000000 1.826933
 1504.000000 1.735145
 1505.000000 1.734326
 1506.000000 1.980180
 1507.000000 1.766695
 1508.000000 1.728317
 1509.000000 1.734570
 1510.000000 1.755762
 1511.000000 1.787063
 1512.000000 1.800348
 1513.000000 1.694358
 1514.000000 1.716994
 1515.000000 1.626411
 1516.000000 1.672924
 1517.000000 1.543995
 1518.000000 1.607021
 1519.000000 1.716419
 1520.000000 1.674712
 1521.000000 1.632815
 1522.000000 1.654519
 1523.000000 1.628889
 1524.000000 1.613809
 1525.000000 1.619143
 1526.000000 1.669495
 1527.000000 1.630150
 1528.000000 1.725273
 1529.000000 1.670110
 1530.000000 1.754211
 1531.000000 1.736756
 1532.000000 1.741747
 1533.000000 1.632629
 1534.000000 1.699937
 1535.000000 1.685004
 1536.000000 1.673600
 1537.000000 1.638126
 1538.000000 1.716578
 1539.000000 1.826952
 1540.000000 1.825436
 1541.000000 1.687167
 1542.000000 1.715370
 1543.000000 1.678962
 1544.000000 1.612573
 1545.000000 1.924204
 1546.000000 1.938142
 1547.000000 1.671897
 1548.000000 1.737489
 1549.000000 1.643208
 1550.000000 1.777411
 1551.000000 1.800053
 1552.000000 1.719163
 1553.000000 1.865543
 1554.000000 1.743230
 1555.000000 1.688971
 1556.000000 1.605270
 1557.000000 1.665724
 1558.000000 1.720668
 1559.000000 1.797392
 1560.000000 1.765016
 1561.000000 1.797401
 1562.000000 1.740045
 1563.000000 1.731578
 1564.000000 1.722891
 1565.000000 1.749139
 1566.000000 1.749223
 1567.000000 1.664391
 1568.000000 1.667166
 1569.000000 1.605838
 1570.000000 1.704921
 1571.000000 1.717072
 1572.000000 1.698318
 1573.000000 1.782475
 1574.000000 1.763632
 1575.000000 1.748043
 1576.000000 1.681455
 1577.000000 1.713879
 1578.000000 1.662969
 1579.000000 1.682948
 1580.000000 1.734668
 1581.000000 1.754389
 1582.000000 1.722559
 1583.000000 1.699255
 1584.000000 1.730853
 1585.000000 1.768101
 1586.000000 1.656328
 1587.000000 1.614868
 1588.000000 1.690877
 1589.000000 1.660140
 1590.000000 1.657461
 1591.000000 1.689636
 1592.000000 1.670516
 1593.000000 1.576298
 1594.000000 1.621679
 1595.000000 1.571247
 1596.000000 1.497726
 1597.000000 1.623934
 1598.000000 1.641413
 1599.000000 1.657876
 1600.000000 1.585131
 1601.000000 1.672009
 1602.000000 1.539550
 1603.000000 1.658682
 1604.000000 1.661782
 1605.000000 1.532133
 1606.000000 1.664709
 1607.000000 1.628690
 1608.000000 1.676544
 1609.000000 1.679754
 1610.000000 1.602469
 1611.000000 1.611353
 1612.000000 1.603857
 1613.000000 1.712492
 1614.000000 1.700242
 1615.000000 1.543373
 1616.000000 1.474093
 1617.000000 1.543046
 1618.000000 1.571442
 1619.000000 1.538615
 1620.000000 1.552588
 1621.000000 1.547242
 1622.000000 1.465715
 1623.000000 1.496932
 1624.000000 1.616608
 1625.000000 1.620599
 1626.000000 1.584859
 1627.000000 1.576309
 1628.000000 1.590837
 1629.000000 1.635441
 1630.000000 1.572406
 1631.000000 1.571022
 1632.000000 1.624514
 1633.000000 1.586960
 1634.000000 1.570095
 1635.000000 1.604041
 1636.000000 1.664191
 1637.000000 1.577444
 1638.000000 1.605782
 1639.000000 1.247757
 1640.000000 1.126635
 1641.000000 1.199871
 1642.000000 1.236733
 1643.000000 1.089942
 1644.000000 1.226859
 1645.000000 1.193765
 1646.000000 1.274113
 1647.000000 1.184782
 1648.000000 1.204024
 1649.000000 1.171582
 1650.000000 1.279716
 1651.000000 1.172238
 1652.000000 1.189630
 1653.000000 1.144570
 1654.000000 1.159374
 1655.000000 1.152793
 1656.000000 1.126682
 1657.000000 1.196706
 1658.000000 1.162035
 1659.000000 0.911404
 1660.000000 0.601387
 1661.000000 1.116022
 1662.000000 1.154688
 1663.000000 1.102332
 1664.000000 0.635516
 1665.000000 0.723776
 1666.000000 0.596956
 1667.000000 0.930985
 1668.000000 0.704862
 1669.000000 0.771736
 1670.000000 0.876179
 1671.000000 1.344853
 1672.000000 1.324055
 1673.000000 1.286099
 1674.000000 1.734781
 1675.000000 1.763437
 1676.000000 1.414080
 1677.000000 1.929505
 1678.000000 2.525508
 1679.000000 3.201940
 1680.000000 3.460526
 1681.000000 3.955594
 1682.000000 3.964404
 1683.000000 3.987609
 1684.000000 3.844025
 1685.000000 3.070105
 1686.000000 3.159439
 1687.000000 3.130743
 1688.000000 3.249168
 1689.000000 3.394258
 1690.000000 4.483076
 1691.000000 3.456119
 1692.000000 3.346893
 1693.000000 4.440432
 1694.000000 3.933908
 1695.000000 3.763661
 1696.000000 3.366249
 1697.000000 2.958481
 1698.000000 3.148880
 1699.000000 2.202953
 1700.000000 1.776430
 1701.000000 2.210170
 1702.000000 3.084880
 1703.000000 3.519412
 1704.000000 4.940355
 1705.000000 4.640252
 1706.000000 3.519110
 1707.000000 2.947474
 1708.000000 2.377764
 1709.000000 3.863350
 1710.000000 3.345887
 1711.000000 3.325961
 1712.000000 3.439689
 1713.000000 2.939133
 1714.000000 2.624682
 1715.000000 3.813737
 1716.000000 4.269540
 1717.000000 3.720233
 1718.000000 2.908813
 1719.000000 4.148920
 1720.000000 4.520407
 1721.000000 4.522742
 1722.000000 4.192734
 1723.000000 3.720323
 1724.000000 3.449109
 1725.000000 2.444126
 1726.000000 1.805127
 1727.000000 1.311771
 1728.000000 1.203792
 1729.000000 1.152265
 1730.000000 1.478993
 1731.000000 0.640615
 1732.000000 0.825206
 1733.000000 0.854153
 1734.000000 0.991609
 1735.000000 0.729223
 1736.000000 1.212312
 1737.000000 1.815663
 1738.000000 1.608122
 1739.000000 2.340729
 1740.000000 2.249293
 1741.000000 2.163162
 1742.000000 2.575410
 1743.000000 2.317451
 1744.000000 3.092986
 1745.000000 2.752645
 1746.000000 2.437309
 1747.000000 2.781571
 1748.000000 3.447699
 1749.000000 2.497537
 1750.000000 2.029856
 1751.000000 3.076148
 1752.000000 3.533191
 1753.000000 3.610203
 1754.000000 3.422909
 1755.000000 3.933505
 1756.000000 3.410636
 1757.000000 2.467669
 1758.000000 2.480839
 1759.000000 2.288037
 1760.000000 2.278442
 1761.000000 2.350062
 1762.000000 2.369360
 1763.000000 2.285657
 1764.000000 2.331305
 1765.000000 1.973321
 1766.000000 3.002484
 1767.000000 2.468664
 1768.000000 2.582024
 1769.000000 1.971153
 1770.000000 3.350666
 1771.000000 4.075417
 1772.000000 4.310192
 1773.000000 4.287387
 1774.000000 3.958348
 1775.000000 3.764778
 1776.000000 3.680021
 1777.000000 2.765984
 1778.000000 4.336416
 1779.000000 3.062843
 1780.000000 2.255654
 1781.000000 3.450321
 1782.000000 2.709043
 1783.000000 3.603621
 1784.000000 2.949324
 1785.000000 3.674275
 1786.000000 3.394388
 1787.000000 3.058740
 1788.000000 3.549096
 1789.000000 4.305008
 1790.000000 4.188605
 1791.000000 4.450939
 1792.000000 4.230772
 1793.000000 4.501496
 1794.000000 4.390328
 1795.000000 4.378394
 1796.000000 4.371225
 1797.000000 4.137528
 1798.000000 3.644094
 1799.000000 2.861959
 1800.000000 2.973348
 1801.000000 3.045180
 1802.000000 3.414941
 1803.000000 3.123591
 1804.000000 3.042329
 1805.000000 2.441979
 1806.000000 2.401816
 1807.000000 1.657903
 1808.000000 0.723152
 1809.000000 0.807841
 1810.000000 0.774649
 1811.000000 0.833795
 1812.000000 0.897561
 1813.000000 0.631924
 1814.000000 0.317483
 1815.000000 0.301858
 1816.000000 0.261668
 1817.000000 0.242944
 1818.000000 0.238714
 1819.000000 0.485162
 1820.000000 0.465177
 1821.000000 1.067708
 1822.000000 0.936882
 1823.000000 0.742546
 1824.000000 0.813839
 1825.000000 0.509800
 1826.000000 1.069779
 1827.000000 1.107697
 1828.000000 0.441735
 1829.000000 0.216305
 1830.000000 2.045798
 1831.000000 2.832337
 1832.000000 4.018470
 1833.000000 3.821993
 1834.000000 3.347827
 1835.000000 3.000990
 1836.000000 2.689991
 1837.000000 2.860912
 1838.000000 3.213332
 1839.000000 3.554537
 1840.000000 3.350171
 1841.000000 3.121431
 1842.000000 3.368788
 1843.000000 3.218297
 1844.000000 3.249766
 1845.000000 3.194137
 1846.000000 3.237604
 1847.000000 3.625053
 1848.000000 3.339749
 1849.000000 3.693479
 1850.000000 3.697563
 1851.000000 3.233204
 1852.000000 3.207591
 1853.000000 3.800206
 1854.000000 3.146922
 1855.000000 3.804004
 1856.000000 3.767568
 1857.000000 3.718592
 1858.000000 2.925611
 1859.000000 3.081663
 1860.000000 3.250931
 1861.000000 4.161414
 1862.000000 3.962376
 1863.000000 3.479387
 1864.000000 2.867029
 1865.000000 3.884834
 1866.000000 3.245116
 1867.000000 3.284980
 1868.000000 2.777984
 1869.000000 2.144155
 1870.000000 3.554414
 1871.000000 4.146062
 1872.000000 3.249186
 1873.000000 3.081237
 1874.000000 4.143051
 1875.000000 4.231152
 1876.000000 4.010030
 1877.000000 4.047161
 1878.000000 4.104798
 1879.000000 4.066747
 1880.000000 4.097220
 1881.000000 4.117101
 1882.000000 4.235493
 1883.000000 3.955915
 1884.000000 3.873283
 1885.000000 4.023091
 1886.000000 4.022281
 1887.000000 4.031624
 1888.000000 4.009152
 1889.000000 3.983914
 1890.000000 4.061852
 1891.000000 4.105931
 1892.000000 4.211990
 1893.000000 4.149156
 1894.000000 4.065296
 1895.000000 4.135817
 1896.000000 4.082319
 1897.000000 4.246813
 1898.000000 3.662985
 1899.000000 4.045661
 1900.000000 2.724869
 1901.000000 2.853157
 1902.000000 3.172976
 1903.000000 3.126620
 1904.000000 2.725661
 1905.000000 3.142899
 1906.000000 3.206336
 1907.000000 4.234548
 1908.000000 4.097166
 1909.000000 3.990349
 1910.000000 4.484778
 1911.000000 3.397421
 1912.000000 3.862399
 1913.000000 4.537313
 1914.000000 4.389295
 1915.000000 3.217476
 1916.000000 2.907081
 1917.000000 3.723554
 1918.000000 3.088596
 1919.000000 3.315019
 1920.000000 2.850830
 1921.000000 2.968853
 1922.000000 2.537090
 1923.000000 2.126977
 1924.000000 2.392428
 1925.000000 2.287150
 1926.000000 1.950764
 1927.000000 1.918218
 1928.000000 1.714811
 1929.000000 2.151786
 1930.000000 2.269599
 1931.000000 2.361003
 1932.000000 1.968189
 1933.000000 2.173151
 1934.000000 1.970155
 1935.000000 1.938635
 1936.000000 2.348062
 1937.000000 2.977945
 1938.000000 1.717292
 1939.000000 1.360562
 1940.000000 1.234878
 1941.000000 1.258420
 1942.000000 1.085838
 1943.000000 1.084217
 1944.000000 0.790561
 1945.000000 0.996581
 1946.000000 1.108973
 1947.000000 1.086620
 1948.000000 1.230605
 1949.000000 1.351863
 1950.000000 0.609067
 1951.000000 0.666381
 1952.000000 0.385552
 1953.000000 0.422450
 1954.000000 0.499912
 1955.000000 0.526989
 1956.000000 0.554460
 1957.000000 0.626393
 1958.000000 0.627992
 1959.000000 0.485746
 1960.000000 0.355486
 1961.000000 0.634844
 1962.000000 0.870333
 1963.000000 0.395152
 1964.000000 1.562893
 1965.000000 2.667932
 1966.000000 2.942331
 1967.000000 3.073001
 1968.000000 3.412579
 1969.000000 3.854854
 1970.000000 3.627853
 1971.000000 3.596760
 1972.000000 3.963553
 1973.000000 3.271055
 1974.000000 3.853182
 1975.000000 3.398178
 1976.000000 3.625400
 1977.000000 3.235111
 1978.000000 3.384498
 1979.000000 3.865463
 1980.000000 3.489113
 1981.000000 4.255656
 1982.000000 4.325392
 1983.000000 4.599120
 1984.000000 4.333731
 1985.000000 4.250510
 1986.000000 4.006414
 1987.000000 3.246855
 1988.000000 3.250106
 1989.000000 2.986930
 1990.000000 3.296819
 1991.000000 3.014592
 1992.000000 4.092166
 1993.000000 3.787799
 1994.000000 3.221644
 1995.000000 3.494151
 1996.000000 3.378681
 1997.000000 3.793962
 1998.000000 3.708551
 1999.000000 3.639169
 2000.000000 3.520982
 2001.000000 3.863267
 2002.000000 3.366922
 2003.000000 3.648842
 2004.000000 3.771659
 2005.000000 3.817890
 2006.000000 3.741120
 2007.000000 3.571742
 2008.000000 3.477201
 2009.000000 3.836531
 2010.000000 3.482686
 2011.000000 3.753047
 2012.000000 3.607348
 2013.000000 2.933132
 2014.000000 3.368320
 2015.000000 3.571294
 2016.000000 3.442948
 2017.000000 3.560036
 2018.000000 3.746419
 2019.000000 4.198402
 2020.000000 4.090366
 2021.000000 4.102308
 2022.000000 4.006399
 2023.000000 4.125434
 2024.000000 4.158683
