#! FIELDS time r21.min
 0.000000 2.167185
 1.000000 2.460940
 2.000000 2.047742
 3.000000 2.382907
 4.000000 1.730110
 5.000000 1.022735
 6.000000 0.383749
 7.000000 0.248736
 8.000000 0.303494
 9.000000 2.200074
 10.000000 1.795171
 11.000000 1.995681
 12.000000 3.535588
 13.000000 3.886004
 14.000000 3.287946
 15.000000 3.658839
 16.000000 3.740666
 17.000000 3.734778
 18.000000 3.512722
 19.000000 3.408415
 20.000000 3.351102
 21.000000 3.519801
 22.000000 3.381659
 23.000000 3.500466
 24.000000 3.680846
 25.000000 1.854296
 26.000000 1.406778
 27.000000 1.975055
 28.000000 2.484822
 29.000000 2.348310
 30.000000 2.134915
 31.000000 2.213793
 32.000000 3.280443
 33.000000 3.330540
 34.000000 1.918005
 35.000000 2.604609
 36.000000 3.474913
 37.000000 3.118841
 38.000000 4.096477
 39.000000 3.391890
 40.000000 3.780706
 41.000000 3.753071
 42.000000 4.159585
 43.000000 3.200387
 44.000000 1.675117
 45.000000 1.383651
 46.000000 1.755943
 47.000000 1.960550
 48.000000 1.971274
 49.000000 2.304461
 50.000000 1.755882
 51.000000 1.839576
 52.000000 1.718604
 53.000000 2.260516
 54.000000 1.561271
 55.000000 1.605797
 56.000000 1.601097
 57.000000 1.485018
 58.000000 1.787720
 59.000000 1.770213
 60.000000 1.774881
 61.000000 1.503182
 62.000000 1.593411
 63.000000 1.764658
 64.000000 1.900917
 65.000000 1.677143
 66.000000 2.535162
 67.000000 3.521541
 68.000000 3.103711
 69.000000 3.438233
 70.000000 3.446844
 71.000000 3.118922
 72.000000 3.638712
 73.000000 4.160881
 74.000000 3.829518
 75.000000 2.773694
 76.000000 4.068942
 77.000000 3.693853
 78.000000 2.870207
 79.000000 3.347658
 80.000000 3.306872
 81.000000 3.475802
 82.000000 3.216749
 83.000000 3.379373
 84.000000 3.305074
 85.000000 2.800951
 86.000000 3.034380
 87.000000 3.544764
 88.000000 3.926898
 89.000000 3.505622
 90.000000 4.330937
 91.000000 4.405005
 92.000000 4.284846
 93.000000 3.932878
 94.000000 4.033055
 95.000000 4.485757
 96.000000 4.233692
 97.000000 2.948524
 98.000000 2.038774
 99.000000 1.602992
 100.000000 2.919429
 101.000000 2.075897
 102.000000 3.479787
 103.000000 2.760335
 104.000000 3.725884
 105.000000 3.231628
 106.000000 4.175957
 107.000000 2.437530
 108.000000 0.964098
 109.000000 1.230725
 110.000000 1.432062
 111.000000 1.908226
 112.000000 2.417918
 113.000000 2.962482
 114.000000 3.076722
 115.000000 2.877410
 116.000000 2.829331
 117.000000 3.091950
 118.000000 3.015990
 119.000000 2.595596
 120.000000 2.796350
 121.000000 2.672107
 122.000000 2.836848
 123.000000 2.801680
 124.000000 2.818400
 125.000000 2.593075
 126.000000 2.720262
 127.000000 1.880285
 128.000000 2.140305
 129.000000 1.503965
 130.000000 1.581010
 131.000000 1.706573
 132.000000 1.634689
 133.000000 1.427887
 134.000000 1.611483
 135.000000 1.732645
 136.000000 2.168411
 137.000000 1.920912
 138.000000 1.400530
 139.000000 1.672047
 140.000000 1.361711
 141.000000 1.146901
 142.000000 2.426176
 143.000000 2.204055
 144.000000 1.987996
 145.000000 1.336336
 146.000000 3.096295
 147.000000 3.148964
 148.000000 2.304369
 149.000000 2.536716
 150.000000 3.059842
 151.000000 3.228629
 152.000000 2.704007
 153.000000 3.315304
 154.000000 3.522967
 155.000000 3.665851
 156.000000 3.310452
 157.000000 2.411815
 158.000000 2.806696
 159.000000 2.561042
 160.000000 2.885681
 161.000000 3.755257
 162.000000 3.667625
 163.000000 3.296196
 164.000000 3.034873
 165.000000 3.366144
 166.000000 3.077634
 167.000000 2.528407
 168.000000 3.632447
 169.000000 3.251672
 170.000000 3.115353
 171.000000 2.912790
 172.000000 3.272019
 173.000000 3.230214
 174.000000 3.002007
 175.000000 3.198105
 176.000000 3.409533
 177.000000 3.147675
 178.000000 3.070203
 179.000000 3.202695
 180.000000 3.178008
 181.000000 3.288252
 182.000000 3.159668
 183.000000 3.036708
 184.000000 3.046081
 185.000000 3.360346
 186.000000 3.240630
 187.000000 3.417714
 188.000000 3.418086
 189.000000 3.324027
 190.000000 3.443763
 191.000000 3.561434
 192.000000 3.661498
 193.000000 3.327584
 194.000000 3.506436
 195.000000 3.384252
 196.000000 3.445252
 197.000000 3.457002
 198.000000 3.444536
 199.000000 3.287001
 200.000000 3.274791
 201.000000 3.256539
 202.000000 3.302252
 203.000000 3.402641
 204.000000 3.669822
 205.000000 3.128095
 206.000000 2.617761
 207.000000 2.582388
 208.000000 2.769679
 209.000000 2.964306
 210.000000 3.169249
 211.000000 3.105012
 212.000000 2.418753
 213.000000 2.381786
 214.000000 3.094432
 215.000000 3.050650
 216.000000 3.158918
 217.000000 2.615405
 218.000000 2.798609
 219.000000 3.131442
 220.000000 2.837521
 221.000000 3.111117
 222.000000 3.080842
 223.000000 3.219935
 224.000000 3.365878
 225.000000 3.594015
 226.000000 3.413719
 227.000000 3.241075
 228.000000 3.200467
 229.000000 3.179371
 230.000000 3.102049
 231.000000 3.132607
 232.000000 2.959289
 233.000000 3.394771
 234.000000 3.488166
 235.000000 3.423244
 236.000000 3.456295
 237.000000 3.441341
 238.000000 3.278384
 239.000000 3.397733
 240.000000 3.739754
 241.000000 3.638832
 242.000000 3.459510
 243.000000 3.695245
 244.000000 4.139316
 245.000000 3.818749
 246.000000 3.435992
 247.000000 3.491697
 248.000000 3.533375
 249.000000 3.617772
 250.000000 3.757553
 251.000000 4.075827
 252.000000 4.207120
 253.000000 4.230083
 254.000000 4.107135
 255.000000 3.646675
 256.000000 3.755136
 257.000000 3.104649
 258.000000 2.982478
 259.000000 3.336618
 260.000000 2.921790
 261.000000 2.929900
 262.000000 3.994050
 263.000000 3.899319
 264.000000 3.076963
 265.000000 1.467664
 266.000000 1.703968
 267.000000 2.691459
 268.000000 3.659498
 269.000000 3.977702
 270.000000 4.290852
 271.000000 4.183454
 272.000000 3.551158
 273.000000 4.232900
 274.000000 3.961162
 275.000000 3.093234
 276.000000 3.075226
 277.000000 3.022327
 278.000000 2.438276
 279.000000 3.463863
 280.000000 3.380954
 281.000000 4.166936
 282.000000 2.607627
 283.000000 2.923003
 284.000000 1.420101
 285.000000 3.544301
 286.000000 3.462964
 287.000000 4.359432
 288.000000 3.326977
 289.000000 1.942001
 290.000000 2.908718
 291.000000 3.561383
 292.000000 3.385145
 293.000000 3.696448
 294.000000 3.242565
 295.000000 2.833884
 296.000000 2.433801
 297.000000 3.199703
 298.000000 3.154533
 299.000000 2.490600
 300.000000 2.480742
 301.000000 2.792591
 302.000000 3.176076
 303.000000 3.726264
 304.000000 4.123562
 305.000000 3.604297
 306.000000 3.818637
 307.000000 3.674135
 308.000000 2.882737
 309.000000 2.937287
 310.000000 2.256062
 311.000000 1.210509
 312.000000 2.719124
 313.000000 3.471344
 314.000000 3.249244
 315.000000 2.990345
 316.000000 3.800882
 317.000000 3.697561
 318.000000 3.563749
 319.000000 3.052657
 320.000000 3.530412
 321.000000 2.843140
 322.000000 2.164279
 323.000000 2.714839
 324.000000 2.853075
 325.000000 3.830745
 326.000000 3.631405
 327.000000 3.466895
 328.000000 2.952943
 329.000000 3.679668
 330.000000 2.725398
 331.000000 3.299315
 332.000000 3.161131
 333.000000 2.578038
 334.000000 1.232017
 335.000000 2.788596
 336.000000 3.666656
 337.000000 3.410584
 338.000000 3.112100
 339.000000 3.422600
 340.000000 4.139133
 341.000000 4.023849
 342.000000 3.913175
 343.000000 3.950130
 344.000000 3.707413
 345.000000 3.540509
 346.000000 3.238976
 347.000000 3.669984
 348.000000 3.825166
 349.000000 3.645586
 350.000000 3.521405
 351.000000 3.400000
 352.000000 3.428425
 353.000000 3.599671
 354.000000 3.811654
 355.000000 3.139193
 356.000000 3.235911
 357.000000 3.501243
 358.000000 2.876025
 359.000000 3.087447
 360.000000 3.580128
 361.000000 3.714099
 362.000000 3.804608
 363.000000 4.079744
 364.000000 4.228016
 365.000000 4.102762
 366.000000 3.878271
 367.000000 3.852370
 368.000000 3.578315
 369.000000 3.962374
 370.000000 3.858521
 371.000000 3.506171
 372.000000 3.271667
 373.000000 3.430031
 374.000000 3.247389
 375.000000 3.269166
 376.000000 3.060546
 377.000000 3.368453
 378.000000 3.378917
 379.000000 3.486671
 380.000000 3.120331
 381.000000 3.270434
 382.000000 3.645665
 383.000000 3.497121
 384.000000 3.587519
 385.000000 3.364540
 386.000000 3.831246
 387.000000 3.850486
 388.000000 3.978260
 389.000000 4.006014
 390.000000 4.072804
 391.000000 4.133096
 392.000000 4.017302
 393.000000 4.147527
 394.000000 4.206837
 395.000000 3.909035
 396.000000 3.926278
 397.000000 3.862349
 398.000000 4.040405
 399.000000 4.053308
 400.000000 4.071228
 401.000000 4.138656
 402.000000 3.952974
 403.000000 4.170237
 404.000000 4.172116
 405.000000 4.108987
 406.000000 4.039306
 407.000000 4.026048
 408.000000 4.129453
 409.000000 3.989191
 410.000000 3.945669
 411.000000 4.149391
 412.000000 4.129683
 413.000000 4.087627
 414.000000 4.134684
 415.000000 4.164542
 416.000000 4.133345
 417.000000 4.239284
 418.000000 4.254579
 419.000000 4.234945
 420.000000 4.294718
 421.000000 4.117138
 422.000000 4.188431
 423.000000 4.348803
 424.000000 4.381871
 425.000000 4.240900
 426.000000 4.332680
 427.000000 4.338812
 428.000000 4.363785
 429.000000 3.265272
 430.000000 4.393464
 431.000000 4.341199
 432.000000 4.532700
 433.000000 4.541406
 434.000000 4.418523
 435.000000 4.373096
 436.000000 4.283585
 437.000000 4.358225
 438.000000 4.255155
 439.000000 4.342389
 440.000000 4.320602
 441.000000 4.159886
 442.000000 4.152417
 443.000000 3.345213
 444.000000 3.300244
 445.000000 3.534549
 446.000000 4.058958
 447.000000 4.161561
 448.000000 2.876549
 449.000000 4.066937
 450.000000 4.407513
 451.000000 4.773028
 452.000000 2.920283
 453.000000 3.598982
 454.000000 2.651916
 455.000000 3.546176
 456.000000 4.512090
 457.000000 3.309514
 458.000000 3.339692
 459.000000 3.768146
 460.000000 3.498819
 461.000000 2.492929
 462.000000 2.909649
 463.000000 3.884042
 464.000000 3.375650
 465.000000 3.132946
 466.000000 3.219975
 467.000000 2.195439
 468.000000 3.028490
 469.000000 3.483988
 470.000000 4.185534
 471.000000 4.431613
 472.000000 3.983621
 473.000000 3.339052
 474.000000 2.692763
 475.000000 2.306387
 476.000000 2.801376
 477.000000 2.206859
 478.000000 1.008339
 479.000000 1.774248
 480.000000 1.737491
 481.000000 2.142006
 482.000000 2.799015
 483.000000 3.392556
 484.000000 3.435844
 485.000000 3.236371
 486.000000 3.347879
 487.000000 3.559236
 488.000000 2.870296
 489.000000 2.322736
 490.000000 2.348556
 491.000000 0.669992
 492.000000 1.671672
 493.000000 2.252598
 494.000000 2.442362
 495.000000 2.947465
 496.000000 3.192021
 497.000000 3.335120
 498.000000 3.575357
 499.000000 3.577690
 500.000000 3.822278
 501.000000 4.151049
 502.000000 3.869000
 503.000000 3.604174
 504.000000 3.675731
 505.000000 2.634876
 506.000000 3.168249
 507.000000 3.359669
 508.000000 2.351737
 509.000000 2.844111
 510.000000 3.449926
 511.000000 3.246418
 512.000000 2.345483
 513.000000 3.144475
 514.000000 3.386938
 515.000000 3.202132
 516.000000 4.143614
 517.000000 3.483465
 518.000000 3.085264
 519.000000 1.867147
 520.000000 2.409155
 521.000000 3.347839
 522.000000 3.835096
 523.000000 1.992242
 524.000000 2.339891
 525.000000 2.274687
 526.000000 1.271770
 527.000000 0.936993
 528.000000 2.385965
 529.000000 2.692094
 530.000000 2.682656
 531.000000 3.099922
 532.000000 3.229289
 533.000000 2.982259
 534.000000 2.306212
 535.000000 2.341960
 536.000000 2.446763
 537.000000 3.094070
 538.000000 3.108466
 539.000000 3.163575
 540.000000 2.872544
 541.000000 2.728247
 542.000000 3.433998
 543.000000 2.848638
 544.000000 2.981038
 545.000000 2.194115
 546.000000 2.682160
 547.000000 2.898659
 548.000000 3.113671
 549.000000 3.171118
 550.000000 3.175741
 551.000000 3.153976
 552.000000 3.207897
 553.000000 3.228709
 554.000000 3.499655
 555.000000 3.536048
 556.000000 3.390325
 557.000000 2.867900
 558.000000 3.101695
 559.000000 3.069588
 560.000000 2.959266
 561.000000 3.068631
 562.000000 3.018555
 563.000000 2.917377
 564.000000 2.831119
 565.000000 2.872597
 566.000000 2.713888
 567.000000 2.883077
 568.000000 2.922720
 569.000000 2.566824
 570.000000 2.056027
 571.000000 1.889045
 572.000000 2.150853
 573.000000 1.993484
 574.000000 2.347966
 575.000000 2.203322
 576.000000 2.070436
 577.000000 1.590688
 578.000000 2.173051
 579.000000 3.466424
 580.000000 2.393743
 581.000000 3.249456
 582.000000 3.140461
 583.000000 3.257092
 584.000000 3.222790
 585.000000 1.984287
 586.000000 2.943879
 587.000000 3.175467
 588.000000 3.125734
 589.000000 3.569219
 590.000000 3.989816
 591.000000 2.717470
 592.000000 3.896767
 593.000000 4.133570
 594.000000 4.104826
 595.000000 4.194821
 596.000000 4.265991
 597.000000 4.366475
 598.000000 4.053211
 599.000000 4.055569
 600.000000 4.230031
 601.000000 4.522720
 602.000000 4.479654
 603.000000 4.358014
 604.000000 4.437952
 605.000000 4.168117
 606.000000 4.333866
 607.000000 4.392809
 608.000000 4.395565
 609.000000 4.327442
 610.000000 4.277185
 611.000000 4.416357
 612.000000 4.324364
 613.000000 4.511493
 614.000000 4.476759
 615.000000 4.606487
 616.000000 4.587791
 617.000000 4.521977
 618.000000 4.223977
 619.000000 4.579471
 620.000000 4.467464
 621.000000 4.506176
 622.000000 4.693779
 623.000000 4.602031
 624.000000 3.914337
 625.000000 4.622009
 626.000000 4.619228
 627.000000 3.650556
 628.000000 4.571749
 629.000000 3.479396
 630.000000 3.709193
 631.000000 3.619850
 632.000000 3.557841
 633.000000 3.626646
 634.000000 4.661644
 635.000000 4.583587
 636.000000 4.628967
 637.000000 3.674924
 638.000000 3.588874
 639.000000 4.616561
 640.000000 4.600750
 641.000000 3.693971
 642.000000 4.753286
 643.000000 3.669929
 644.000000 3.454835
 645.000000 3.504243
 646.000000 4.777790
 647.000000 4.797727
 648.000000 3.478203
 649.000000 3.537875
 650.000000 3.464895
 651.000000 3.476672
 652.000000 3.882649
 653.000000 4.389058
 654.000000 4.547164
 655.000000 4.635792
 656.000000 4.647120
 657.000000 4.575724
 658.000000 4.324776
 659.000000 4.224849
 660.000000 4.034501
 661.000000 3.928956
 662.000000 4.008847
 663.000000 3.973367
 664.000000 3.926105
 665.000000 4.001233
 666.000000 3.444074
 667.000000 3.562717
 668.000000 3.600394
 669.000000 3.692264
 670.000000 3.602962
 671.000000 3.532230
 672.000000 3.639814
 673.000000 3.810611
 674.000000 3.865889
 675.000000 4.036593
 676.000000 3.976718
 677.000000 3.935122
 678.000000 4.095981
 679.000000 4.215252
 680.000000 4.108567
 681.000000 3.974169
 682.000000 3.905779
 683.000000 3.957405
 684.000000 3.921460
 685.000000 3.897929
 686.000000 3.987319
 687.000000 3.882603
 688.000000 4.048318
 689.000000 4.111260
 690.000000 4.033941
 691.000000 3.664069
 692.000000 3.492010
 693.000000 3.537832
 694.000000 3.778517
 695.000000 3.612800
 696.000000 3.304583
 697.000000 3.575417
 698.000000 4.008736
 699.000000 3.921223
 700.000000 3.795001
 701.000000 3.613687
 702.000000 3.494367
 703.000000 3.250774
 704.000000 3.152355
 705.000000 2.346944
 706.000000 2.788129
 707.000000 3.467445
 708.000000 3.386390
 709.000000 3.913942
 710.000000 4.238791
 711.000000 3.730066
 712.000000 3.161155
 713.000000 3.746234
 714.000000 3.601803
 715.000000 3.856382
 716.000000 3.419572
 717.000000 3.474206
 718.000000 2.810915
 719.000000 2.315347
 720.000000 2.505208
 721.000000 1.400996
 722.000000 3.149244
 723.000000 3.401786
 724.000000 1.588604
 725.000000 0.783485
 726.000000 3.144434
 727.000000 2.960815
 728.000000 3.548748
 729.000000 3.169953
 730.000000 3.620999
 731.000000 3.322229
 732.000000 2.368101
 733.000000 2.927363
 734.000000 4.487015
 735.000000 4.512950
 736.000000 3.857276
 737.000000 3.252233
 738.000000 3.823347
 739.000000 3.117370
 740.000000 3.667803
 741.000000 2.785433
 742.000000 3.686288
 743.000000 3.140501
 744.000000 3.406076
 745.000000 2.959060
 746.000000 3.027112
 747.000000 2.883216
 748.000000 3.408477
 749.000000 3.410325
 750.000000 3.768932
 751.000000 3.351963
 752.000000 3.590723
 753.000000 3.643168
 754.000000 3.395457
 755.000000 2.939621
 756.000000 3.612458
 757.000000 2.472524
 758.000000 1.906538
 759.000000 2.237782
 760.000000 1.016208
 761.000000 1.475378
 762.000000 1.367135
 763.000000 1.719534
 764.000000 3.025982
 765.000000 3.349923
 766.000000 3.121246
 767.000000 3.650156
 768.000000 3.902994
 769.000000 3.390036
 770.000000 3.443075
 771.000000 3.731303
 772.000000 3.811387
 773.000000 3.468670
 774.000000 3.095064
 775.000000 2.472358
 776.000000 2.746016
 777.000000 3.058106
 778.000000 2.822065
 779.000000 2.743416
 780.000000 3.382555
 781.000000 2.954418
 782.000000 3.082454
 783.000000 2.760266
 784.000000 3.139541
 785.000000 3.510206
 786.000000 3.993215
 787.000000 3.170945
 788.000000 3.079391
 789.000000 3.665451
 790.000000 3.196995
 791.000000 3.328863
 792.000000 3.604520
 793.000000 4.194155
 794.000000 4.598226
 795.000000 4.172035
 796.000000 3.836823
 797.000000 4.290586
 798.000000 3.921828
 799.000000 3.079268
 800.000000 2.750214
 801.000000 2.472296
 802.000000 2.015887
 803.000000 3.172110
 804.000000 3.225062
 805.000000 2.946688
 806.000000 2.699199
 807.000000 2.108637
 808.000000 1.883860
 809.000000 2.711586
 810.000000 2.580774
 811.000000 2.996733
 812.000000 3.241385
 813.000000 3.280867
 814.000000 3.193362
 815.000000 2.744530
 816.000000 3.469517
 817.000000 4.077717
 818.000000 3.931679
 819.000000 4.153526
 820.000000 3.628149
 821.000000 3.464974
 822.000000 3.608202
 823.000000 3.410232
 824.000000 3.095597
 825.000000 2.587204
 826.000000 2.882259
 827.000000 2.906795
 828.000000 2.512601
 829.000000 3.253978
 830.000000 3.283796
 831.000000 3.321716
 832.000000 3.082655
 833.000000 3.253199
 834.000000 3.200093
 835.000000 3.391658
 836.000000 3.445749
 837.000000 3.184701
 838.000000 3.506890
 839.000000 3.119190
 840.000000 3.363589
 841.000000 3.830961
 842.000000 2.610479
 843.000000 2.989571
 844.000000 3.762978
 845.000000 3.581366
 846.000000 3.501897
 847.000000 3.536533
 848.000000 3.228324
 849.000000 3.994883
 850.000000 4.128601
 851.000000 3.589503
 852.000000 3.700247
 853.000000 3.419380
 854.000000 3.423354
 855.000000 4.686798
 856.000000 3.824960
 857.000000 3.534586
 858.000000 4.232430
 859.000000 3.615567
 860.000000 3.142899
 861.000000 3.245180
 862.000000 2.944254
 863.000000 3.307039
 864.000000 3.630709
 865.000000 3.665218
 866.000000 3.384064
 867.000000 4.000065
 868.000000 3.449770
 869.000000 3.014232
 870.000000 3.603255
 871.000000 3.610314
 872.000000 3.445435
 873.000000 3.855033
 874.000000 3.629338
 875.000000 3.814287
 876.000000 3.571269
 877.000000 3.476564
 878.000000 2.822710
 879.000000 3.860926
 880.000000 3.218924
 881.000000 4.371037
 882.000000 3.251317
 883.000000 3.900427
 884.000000 3.411889
 885.000000 3.958597
 886.000000 3.438224
 887.000000 3.784003
 888.000000 3.152293
 889.000000 3.489774
 890.000000 3.359597
 891.000000 3.375025
 892.000000 3.767124
 893.000000 3.788758
 894.000000 3.665986
 895.000000 3.452583
 896.000000 3.056912
 897.000000 3.405770
 898.000000 3.393653
 899.000000 3.436465
 900.000000 3.089226
 901.000000 3.170616
 902.000000 3.331049
 903.000000 4.098175
 904.000000 3.843637
 905.000000 3.733906
 906.000000 2.983004
 907.000000 2.143346
 908.000000 1.348449
 909.000000 1.316396
 910.000000 1.203708
 911.000000 1.294494
 912.000000 1.334924
 913.000000 1.340727
 914.000000 1.314007
 915.000000 1.252750
 916.000000 1.227001
 917.000000 1.320471
 918.000000 1.188854
 919.000000 1.213377
 920.000000 1.369973
 921.000000 1.693112
 922.000000 1.656932
 923.000000 1.994463
 924.000000 2.179274
 925.000000 1.767445
 926.000000 1.896161
 927.000000 1.901892
 928.000000 1.931227
 929.000000 2.025491
 930.000000 2.118411
 931.000000 2.044492
 932.000000 1.868805
 933.000000 1.867261
 934.000000 2.176806
 935.000000 1.755263
 936.000000 1.735083
 937.000000 1.575998
 938.000000 1.805691
 939.000000 1.878860
 940.000000 1.886679
 941.000000 1.796163
 942.000000 1.686253
 943.000000 1.703940
 944.000000 1.437675
 945.000000 1.308996
 946.000000 1.347826
 947.000000 1.316700
 948.000000 1.207444
 949.000000 1.222190
 950.000000 1.320627
 951.000000 1.268454
 952.000000 1.633967
 953.000000 1.695159
 954.000000 1.970881
 955.000000 2.063683
 956.000000 1.994856
 957.000000 1.973040
 958.000000 1.775289
 959.000000 1.879657
 960.000000 1.829033
 961.000000 1.803905
 962.000000 2.047497
 963.000000 1.964328
 964.000000 1.357802
 965.000000 1.920402
 966.000000 1.929748
 967.000000 1.808699
 968.000000 1.681741
 969.000000 1.772032
 970.000000 1.696582
 971.000000 1.578848
 972.000000 1.671538
 973.000000 1.618226
 974.000000 1.618712
 975.000000 1.672356
 976.000000 1.744239
 977.000000 1.746226
 978.000000 2.790755
 979.000000 2.803062
 980.000000 2.981514
 981.000000 2.319438
 982.000000 3.770909
 983.000000 3.056090
 984.000000 2.696131
 985.000000 4.053760
 986.000000 3.464450
 987.000000 3.939715
 988.000000 3.748179
 989.000000 3.484193
 990.000000 2.990071
 991.000000 2.872418
 992.000000 3.688912
 993.000000 3.712222
 994.000000 3.517052
 995.000000 2.860503
 996.000000 3.358781
 997.000000 3.141616
 998.000000 1.605927
 999.000000 1.935240
 1000.000000 1.804277
 1001.000000 0.659229
 1002.000000 0.267975
 1003.000000 0.696875
 1004.000000 0.925917
 1005.000000 0.958552
 1006.000000 0.795676
 1007.000000 0.903284
 1008.000000 0.836148
 1009.000000 1.573099
 1010.000000 1.245890
 1011.000000 0.767785
 1012.000000 1.784927
 1013.000000 1.796182
 1014.000000 1.810735
 1015.000000 2.047164
 1016.000000 1.858903
 1017.000000 1.782689
 1018.000000 1.859001
 1019.000000 1.511581
 1020.000000 1.347957
 1021.000000 1.370446
 1022.000000 1.442230
 1023.000000 1.315996
 1024.000000 1.457239
 1025.000000 1.492396
 1026.000000 1.353306
 1027.000000 1.666016
 1028.000000 1.675688
 1029.000000 1.639371
 1030.000000 1.499788
 1031.000000 1.815348
 1032.000000 1.679462
 1033.000000 1.828551
 1034.000000 1.798075
 1035.000000 2.007397
 1036.000000 1.958553
 1037.000000 1.929516
 1038.000000 1.896713
 1039.000000 2.135882
 1040.000000 1.382819
 1041.000000 2.795620
 1042.000000 3.003351
 1043.000000 3.600157
 1044.000000 3.208222
 1045.000000 3.592179
 1046.000000 3.993162
 1047.000000 3.936109
 1048.000000 3.804462
 1049.000000 4.107384
 1050.000000 4.157519
 1051.000000 4.224597
 1052.000000 3.875227
 1053.000000 3.472673
 1054.000000 3.814508
 1055.000000 3.730285
 1056.000000 2.973869
 1057.000000 3.081288
 1058.000000 3.552638
 1059.000000 3.396870
 1060.000000 3.339708
 1061.000000 3.656908
 1062.000000 3.771485
 1063.000000 3.715405
 1064.000000 4.302131
 1065.000000 3.994739
 1066.000000 3.779390
 1067.000000 3.345055
 1068.000000 3.628928
 1069.000000 3.759104
 1070.000000 3.652928
 1071.000000 3.688800
 1072.000000 2.974908
 1073.000000 3.127788
 1074.000000 2.057258
 1075.000000 2.462915
 1076.000000 1.607759
 1077.000000 2.265516
 1078.000000 3.219631
 1079.000000 3.363970
 1080.000000 3.411372
 1081.000000 1.626019
 1082.000000 1.731221
 1083.000000 2.221814
 1084.000000 2.861834
 1085.000000 1.607194
 1086.000000 3.274275
 1087.000000 3.195076
 1088.000000 3.200511
 1089.000000 4.218768
 1090.000000 4.099077
 1091.000000 3.591633
 1092.000000 3.316094
 1093.000000 3.748258
 1094.000000 3.439903
 1095.000000 3.468183
 1096.000000 3.292891
 1097.000000 4.009565
 1098.000000 3.371285
 1099.000000 3.071582
 1100.000000 3.039734
 1101.000000 2.957338
 1102.000000 2.656261
 1103.000000 2.312039
 1104.000000 2.428921
 1105.000000 2.920727
 1106.000000 3.012670
 1107.000000 2.832937
 1108.000000 2.505626
 1109.000000 2.376449
 1110.000000 2.577185
 1111.000000 2.434430
 1112.000000 2.320919
 1113.000000 2.314881
 1114.000000 2.399002
 1115.000000 2.378535
 1116.000000 2.193367
 1117.000000 1.990924
 1118.000000 2.125251
 1119.000000 2.318158
 1120.000000 2.308426
 1121.000000 2.264295
 1122.000000 2.347208
 1123.000000 2.340093
 1124.000000 2.274438
 1125.000000 2.290844
 1126.000000 2.381570
 1127.000000 2.237951
 1128.000000 2.474875
 1129.000000 2.546990
 1130.000000 2.617879
 1131.000000 2.644579
 1132.000000 2.637176
 1133.000000 2.491477
 1134.000000 2.522975
 1135.000000 2.498021
 1136.000000 2.557673
 1137.000000 2.519776
 1138.000000 2.466580
 1139.000000 2.593482
 1140.000000 2.560061
 1141.000000 2.591817
 1142.000000 2.492163
 1143.000000 2.536771
 1144.000000 2.653366
 1145.000000 2.563246
 1146.000000 2.520833
 1147.000000 2.549677
 1148.000000 2.695376
 1149.000000 2.584461
 1150.000000 2.547077
 1151.000000 2.638494
 1152.000000 2.666272
 1153.000000 2.656786
 1154.000000 2.504100
 1155.000000 2.553265
 1156.000000 2.654834
 1157.000000 2.716597
 1158.000000 2.623919
 1159.000000 2.593677
 1160.000000 2.514173
 1161.000000 2.532221
 1162.000000 2.694184
 1163.000000 2.643569
 1164.000000 2.542942
 1165.000000 2.729182
 1166.000000 2.729943
 1167.000000 2.615320
 1168.000000 2.600955
 1169.000000 2.587282
 1170.000000 2.584011
 1171.000000 2.744085
 1172.000000 2.697723
 1173.000000 2.654032
 1174.000000 2.722532
 1175.000000 2.525118
 1176.000000 2.579995
 1177.000000 2.606069
 1178.000000 2.565895
 1179.000000 2.588891
 1180.000000 2.585228
 1181.000000 2.496636
 1182.000000 2.527425
 1183.000000 2.707403
 1184.000000 2.573639
 1185.000000 2.575691
 1186.000000 2.563370
 1187.000000 2.565196
 1188.000000 2.481051
 1189.000000 2.427060
 1190.000000 2.577199
 1191.000000 2.514044
 1192.000000 2.537906
 1193.000000 2.579576
 1194.000000 2.640631
 1195.000000 2.546117
 1196.000000 2.569672
 1197.000000 2.550845
 1198.000000 2.524635
 1199.000000 2.473945
 1200.000000 2.466641
 1201.000000 2.584555
 1202.000000 2.429691
 1203.000000 2.550595
 1204.000000 2.494829
 1205.000000 2.574812
 1206.000000 2.538130
 1207.000000 2.508287
 1208.000000 2.564549
 1209.000000 2.613292
 1210.000000 2.625279
 1211.000000 2.602238
 1212.000000 2.592371
 1213.000000 2.704573
 1214.000000 2.789722
 1215.000000 3.085737
 1216.000000 2.926345
 1217.000000 2.657784
 1218.000000 2.687888
 1219.000000 2.574567
 1220.000000 2.619923
 1221.000000 2.493168
 1222.000000 2.745749
 1223.000000 2.609698
 1224.000000 2.857503
 1225.000000 2.789638
 1226.000000 3.067322
 1227.000000 2.986892
 1228.000000 3.152880
 1229.000000 3.001418
 1230.000000 3.191845
 1231.000000 2.969467
 1232.000000 2.891865
 1233.000000 3.044903
 1234.000000 3.153582
 1235.000000 3.249315
 1236.000000 3.093803
 1237.000000 3.296359
 1238.000000 3.126493
 1239.000000 3.055589
 1240.000000 2.798960
 1241.000000 2.814875
 1242.000000 2.666645
 1243.000000 2.713530
 1244.000000 2.600128
 1245.000000 2.926609
 1246.000000 2.749106
 1247.000000 2.752519
 1248.000000 2.554682
 1249.000000 2.645441
 1250.000000 2.613128
 1251.000000 2.776735
 1252.000000 2.511170
 1253.000000 2.713661
 1254.000000 2.285830
 1255.000000 2.601075
 1256.000000 2.743581
 1257.000000 2.899622
 1258.000000 2.969888
 1259.000000 3.041459
 1260.000000 3.005675
 1261.000000 3.034701
 1262.000000 3.183066
 1263.000000 3.079823
 1264.000000 3.066782
 1265.000000 3.022063
 1266.000000 2.812566
 1267.000000 2.807039
 1268.000000 2.848269
 1269.000000 2.775873
 1270.000000 2.631126
 1271.000000 2.767662
 1272.000000 2.791653
 1273.000000 2.734714
 1274.000000 2.994652
 1275.000000 3.122092
 1276.000000 2.896563
 1277.000000 2.918843
 1278.000000 3.020358
 1279.000000 2.838107
 1280.000000 2.400606
 1281.000000 2.557381
 1282.000000 2.669643
 1283.000000 2.798120
 1284.000000 2.716810
 1285.000000 2.735266
 1286.000000 2.906084
 1287.000000 2.845965
 1288.000000 2.616953
 1289.000000 2.675545
 1290.000000 2.444423
 1291.000000 2.577607
 1292.000000 2.626205
 1293.000000 2.530744
 1294.000000 2.734454
 1295.000000 2.498292
 1296.000000 2.491693
 1297.000000 2.554953
 1298.000000 2.464550
 1299.000000 2.455230
 1300.000000 2.573002
 1301.000000 2.265829
 1302.000000 2.226879
 1303.000000 2.197387
 1304.000000 2.306684
 1305.000000 2.309376
 1306.000000 2.300009
 1307.000000 2.276512
 1308.000000 2.252320
 1309.000000 2.265192
 1310.000000 2.358150
 1311.000000 2.426723
 1312.000000 2.300361
 1313.000000 2.217700
 1314.000000 2.195131
 1315.000000 2.156312
 1316.000000 2.145531
 1317.000000 2.158336
 1318.000000 2.268228
 1319.000000 2.231298
 1320.000000 2.318162
 1321.000000 2.230987
 1322.000000 2.337068
 1323.000000 2.239570
 1324.000000 2.230480
 1325.000000 2.173626
 1326.000000 2.102383
 1327.000000 2.149652
 1328.000000 2.295761
 1329.000000 2.360790
 1330.000000 2.491982
 1331.000000 2.271299
 1332.000000 2.502683
 1333.000000 2.616003
 1334.000000 2.665057
 1335.000000 2.431301
 1336.000000 2.278280
 1337.000000 2.395465
 1338.000000 2.670370
 1339.000000 2.572382
 1340.000000 2.326745
 1341.000000 2.343269
 1342.000000 2.308300
 1343.000000 2.383174
 1344.000000 2.646990
 1345.000000 2.571124
 1346.000000 2.784713
 1347.000000 3.029806
 1348.000000 2.969351
 1349.000000 3.163038
 1350.000000 3.089072
 1351.000000 2.918191
 1352.000000 3.248555
 1353.000000 3.122354
 1354.000000 3.226321
 1355.000000 3.206979
 1356.000000 3.432867
 1357.000000 3.542861
 1358.000000 3.491783
 1359.000000 3.473019
 1360.000000 3.508917
 1361.000000 3.455965
 1362.000000 3.506241
 1363.000000 3.498278
 1364.000000 3.414613
 1365.000000 3.542289
 1366.000000 3.568628
 1367.000000 3.471075
 1368.000000 3.546697
 1369.000000 3.598560
 1370.000000 3.585274
 1371.000000 3.466733
 1372.000000 3.429303
 1373.000000 3.293415
 1374.000000 3.046198
 1375.000000 3.375627
 1376.000000 3.077853
 1377.000000 3.069131
 1378.000000 3.325787
 1379.000000 3.081394
 1380.000000 3.204715
 1381.000000 3.060428
 1382.000000 3.189783
 1383.000000 3.519314
 1384.000000 3.550613
 1385.000000 3.332820
 1386.000000 3.338620
 1387.000000 3.486183
 1388.000000 3.522146
 1389.000000 3.438945
 1390.000000 3.447187
 1391.000000 3.415990
 1392.000000 3.594477
 1393.000000 3.594177
 1394.000000 3.452524
 1395.000000 3.491595
 1396.000000 3.376043
 1397.000000 3.287039
 1398.000000 3.198930
 1399.000000 3.046712
 1400.000000 3.391684
 1401.000000 3.265836
 1402.000000 3.247002
 1403.000000 3.075915
 1404.000000 3.070750
 1405.000000 2.908406
 1406.000000 3.229136
 1407.000000 3.094674
 1408.000000 2.764586
 1409.000000 3.029462
 1410.000000 2.714348
 1411.000000 2.743848
 1412.000000 2.893004
 1413.000000 2.684679
 1414.000000 2.792688
 1415.000000 2.638010
 1416.000000 2.611410
 1417.000000 2.517505
 1418.000000 2.719561
 1419.000000 2.741991
 1420.000000 2.340800
 1421.000000 2.402710
 1422.000000 2.655802
 1423.000000 2.811377
 1424.000000 2.941683
 1425.000000 2.970915
 1426.000000 2.742913
 1427.000000 2.840412
 1428.000000 2.739811
 1429.000000 2.930849
 1430.000000 2.344688
 1431.000000 2.463277
 1432.000000 2.659913
 1433.000000 2.780901
 1434.000000 2.662989
 1435.000000 2.597308
 1436.000000 2.615174
 1437.000000 2.701813
 1438.000000 2.795089
 1439.000000 2.821415
 1440.000000 2.696604
 1441.000000 2.593140
 1442.000000 2.706677
 1443.000000 2.543942
 1444.000000 2.700167
 1445.000000 2.718233
 1446.000000 3.153780
 1447.000000 3.039355
 1448.000000 2.944984
 1449.000000 3.243141
 1450.000000 3.159400
 1451.000000 3.062631
 1452.000000 2.806280
 1453.000000 2.906411
 1454.000000 3.147339
 1455.000000 3.202242
 1456.000000 3.286468
 1457.000000 3.289144
 1458.000000 3.078093
 1459.000000 3.227440
 1460.000000 3.196145
 1461.000000 3.129277
 1462.000000 3.157331
 1463.000000 3.126009
 1464.000000 3.062527
 1465.000000 3.049198
 1466.000000 3.033013
 1467.000000 3.061745
 1468.000000 2.999870
 1469.000000 2.893169
 1470.000000 2.826416
 1471.000000 2.968433
 1472.000000 2.922144
 1473.000000 2.797774
 1474.000000 2.760835
 1475.000000 2.542245
 1476.000000 2.394719
 1477.000000 2.491855
 1478.000000 2.515184
 1479.000000 2.464624
 1480.000000 2.582277
 1481.000000 2.424985
 1482.000000 2.316234
 1483.000000 2.465514
 1484.000000 2.472038
 1485.000000 2.438204
 1486.000000 2.429774
 1487.000000 2.617692
 1488.000000 2.605439
 1489.000000 2.654742
 1490.000000 2.661494
 1491.000000 2.679344
 1492.000000 2.665932
 1493.000000 2.621314
 1494.000000 2.748787
 1495.000000 2.869146
 1496.000000 2.736322
 1497.000000 2.807852
 1498.000000 2.707171
 1499.000000 2.779056
 1500.000000 2.955651
 1501.000000 2.738876
 1502.000000 2.895410
 1503.000000 2.968794
 1504.000000 2.945112
 1505.000000 3.057958
 1506.000000 2.910583
 1507.000000 2.745503
 1508.000000 2.617486
 1509.000000 2.877405
 1510.000000 2.789012
 1511.000000 2.606824
 1512.000000 2.559005
 1513.000000 2.575642
 1514.000000 2.626090
 1515.000000 2.622946
 1516.000000 2.765377
 1517.000000 2.789277
 1518.000000 2.818589
 1519.000000 2.920725
 1520.000000 2.955974
 1521.000000 2.966445
 1522.000000 3.004452
 1523.000000 2.835674
 1524.000000 2.839455
 1525.000000 2.701026
 1526.000000 2.706124
 1527.000000 2.737255
 1528.000000 3.032717
 1529.000000 3.013084
 1530.000000 3.023275
 1531.000000 3.027654
 1532.000000 3.062050
 1533.000000 3.137134
 1534.000000 3.238916
 1535.000000 2.977364
 1536.000000 3.166624
 1537.000000 3.072880
 1538.000000 3.173438
 1539.000000 3.111021
 1540.000000 3.251195
 1541.000000 3.187167
 1542.000000 3.250690
 1543.000000 3.288921
 1544.000000 3.533002
 1545.000000 3.611670
 1546.000000 3.710089
 1547.000000 3.465633
 1548.000000 3.593206
 1549.000000 3.628963
 1550.000000 3.718185
 1551.000000 3.872849
 1552.000000 3.772162
 1553.000000 3.841508
 1554.000000 3.856990
 1555.000000 3.806610
 1556.000000 3.662897
 1557.000000 3.658442
 1558.000000 3.518064
 1559.000000 3.516588
 1560.000000 3.147584
 1561.000000 2.940091
 1562.000000 3.194724
 1563.000000 3.051474
 1564.000000 3.005080
 1565.000000 3.172176
 1566.000000 3.233898
 1567.000000 3.229793
 1568.000000 3.099213
 1569.000000 3.290725
 1570.000000 3.386966
 1571.000000 3.355653
 1572.000000 3.404010
 1573.000000 3.312527
 1574.000000 3.466034
 1575.000000 3.383300
 1576.000000 3.395256
 1577.000000 3.140421
 1578.000000 3.017406
 1579.000000 3.137219
 1580.000000 3.246008
 1581.000000 3.179968
 1582.000000 3.142935
 1583.000000 2.788959
 1584.000000 3.103196
 1585.000000 3.170834
 1586.000000 3.149501
 1587.000000 3.221934
 1588.000000 3.069147
 1589.000000 3.177648
 1590.000000 3.278782
 1591.000000 3.442287
 1592.000000 3.480564
 1593.000000 3.485938
 1594.000000 3.518298
 1595.000000 3.523920
 1596.000000 3.250895
 1597.000000 3.240207
 1598.000000 3.107252
 1599.000000 2.745045
 1600.000000 2.861969
 1601.000000 2.992337
 1602.000000 2.806484
 1603.000000 2.665370
 1604.000000 2.728913
 1605.000000 2.759810
 1606.000000 2.846105
 1607.000000 2.958949
 1608.000000 3.042648
 1609.000000 3.150337
 1610.000000 3.171814
 1611.000000 3.076235
 1612.000000 2.921635
 1613.000000 2.750266
 1614.000000 2.863709
 1615.000000 2.664222
 1616.000000 2.826225
 1617.000000 2.929035
 1618.000000 2.809223
 1619.000000 2.632930
 1620.000000 2.545997
 1621.000000 2.773769
 1622.000000 2.879394
 1623.000000 2.957848
 1624.000000 2.892541
 1625.000000 2.812205
 1626.000000 2.853543
 1627.000000 2.957185
 1628.000000 2.900541
 1629.000000 2.855143
 1630.000000 2.956539
 1631.000000 2.842132
 1632.000000 2.851613
 1633.000000 2.836051
 1634.000000 2.829634
 1635.000000 2.756912
 1636.000000 2.549322
 1637.000000 2.455449
 1638.000000 2.399666
 1639.000000 2.438396
 1640.000000 2.554171
 1641.000000 2.622649
 1642.000000 2.815574
 1643.000000 2.505259
 1644.000000 2.639521
 1645.000000 2.634079
 1646.000000 2.663201
 1647.000000 2.944624
 1648.000000 2.995186
 1649.000000 3.030544
 1650.000000 3.082060
 1651.000000 3.027060
 1652.000000 2.968664
 1653.000000 2.947205
 1654.000000 3.165700
 1655.000000 3.105361
 1656.000000 3.157158
 1657.000000 3.244286
 1658.000000 2.945962
 1659.000000 3.083870
 1660.000000 3.056314
 1661.000000 3.127076
 1662.000000 3.033878
 1663.000000 2.824794
 1664.000000 2.827377
 1665.000000 2.706274
 1666.000000 2.418091
 1667.000000 2.224959
 1668.000000 2.123252
 1669.000000 2.212697
 1670.000000 1.964784
 1671.000000 1.823357
 1672.000000 1.871998
 1673.000000 2.012348
 1674.000000 1.732620
 1675.000000 1.547477
 1676.000000 1.515968
 1677.000000 1.476923
 1678.000000 1.333239
 1679.000000 2.083178
 1680.000000 2.124707
 1681.000000 2.698259
 1682.000000 2.927703
 1683.000000 2.842983
 1684.000000 2.332818
 1685.000000 1.351081
 1686.000000 1.152162
 1687.000000 1.346572
 1688.000000 1.129659
 1689.000000 1.427363
 1690.000000 3.718476
 1691.000000 3.772147
 1692.000000 3.160756
 1693.000000 3.895334
 1694.000000 3.580133
 1695.000000 3.245033
 1696.000000 2.908242
 1697.000000 2.669873
 1698.000000 2.615092
 1699.000000 1.257236
 1700.000000 1.790512
 1701.000000 1.881736
 1702.000000 3.176901
 1703.000000 3.533687
 1704.000000 4.497112
 1705.000000 4.508549
 1706.000000 2.936910
 1707.000000 2.227530
 1708.000000 2.023543
 1709.000000 3.660710
 1710.000000 3.183957
 1711.000000 3.411250
 1712.000000 3.441908
 1713.000000 3.025174
 1714.000000 3.152805
 1715.000000 4.051639
 1716.000000 3.515180
 1717.000000 4.206322
 1718.000000 3.481409
 1719.000000 3.535031
 1720.000000 4.030022
 1721.000000 4.274854
 1722.000000 3.652790
 1723.000000 3.043377
 1724.000000 2.913406
 1725.000000 1.957426
 1726.000000 2.232899
 1727.000000 1.880834
 1728.000000 1.834150
 1729.000000 2.039455
 1730.000000 1.615401
 1731.000000 1.833052
 1732.000000 1.361687
 1733.000000 1.407356
 1734.000000 1.384974
 1735.000000 1.431686
 1736.000000 1.804329
 1737.000000 1.528238
 1738.000000 1.972238
 1739.000000 2.259846
 1740.000000 1.972270
 1741.000000 1.586865
 1742.000000 3.337280
 1743.000000 1.967692
 1744.000000 2.848312
 1745.000000 1.784642
 1746.000000 1.350219
 1747.000000 2.166218
 1748.000000 3.112199
 1749.000000 2.653806
 1750.000000 2.215812
 1751.000000 2.666258
 1752.000000 2.897855
 1753.000000 2.487002
 1754.000000 2.599038
 1755.000000 2.686497
 1756.000000 1.982981
 1757.000000 1.238365
 1758.000000 1.398660
 1759.000000 1.574517
 1760.000000 1.199499
 1761.000000 1.554606
 1762.000000 1.220771
 1763.000000 1.003935
 1764.000000 0.713630
 1765.000000 1.002312
 1766.000000 1.589121
 1767.000000 1.634026
 1768.000000 1.771721
 1769.000000 1.736808
 1770.000000 3.354835
 1771.000000 4.525781
 1772.000000 4.606846
 1773.000000 3.760959
 1774.000000 3.270852
 1775.000000 2.525355
 1776.000000 3.145563
 1777.000000 2.885609
 1778.000000 3.756621
 1779.000000 2.685489
 1780.000000 2.818832
 1781.000000 3.017202
 1782.000000 3.567725
 1783.000000 3.234431
 1784.000000 4.095383
 1785.000000 2.993101
 1786.000000 2.644271
 1787.000000 2.256038
 1788.000000 2.905888
 1789.000000 3.766379
 1790.000000 3.277337
 1791.000000 3.736306
 1792.000000 3.470438
 1793.000000 3.857815
 1794.000000 3.656429
 1795.000000 3.646386
 1796.000000 3.672775
 1797.000000 3.451431
 1798.000000 3.101798
 1799.000000 2.850174
 1800.000000 3.117370
 1801.000000 2.877530
 1802.000000 3.729477
 1803.000000 3.604782
 1804.000000 2.694498
 1805.000000 2.406776
 1806.000000 2.327329
 1807.000000 2.536826
 1808.000000 2.784215
 1809.000000 2.877330
 1810.000000 3.147456
 1811.000000 3.307502
 1812.000000 3.005215
 1813.000000 2.987068
 1814.000000 2.826062
 1815.000000 2.776546
 1816.000000 2.575294
 1817.000000 2.812606
 1818.000000 2.418969
 1819.000000 2.625010
 1820.000000 2.578183
 1821.000000 2.786401
 1822.000000 2.795427
 1823.000000 2.610802
 1824.000000 2.597926
 1825.000000 2.516086
 1826.000000 2.391527
 1827.000000 2.635596
 1828.000000 2.308066
 1829.000000 2.619244
 1830.000000 1.748725
 1831.000000 1.185886
 1832.000000 3.397078
 1833.000000 3.131817
 1834.000000 2.909173
 1835.000000 3.005263
 1836.000000 1.725962
 1837.000000 2.959950
 1838.000000 2.796657
 1839.000000 3.295959
 1840.000000 3.627094
 1841.000000 3.532738
 1842.000000 3.574544
 1843.000000 3.513265
 1844.000000 3.484221
 1845.000000 3.511052
 1846.000000 3.515008
 1847.000000 3.565756
 1848.000000 3.368633
 1849.000000 3.839412
 1850.000000 3.734507
 1851.000000 3.530810
 1852.000000 3.405214
 1853.000000 3.595686
 1854.000000 3.382188
 1855.000000 3.294619
 1856.000000 3.016112
 1857.000000 3.219954
 1858.000000 2.145839
 1859.000000 2.958902
 1860.000000 3.359887
 1861.000000 3.666979
 1862.000000 3.299740
 1863.000000 3.791742
 1864.000000 2.912471
 1865.000000 3.933252
 1866.000000 2.898968
 1867.000000 2.666458
 1868.000000 2.736159
 1869.000000 2.592209
 1870.000000 2.728105
 1871.000000 3.624705
 1872.000000 3.107695
 1873.000000 3.825249
 1874.000000 4.029645
 1875.000000 3.978407
 1876.000000 3.546449
 1877.000000 3.423019
 1878.000000 3.358929
 1879.000000 3.431502
 1880.000000 3.494060
 1881.000000 3.268088
 1882.000000 3.612247
 1883.000000 3.849460
 1884.000000 3.845453
 1885.000000 3.655361
 1886.000000 3.685911
 1887.000000 3.766550
 1888.000000 3.778450
 1889.000000 3.513672
 1890.000000 3.825968
 1891.000000 4.260739
 1892.000000 3.753883
 1893.000000 3.659377
 1894.000000 3.882939
 1895.000000 4.141915
 1896.000000 4.067674
 1897.000000 4.101006
 1898.000000 4.435449
 1899.000000 3.947981
 1900.000000 3.540732
 1901.000000 3.487515
 1902.000000 3.444972
 1903.000000 3.387019
 1904.000000 1.819770
 1905.000000 2.471777
 1906.000000 2.772476
 1907.000000 3.637274
 1908.000000 3.502580
 1909.000000 3.237708
 1910.000000 3.634719
 1911.000000 2.408773
 1912.000000 3.385097
 1913.000000 3.768826
 1914.000000 3.941159
 1915.000000 2.390917
 1916.000000 2.848670
 1917.000000 3.197350
 1918.000000 3.998735
 1919.000000 2.418021
 1920.000000 0.393763
 1921.000000 0.496616
 1922.000000 0.568221
 1923.000000 1.197947
 1924.000000 1.167873
 1925.000000 1.550374
 1926.000000 2.134707
 1927.000000 1.863704
 1928.000000 2.014244
 1929.000000 1.393585
 1930.000000 1.892836
 1931.000000 1.480542
 1932.000000 2.235396
 1933.000000 2.496004
 1934.000000 2.267387
 1935.000000 2.297928
 1936.000000 2.464258
 1937.000000 2.615529
 1938.000000 2.119794
 1939.000000 2.527399
 1940.000000 2.226604
 1941.000000 2.737440
 1942.000000 2.825420
 1943.000000 2.936449
 1944.000000 2.922439
 1945.000000 2.663706
 1946.000000 2.999537
 1947.000000 2.685615
 1948.000000 2.914966
 1949.000000 2.829798
 1950.000000 3.043471
 1951.000000 2.777552
 1952.000000 3.019850
 1953.000000 2.989084
 1954.000000 2.881928
 1955.000000 2.595412
 1956.000000 2.706725
 1957.000000 2.686364
 1958.000000 2.652461
 1959.000000 2.617315
 1960.000000 2.624137
 1961.000000 2.488210
 1962.000000 2.308561
 1963.000000 2.478732
 1964.000000 2.119972
 1965.000000 3.068585
 1966.000000 2.778409
 1967.000000 1.362164
 1968.000000 2.379175
 1969.000000 3.014537
 1970.000000 2.562791
 1971.000000 1.769419
 1972.000000 2.458048
 1973.000000 1.936253
 1974.000000 1.997079
 1975.000000 1.586871
 1976.000000 1.690899
 1977.000000 0.807048
 1978.000000 1.244685
 1979.000000 2.564724
 1980.000000 1.662318
 1981.000000 3.159388
 1982.000000 3.266622
 1983.000000 4.006869
 1984.000000 3.702365
 1985.000000 3.214025
 1986.000000 2.745521
 1987.000000 3.675581
 1988.000000 3.465554
 1989.000000 3.273977
 1990.000000 3.232895
 1991.000000 3.062608
 1992.000000 3.094387
 1993.000000 3.257558
 1994.000000 3.768071
 1995.000000 2.611742
 1996.000000 1.615421
 1997.000000 3.507278
 1998.000000 2.825869
 1999.000000 2.680046
 2000.000000 3.029415
 2001.000000 2.439149
 2002.000000 2.423743
 2003.000000 2.658431
 2004.000000 2.492878
 2005.000000 2.824483
 2006.000000 2.606588
 2007.000000 2.675141
 2008.000000 2.399672
 2009.000000 3.149027
 2010.000000 2.754288
 2011.000000 2.679549
 2012.000000 2.693355
 2013.000000 2.563939
 2014.000000 2.907981
 2015.000000 3.154063
 2016.000000 2.522129
 2017.000000 2.975120
 2018.000000 3.462264
 2019.000000 4.140745
 2020.000000 3.812424
 2021.000000 3.906570
 2022.000000 3.875444
 2023.000000 3.845329
 2024.000000 3.778415
