#! FIELDS time r5.min
 0.000000 2.315303
 1.000000 2.350232
 2.000000 2.756336
 3.000000 3.471908
 4.000000 2.654686
 5.000000 2.072243
 6.000000 2.079163
 7.000000 2.021131
 8.000000 2.172393
 9.000000 3.298481
 10.000000 2.109521
 11.000000 2.549027
 12.000000 3.782884
 13.000000 3.762500
 14.000000 3.128709
 15.000000 3.324155
 16.000000 3.499254
 17.000000 3.747867
 18.000000 3.488023
 19.000000 3.570149
 20.000000 3.221132
 21.000000 4.038627
 22.000000 4.183980
 23.000000 3.569607
 24.000000 3.371521
 25.000000 0.890285
 26.000000 3.084647
 27.000000 3.999651
 28.000000 3.818505
 29.000000 3.520846
 30.000000 2.318268
 31.000000 2.784073
 32.000000 3.954515
 33.000000 4.515421
 34.000000 2.867017
 35.000000 2.870719
 36.000000 4.465052
 37.000000 4.389524
 38.000000 5.038426
 39.000000 4.222595
 40.000000 4.045166
 41.000000 3.522400
 42.000000 3.397531
 43.000000 4.442410
 44.000000 3.806965
 45.000000 3.127410
 46.000000 3.403007
 47.000000 3.552689
 48.000000 3.568250
 49.000000 3.481809
 50.000000 3.187889
 51.000000 3.253799
 52.000000 2.944177
 53.000000 3.308378
 54.000000 2.787192
 55.000000 2.637032
 56.000000 2.718100
 57.000000 2.791965
 58.000000 2.950748
 59.000000 2.847966
 60.000000 2.748873
 61.000000 2.514999
 62.000000 2.146828
 63.000000 2.272264
 64.000000 2.338570
 65.000000 2.545525
 66.000000 3.526822
 67.000000 4.322374
 68.000000 4.040846
 69.000000 4.314314
 70.000000 4.350785
 71.000000 3.903650
 72.000000 4.463389
 73.000000 4.785808
 74.000000 4.509337
 75.000000 3.276185
 76.000000 4.192411
 77.000000 3.774494
 78.000000 3.367939
 79.000000 3.495119
 80.000000 3.432358
 81.000000 3.529761
 82.000000 3.286015
 83.000000 3.671953
 84.000000 3.293655
 85.000000 3.469421
 86.000000 3.415349
 87.000000 3.514291
 88.000000 3.483237
 89.000000 3.983961
 90.000000 3.828793
 91.000000 3.928521
 92.000000 3.847488
 93.000000 4.173913
 94.000000 4.273543
 95.000000 4.057277
 96.000000 3.697142
 97.000000 3.760291
 98.000000 3.402627
 99.000000 2.640527
 100.000000 3.253323
 101.000000 3.153375
 102.000000 4.082464
 103.000000 3.738112
 104.000000 3.201466
 105.000000 2.553591
 106.000000 3.622736
 107.000000 3.513809
 108.000000 2.823394
 109.000000 2.800376
 110.000000 2.839845
 111.000000 2.995411
 112.000000 3.032562
 113.000000 3.358361
 114.000000 3.530598
 115.000000 3.351773
 116.000000 3.487274
 117.000000 3.435530
 118.000000 3.195389
 119.000000 2.877358
 120.000000 2.979875
 121.000000 3.122170
 122.000000 3.212648
 123.000000 3.065299
 124.000000 3.200597
 125.000000 2.940308
 126.000000 2.773341
 127.000000 2.663370
 128.000000 2.531707
 129.000000 2.011081
 130.000000 1.907201
 131.000000 1.726487
 132.000000 2.005015
 133.000000 2.447212
 134.000000 2.093266
 135.000000 2.422411
 136.000000 2.709392
 137.000000 2.310257
 138.000000 1.878887
 139.000000 1.922508
 140.000000 1.817774
 141.000000 1.770196
 142.000000 3.076866
 143.000000 2.874758
 144.000000 2.425490
 145.000000 2.279259
 146.000000 3.855267
 147.000000 3.887519
 148.000000 3.630137
 149.000000 3.763834
 150.000000 3.584601
 151.000000 3.562108
 152.000000 2.443076
 153.000000 2.889130
 154.000000 3.020229
 155.000000 3.484011
 156.000000 4.250256
 157.000000 3.478728
 158.000000 3.901484
 159.000000 3.665454
 160.000000 3.837817
 161.000000 4.469126
 162.000000 4.202233
 163.000000 4.130127
 164.000000 3.959192
 165.000000 3.510957
 166.000000 2.964613
 167.000000 2.571557
 168.000000 4.338155
 169.000000 3.439827
 170.000000 3.365187
 171.000000 3.193787
 172.000000 3.399608
 173.000000 3.553741
 174.000000 3.478325
 175.000000 3.520436
 176.000000 3.463010
 177.000000 3.375693
 178.000000 3.326361
 179.000000 3.507793
 180.000000 3.444705
 181.000000 3.373606
 182.000000 3.444872
 183.000000 3.257498
 184.000000 3.368765
 185.000000 3.082192
 186.000000 3.166521
 187.000000 3.046140
 188.000000 3.215844
 189.000000 3.200284
 190.000000 3.332153
 191.000000 3.238635
 192.000000 3.468933
 193.000000 3.260341
 194.000000 3.424800
 195.000000 3.470724
 196.000000 3.351326
 197.000000 3.453473
 198.000000 3.213821
 199.000000 3.326737
 200.000000 3.336319
 201.000000 3.419007
 202.000000 3.326262
 203.000000 3.405394
 204.000000 4.082488
 205.000000 3.921974
 206.000000 3.535612
 207.000000 3.617867
 208.000000 3.741237
 209.000000 3.974467
 210.000000 4.159042
 211.000000 4.057324
 212.000000 3.612805
 213.000000 3.682129
 214.000000 3.942698
 215.000000 3.997417
 216.000000 4.164294
 217.000000 3.768586
 218.000000 3.994688
 219.000000 4.133837
 220.000000 3.991687
 221.000000 4.123622
 222.000000 4.086712
 223.000000 4.208277
 224.000000 4.339119
 225.000000 4.492583
 226.000000 4.264593
 227.000000 4.205991
 228.000000 4.214352
 229.000000 4.185738
 230.000000 4.123981
 231.000000 4.157567
 232.000000 4.085666
 233.000000 4.291039
 234.000000 4.371250
 235.000000 4.365026
 236.000000 4.413911
 237.000000 4.425919
 238.000000 4.236019
 239.000000 4.329076
 240.000000 4.471331
 241.000000 4.576458
 242.000000 4.827827
 243.000000 4.708348
 244.000000 3.514083
 245.000000 2.555575
 246.000000 1.460254
 247.000000 1.636557
 248.000000 2.979383
 249.000000 3.428848
 250.000000 3.230285
 251.000000 3.057916
 252.000000 3.641400
 253.000000 3.478673
 254.000000 3.322703
 255.000000 3.308061
 256.000000 2.930534
 257.000000 3.465443
 258.000000 3.134802
 259.000000 2.785043
 260.000000 1.579974
 261.000000 1.073851
 262.000000 2.784890
 263.000000 2.644285
 264.000000 4.512657
 265.000000 2.900484
 266.000000 3.346588
 267.000000 3.796684
 268.000000 2.629903
 269.000000 2.752861
 270.000000 3.087136
 271.000000 3.080260
 272.000000 1.750712
 273.000000 3.394848
 274.000000 3.703686
 275.000000 1.900105
 276.000000 2.943207
 277.000000 3.228837
 278.000000 2.852600
 279.000000 4.352753
 280.000000 1.809029
 281.000000 3.013006
 282.000000 3.397032
 283.000000 3.660823
 284.000000 2.074491
 285.000000 4.058361
 286.000000 3.046873
 287.000000 3.686186
 288.000000 3.971381
 289.000000 2.509195
 290.000000 3.571583
 291.000000 3.787166
 292.000000 4.080079
 293.000000 4.054370
 294.000000 4.163939
 295.000000 3.803268
 296.000000 3.307305
 297.000000 3.656575
 298.000000 2.954874
 299.000000 1.517410
 300.000000 2.015245
 301.000000 1.562765
 302.000000 2.514461
 303.000000 3.496125
 304.000000 4.027433
 305.000000 3.805595
 306.000000 3.850219
 307.000000 3.744255
 308.000000 2.653037
 309.000000 3.241654
 310.000000 2.436424
 311.000000 1.805666
 312.000000 2.541379
 313.000000 3.606272
 314.000000 3.672629
 315.000000 3.418802
 316.000000 3.993001
 317.000000 4.335585
 318.000000 3.483268
 319.000000 2.655476
 320.000000 3.525644
 321.000000 2.481988
 322.000000 2.414322
 323.000000 3.363379
 324.000000 3.365881
 325.000000 4.372693
 326.000000 4.358017
 327.000000 4.091510
 328.000000 2.970680
 329.000000 3.451508
 330.000000 2.563553
 331.000000 3.251237
 332.000000 2.432892
 333.000000 1.539285
 334.000000 2.314691
 335.000000 3.648025
 336.000000 3.614833
 337.000000 3.923564
 338.000000 3.632580
 339.000000 4.304528
 340.000000 3.508787
 341.000000 4.174013
 342.000000 4.083704
 343.000000 3.772289
 344.000000 3.530377
 345.000000 2.953934
 346.000000 2.831012
 347.000000 3.514415
 348.000000 3.284268
 349.000000 2.998397
 350.000000 2.793244
 351.000000 3.133737
 352.000000 3.140957
 353.000000 3.451498
 354.000000 3.726658
 355.000000 3.831214
 356.000000 3.833861
 357.000000 3.434394
 358.000000 3.148026
 359.000000 3.433523
 360.000000 3.820299
 361.000000 3.874269
 362.000000 3.924660
 363.000000 4.145217
 364.000000 4.311293
 365.000000 4.510469
 366.000000 4.493460
 367.000000 4.604783
 368.000000 4.515183
 369.000000 4.625866
 370.000000 4.460174
 371.000000 4.313510
 372.000000 4.416830
 373.000000 4.385571
 374.000000 3.879339
 375.000000 3.895265
 376.000000 4.002287
 377.000000 4.192596
 378.000000 4.035624
 379.000000 4.146436
 380.000000 4.078190
 381.000000 4.133428
 382.000000 4.252172
 383.000000 4.311099
 384.000000 4.353548
 385.000000 4.196349
 386.000000 3.816284
 387.000000 3.957790
 388.000000 4.037090
 389.000000 4.528196
 390.000000 4.466247
 391.000000 4.379719
 392.000000 4.381620
 393.000000 4.387748
 394.000000 4.437165
 395.000000 4.083655
 396.000000 4.074887
 397.000000 3.937430
 398.000000 4.005447
 399.000000 3.907851
 400.000000 4.052647
 401.000000 4.116374
 402.000000 4.184037
 403.000000 4.399448
 404.000000 4.372992
 405.000000 4.223209
 406.000000 4.083030
 407.000000 4.143557
 408.000000 4.276282
 409.000000 4.306979
 410.000000 4.243531
 411.000000 4.383343
 412.000000 4.330445
 413.000000 4.072979
 414.000000 3.845561
 415.000000 4.222777
 416.000000 4.043332
 417.000000 4.111922
 418.000000 4.047444
 419.000000 4.182638
 420.000000 4.766977
 421.000000 3.369347
 422.000000 4.798637
 423.000000 4.956457
 424.000000 4.933104
 425.000000 5.180494
 426.000000 5.368355
 427.000000 5.454681
 428.000000 5.553802
 429.000000 3.839050
 430.000000 5.286598
 431.000000 4.727909
 432.000000 4.756068
 433.000000 4.883871
 434.000000 5.054457
 435.000000 5.255709
 436.000000 5.361662
 437.000000 5.561420
 438.000000 5.489703
 439.000000 5.309671
 440.000000 5.466468
 441.000000 5.309833
 442.000000 5.201300
 443.000000 3.677547
 444.000000 2.865829
 445.000000 2.732631
 446.000000 4.432274
 447.000000 3.527227
 448.000000 3.498007
 449.000000 3.255911
 450.000000 3.848682
 451.000000 4.136410
 452.000000 4.253957
 453.000000 4.798482
 454.000000 4.412081
 455.000000 5.001742
 456.000000 4.112314
 457.000000 2.212605
 458.000000 2.969430
 459.000000 3.666941
 460.000000 3.725054
 461.000000 3.119487
 462.000000 2.202911
 463.000000 2.895309
 464.000000 1.481826
 465.000000 3.206017
 466.000000 4.420119
 467.000000 4.002074
 468.000000 4.582674
 469.000000 4.789725
 470.000000 4.621439
 471.000000 4.398117
 472.000000 4.193140
 473.000000 4.165399
 474.000000 3.343229
 475.000000 4.005000
 476.000000 3.849633
 477.000000 3.060471
 478.000000 1.953423
 479.000000 0.861351
 480.000000 0.585130
 481.000000 0.832273
 482.000000 0.796783
 483.000000 1.817145
 484.000000 2.643294
 485.000000 3.268984
 486.000000 3.943929
 487.000000 4.173768
 488.000000 3.416212
 489.000000 3.759229
 490.000000 4.090032
 491.000000 3.088389
 492.000000 2.879953
 493.000000 3.520000
 494.000000 3.307244
 495.000000 4.269689
 496.000000 4.181754
 497.000000 3.442233
 498.000000 3.764716
 499.000000 3.909936
 500.000000 4.070954
 501.000000 4.496776
 502.000000 3.249466
 503.000000 2.923444
 504.000000 4.176335
 505.000000 2.667804
 506.000000 2.933564
 507.000000 3.163509
 508.000000 2.690709
 509.000000 3.088685
 510.000000 3.685901
 511.000000 3.251284
 512.000000 2.616295
 513.000000 3.633846
 514.000000 3.697530
 515.000000 3.572134
 516.000000 4.361857
 517.000000 3.477765
 518.000000 3.871525
 519.000000 3.115322
 520.000000 3.305842
 521.000000 3.625838
 522.000000 4.541183
 523.000000 3.072935
 524.000000 2.952214
 525.000000 2.514521
 526.000000 0.783342
 527.000000 1.813491
 528.000000 2.502938
 529.000000 2.735524
 530.000000 2.774655
 531.000000 3.842684
 532.000000 3.945791
 533.000000 2.794146
 534.000000 0.853930
 535.000000 0.540644
 536.000000 1.463706
 537.000000 2.483652
 538.000000 3.342956
 539.000000 3.279124
 540.000000 3.409866
 541.000000 2.342311
 542.000000 3.136329
 543.000000 2.045801
 544.000000 2.311257
 545.000000 2.219231
 546.000000 3.462898
 547.000000 3.337458
 548.000000 3.624126
 549.000000 3.639312
 550.000000 2.987664
 551.000000 2.678086
 552.000000 3.000556
 553.000000 3.092164
 554.000000 3.944552
 555.000000 4.036112
 556.000000 3.382418
 557.000000 2.715921
 558.000000 3.027258
 559.000000 2.936146
 560.000000 2.837271
 561.000000 2.922769
 562.000000 3.250360
 563.000000 2.909984
 564.000000 2.722310
 565.000000 2.896555
 566.000000 3.147367
 567.000000 3.110920
 568.000000 3.262116
 569.000000 2.955867
 570.000000 2.614343
 571.000000 2.526326
 572.000000 2.179070
 573.000000 2.026705
 574.000000 2.323351
 575.000000 2.161256
 576.000000 2.073915
 577.000000 1.973423
 578.000000 2.362954
 579.000000 3.386389
 580.000000 2.646632
 581.000000 3.141251
 582.000000 3.334457
 583.000000 3.734394
 584.000000 3.660774
 585.000000 2.716749
 586.000000 3.233593
 587.000000 3.588678
 588.000000 1.975819
 589.000000 2.497022
 590.000000 3.349840
 591.000000 3.660722
 592.000000 4.815719
 593.000000 4.553495
 594.000000 4.319137
 595.000000 4.569278
 596.000000 4.594115
 597.000000 4.815543
 598.000000 4.700705
 599.000000 4.483468
 600.000000 4.600882
 601.000000 5.133350
 602.000000 5.187983
 603.000000 4.918113
 604.000000 4.970344
 605.000000 4.558647
 606.000000 4.746414
 607.000000 4.870001
 608.000000 4.707169
 609.000000 4.596041
 610.000000 4.665502
 611.000000 4.813520
 612.000000 4.729792
 613.000000 4.826963
 614.000000 4.891271
 615.000000 4.999636
 616.000000 5.018728
 617.000000 5.014603
 618.000000 3.864226
 619.000000 5.117728
 620.000000 5.031664
 621.000000 5.184492
 622.000000 5.328256
 623.000000 5.166257
 624.000000 3.550924
 625.000000 5.092496
 626.000000 5.039043
 627.000000 3.405214
 628.000000 5.063934
 629.000000 3.301034
 630.000000 3.525387
 631.000000 3.463334
 632.000000 3.286139
 633.000000 3.504571
 634.000000 5.146744
 635.000000 5.172915
 636.000000 5.157042
 637.000000 3.401587
 638.000000 3.339001
 639.000000 5.146672
 640.000000 5.049228
 641.000000 3.492025
 642.000000 5.252606
 643.000000 3.532110
 644.000000 3.318477
 645.000000 3.615225
 646.000000 5.305148
 647.000000 5.218200
 648.000000 3.904775
 649.000000 3.896072
 650.000000 3.784408
 651.000000 3.666455
 652.000000 3.884421
 653.000000 4.684356
 654.000000 4.962797
 655.000000 4.901815
 656.000000 4.945366
 657.000000 5.014159
 658.000000 4.691153
 659.000000 4.644750
 660.000000 4.487099
 661.000000 4.309646
 662.000000 4.390679
 663.000000 4.310815
 664.000000 4.230589
 665.000000 4.338405
 666.000000 3.909013
 667.000000 3.998202
 668.000000 4.060222
 669.000000 4.176870
 670.000000 4.095926
 671.000000 3.996775
 672.000000 4.043557
 673.000000 4.244070
 674.000000 4.230648
 675.000000 4.256574
 676.000000 4.206211
 677.000000 4.188867
 678.000000 4.284599
 679.000000 4.479720
 680.000000 4.344005
 681.000000 4.170841
 682.000000 4.034955
 683.000000 3.972563
 684.000000 3.990764
 685.000000 4.048252
 686.000000 4.056909
 687.000000 3.869810
 688.000000 3.623434
 689.000000 3.893975
 690.000000 4.068058
 691.000000 4.243541
 692.000000 4.027102
 693.000000 4.132958
 694.000000 3.993661
 695.000000 4.153689
 696.000000 4.066345
 697.000000 4.221229
 698.000000 4.192101
 699.000000 4.211961
 700.000000 4.126565
 701.000000 3.947309
 702.000000 3.754131
 703.000000 3.481040
 704.000000 3.458037
 705.000000 1.834272
 706.000000 2.377193
 707.000000 4.056120
 708.000000 3.925904
 709.000000 4.297916
 710.000000 4.553728
 711.000000 4.124350
 712.000000 3.289365
 713.000000 3.954855
 714.000000 3.440236
 715.000000 3.872059
 716.000000 3.774052
 717.000000 3.931851
 718.000000 3.052582
 719.000000 2.534093
 720.000000 2.896154
 721.000000 1.917320
 722.000000 3.382305
 723.000000 3.844557
 724.000000 2.152364
 725.000000 1.452120
 726.000000 3.070185
 727.000000 2.988126
 728.000000 4.116738
 729.000000 3.478901
 730.000000 3.849581
 731.000000 3.086519
 732.000000 1.872091
 733.000000 2.404099
 734.000000 5.067087
 735.000000 5.060466
 736.000000 4.154385
 737.000000 3.602834
 738.000000 3.881728
 739.000000 3.225189
 740.000000 3.889676
 741.000000 3.395848
 742.000000 4.238339
 743.000000 3.014401
 744.000000 4.211713
 745.000000 3.818400
 746.000000 3.496930
 747.000000 3.346121
 748.000000 3.962061
 749.000000 4.049860
 750.000000 3.599063
 751.000000 3.627711
 752.000000 3.727817
 753.000000 4.062460
 754.000000 3.782242
 755.000000 3.574204
 756.000000 3.098173
 757.000000 3.318914
 758.000000 2.064752
 759.000000 2.340985
 760.000000 2.050369
 761.000000 2.022100
 762.000000 1.101264
 763.000000 1.034036
 764.000000 2.205091
 765.000000 2.180086
 766.000000 2.296189
 767.000000 2.954321
 768.000000 4.019766
 769.000000 3.814607
 770.000000 4.605404
 771.000000 4.715248
 772.000000 4.827453
 773.000000 4.483173
 774.000000 4.116771
 775.000000 2.088978
 776.000000 2.006003
 777.000000 2.503552
 778.000000 2.039707
 779.000000 1.700322
 780.000000 2.782783
 781.000000 2.060645
 782.000000 2.275231
 783.000000 1.394850
 784.000000 1.932486
 785.000000 3.008662
 786.000000 3.770631
 787.000000 2.267082
 788.000000 4.056011
 789.000000 3.016697
 790.000000 4.088941
 791.000000 4.200293
 792.000000 4.284627
 793.000000 3.879664
 794.000000 4.622867
 795.000000 3.828566
 796.000000 3.664876
 797.000000 4.043618
 798.000000 3.902907
 799.000000 3.117246
 800.000000 2.910247
 801.000000 3.527132
 802.000000 2.635478
 803.000000 3.211357
 804.000000 3.249810
 805.000000 3.004535
 806.000000 3.095854
 807.000000 2.607318
 808.000000 2.745788
 809.000000 3.270665
 810.000000 3.097812
 811.000000 3.338249
 812.000000 3.173497
 813.000000 3.099100
 814.000000 3.212700
 815.000000 2.802537
 816.000000 3.505344
 817.000000 4.199341
 818.000000 3.932504
 819.000000 4.145060
 820.000000 4.242446
 821.000000 4.077897
 822.000000 3.920616
 823.000000 3.435236
 824.000000 3.180063
 825.000000 3.233182
 826.000000 2.799167
 827.000000 2.571851
 828.000000 1.886331
 829.000000 2.564712
 830.000000 2.751400
 831.000000 2.852286
 832.000000 2.270909
 833.000000 2.450185
 834.000000 2.427986
 835.000000 2.768012
 836.000000 3.193590
 837.000000 2.694768
 838.000000 3.270747
 839.000000 2.747870
 840.000000 2.919100
 841.000000 3.499560
 842.000000 3.204406
 843.000000 3.461778
 844.000000 4.107932
 845.000000 3.605030
 846.000000 3.404070
 847.000000 3.667100
 848.000000 3.432562
 849.000000 4.064485
 850.000000 4.214588
 851.000000 3.993243
 852.000000 3.395733
 853.000000 3.275048
 854.000000 3.425620
 855.000000 4.454619
 856.000000 4.326192
 857.000000 3.985472
 858.000000 4.083060
 859.000000 4.212177
 860.000000 3.783956
 861.000000 3.936035
 862.000000 3.667283
 863.000000 3.730861
 864.000000 4.202823
 865.000000 3.218301
 866.000000 2.776027
 867.000000 3.651709
 868.000000 3.152323
 869.000000 2.529289
 870.000000 3.047837
 871.000000 3.995702
 872.000000 4.077273
 873.000000 3.328477
 874.000000 3.154561
 875.000000 3.435193
 876.000000 3.027571
 877.000000 3.929003
 878.000000 3.306791
 879.000000 3.588266
 880.000000 2.507643
 881.000000 4.104218
 882.000000 3.098177
 883.000000 4.345510
 884.000000 3.905505
 885.000000 4.439247
 886.000000 4.130432
 887.000000 3.441875
 888.000000 3.700088
 889.000000 3.992147
 890.000000 3.881237
 891.000000 3.151807
 892.000000 3.652554
 893.000000 3.953013
 894.000000 3.953676
 895.000000 3.817339
 896.000000 3.187633
 897.000000 3.130481
 898.000000 3.327175
 899.000000 3.556531
 900.000000 3.146414
 901.000000 3.418027
 902.000000 3.713255
 903.000000 3.947127
 904.000000 4.372828
 905.000000 4.219257
 906.000000 3.339310
 907.000000 2.546043
 908.000000 2.098849
 909.000000 2.214273
 910.000000 2.115355
 911.000000 2.217897
 912.000000 2.190392
 913.000000 2.177501
 914.000000 2.145146
 915.000000 2.070654
 916.000000 2.142357
 917.000000 2.237201
 918.000000 2.137532
 919.000000 2.118270
 920.000000 2.296488
 921.000000 2.440329
 922.000000 2.442084
 923.000000 2.806196
 924.000000 2.884992
 925.000000 2.556898
 926.000000 2.685417
 927.000000 2.625877
 928.000000 2.571541
 929.000000 2.669233
 930.000000 2.780564
 931.000000 2.841869
 932.000000 2.611846
 933.000000 2.584901
 934.000000 2.835755
 935.000000 2.567291
 936.000000 2.466911
 937.000000 2.415680
 938.000000 2.661649
 939.000000 2.760532
 940.000000 2.697595
 941.000000 2.524430
 942.000000 2.566540
 943.000000 2.470660
 944.000000 2.375911
 945.000000 2.210017
 946.000000 2.293633
 947.000000 2.176413
 948.000000 2.091690
 949.000000 2.254006
 950.000000 2.299308
 951.000000 2.227460
 952.000000 2.424709
 953.000000 2.466031
 954.000000 2.679968
 955.000000 2.754317
 956.000000 2.635546
 957.000000 2.750433
 958.000000 2.658399
 959.000000 2.552051
 960.000000 2.604605
 961.000000 2.542288
 962.000000 2.728373
 963.000000 2.676654
 964.000000 2.305805
 965.000000 2.677183
 966.000000 2.595748
 967.000000 2.671290
 968.000000 2.575645
 969.000000 2.699133
 970.000000 2.672346
 971.000000 2.496673
 972.000000 2.501535
 973.000000 2.609752
 974.000000 2.533301
 975.000000 2.458271
 976.000000 2.594561
 977.000000 2.339788
 978.000000 3.220598
 979.000000 3.179578
 980.000000 2.765790
 981.000000 1.921522
 982.000000 3.709771
 983.000000 3.069471
 984.000000 2.731973
 985.000000 3.982823
 986.000000 3.341823
 987.000000 3.927587
 988.000000 3.525150
 989.000000 3.105602
 990.000000 2.796619
 991.000000 2.988948
 992.000000 4.368270
 993.000000 4.377543
 994.000000 4.074587
 995.000000 3.371100
 996.000000 3.818314
 997.000000 3.699346
 998.000000 2.059368
 999.000000 2.615338
 1000.000000 2.696444
 1001.000000 1.900409
 1002.000000 1.409428
 1003.000000 1.532451
 1004.000000 1.885644
 1005.000000 1.868047
 1006.000000 1.752291
 1007.000000 1.765049
 1008.000000 1.476776
 1009.000000 1.762071
 1010.000000 1.412627
 1011.000000 1.228073
 1012.000000 2.092661
 1013.000000 2.258917
 1014.000000 2.238681
 1015.000000 2.535728
 1016.000000 2.658646
 1017.000000 2.722624
 1018.000000 2.389053
 1019.000000 2.496146
 1020.000000 2.242230
 1021.000000 2.309098
 1022.000000 2.244520
 1023.000000 2.156667
 1024.000000 1.981760
 1025.000000 1.958786
 1026.000000 1.948915
 1027.000000 2.083933
 1028.000000 1.980515
 1029.000000 1.950727
 1030.000000 1.775118
 1031.000000 2.085033
 1032.000000 1.817901
 1033.000000 1.901138
 1034.000000 1.776647
 1035.000000 1.812517
 1036.000000 1.862958
 1037.000000 1.808584
 1038.000000 1.655285
 1039.000000 1.548019
 1040.000000 1.979965
 1041.000000 3.014955
 1042.000000 2.905487
 1043.000000 3.697045
 1044.000000 3.366175
 1045.000000 3.638410
 1046.000000 3.913855
 1047.000000 4.183537
 1048.000000 4.531964
 1049.000000 4.187699
 1050.000000 4.504645
 1051.000000 4.140083
 1052.000000 3.809255
 1053.000000 3.310911
 1054.000000 3.441379
 1055.000000 4.172651
 1056.000000 3.661400
 1057.000000 3.858793
 1058.000000 3.595200
 1059.000000 3.534069
 1060.000000 4.048501
 1061.000000 4.342219
 1062.000000 4.264884
 1063.000000 4.328865
 1064.000000 4.664438
 1065.000000 4.477636
 1066.000000 4.410089
 1067.000000 3.965373
 1068.000000 4.259075
 1069.000000 4.388480
 1070.000000 4.364838
 1071.000000 4.484178
 1072.000000 3.822176
 1073.000000 3.949033
 1074.000000 3.046800
 1075.000000 3.093244
 1076.000000 2.076101
 1077.000000 2.278874
 1078.000000 3.227651
 1079.000000 3.907903
 1080.000000 3.216547
 1081.000000 1.308844
 1082.000000 1.492878
 1083.000000 3.269757
 1084.000000 3.599484
 1085.000000 2.781206
 1086.000000 4.070173
 1087.000000 4.037796
 1088.000000 2.795031
 1089.000000 4.917593
 1090.000000 4.782907
 1091.000000 4.014589
 1092.000000 3.614328
 1093.000000 4.083301
 1094.000000 3.608229
 1095.000000 3.169378
 1096.000000 3.173617
 1097.000000 3.798811
 1098.000000 3.700394
 1099.000000 3.571510
 1100.000000 3.512067
 1101.000000 3.140058
 1102.000000 1.888946
 1103.000000 1.304253
 1104.000000 1.453328
 1105.000000 2.982148
 1106.000000 2.365663
 1107.000000 1.878315
 1108.000000 1.473646
 1109.000000 1.413189
 1110.000000 1.953749
 1111.000000 1.775011
 1112.000000 1.503314
 1113.000000 1.853313
 1114.000000 1.567835
 1115.000000 1.798628
 1116.000000 1.597466
 1117.000000 1.102663
 1118.000000 1.803311
 1119.000000 1.960130
 1120.000000 1.231697
 1121.000000 1.282257
 1122.000000 1.768303
 1123.000000 2.186465
 1124.000000 1.731720
 1125.000000 2.148041
 1126.000000 2.347866
 1127.000000 2.066883
 1128.000000 2.383854
 1129.000000 2.577606
 1130.000000 2.616739
 1131.000000 2.621156
 1132.000000 2.555541
 1133.000000 2.540277
 1134.000000 2.197861
 1135.000000 2.259257
 1136.000000 2.258778
 1137.000000 2.320714
 1138.000000 2.110406
 1139.000000 2.274120
 1140.000000 2.150779
 1141.000000 2.101733
 1142.000000 1.852989
 1143.000000 1.920484
 1144.000000 1.700546
 1145.000000 1.833003
 1146.000000 1.809726
 1147.000000 1.818520
 1148.000000 1.766749
 1149.000000 1.699551
 1150.000000 1.695342
 1151.000000 2.125147
 1152.000000 1.994540
 1153.000000 2.083262
 1154.000000 2.159149
 1155.000000 2.350732
 1156.000000 2.170789
 1157.000000 2.160294
 1158.000000 2.036371
 1159.000000 2.171046
 1160.000000 2.215426
 1161.000000 2.143843
 1162.000000 2.117988
 1163.000000 2.053688
 1164.000000 1.959933
 1165.000000 2.139010
 1166.000000 2.082553
 1167.000000 2.044046
 1168.000000 2.149563
 1169.000000 2.471151
 1170.000000 2.588431
 1171.000000 2.229248
 1172.000000 2.150799
 1173.000000 2.115964
 1174.000000 2.163827
 1175.000000 1.929493
 1176.000000 1.967504
 1177.000000 2.119919
 1178.000000 1.929273
 1179.000000 1.953136
 1180.000000 1.793902
 1181.000000 1.846632
 1182.000000 1.751230
 1183.000000 1.789107
 1184.000000 1.821669
 1185.000000 1.689566
 1186.000000 1.649667
 1187.000000 1.545985
 1188.000000 1.467514
 1189.000000 1.515143
 1190.000000 1.690984
 1191.000000 1.529856
 1192.000000 1.493858
 1193.000000 1.675535
 1194.000000 1.687968
 1195.000000 1.458875
 1196.000000 1.706789
 1197.000000 1.810256
 1198.000000 1.618498
 1199.000000 1.468927
 1200.000000 1.589699
 1201.000000 1.727940
 1202.000000 1.657239
 1203.000000 1.589633
 1204.000000 1.695815
 1205.000000 1.588565
 1206.000000 1.602458
 1207.000000 1.675220
 1208.000000 1.719873
 1209.000000 1.576801
 1210.000000 1.871228
 1211.000000 1.786108
 1212.000000 1.570980
 1213.000000 1.629198
 1214.000000 1.646695
 1215.000000 1.905713
 1216.000000 1.827235
 1217.000000 1.895965
 1218.000000 1.980193
 1219.000000 1.777134
 1220.000000 1.721970
 1221.000000 1.954670
 1222.000000 1.927796
 1223.000000 1.931991
 1224.000000 2.077996
 1225.000000 2.009750
 1226.000000 2.115071
 1227.000000 2.070880
 1228.000000 2.297204
 1229.000000 2.193861
 1230.000000 2.176063
 1231.000000 2.084081
 1232.000000 2.253835
 1233.000000 2.285429
 1234.000000 2.372631
 1235.000000 2.376483
 1236.000000 2.416503
 1237.000000 2.472663
 1238.000000 2.315235
 1239.000000 2.220509
 1240.000000 2.302849
 1241.000000 2.335854
 1242.000000 2.196236
 1243.000000 2.246042
 1244.000000 2.188085
 1245.000000 2.194384
 1246.000000 2.140243
 1247.000000 2.166955
 1248.000000 2.164529
 1249.000000 2.132119
 1250.000000 2.081155
 1251.000000 2.225050
 1252.000000 2.195711
 1253.000000 2.145769
 1254.000000 2.025265
 1255.000000 2.063033
 1256.000000 2.066287
 1257.000000 2.072232
 1258.000000 2.082445
 1259.000000 2.079293
 1260.000000 1.997722
 1261.000000 2.027408
 1262.000000 2.094039
 1263.000000 2.145085
 1264.000000 2.157352
 1265.000000 2.088092
 1266.000000 1.995268
 1267.000000 2.036858
 1268.000000 1.942708
 1269.000000 1.942615
 1270.000000 1.849711
 1271.000000 1.829984
 1272.000000 1.968925
 1273.000000 1.965571
 1274.000000 2.055670
 1275.000000 2.196056
 1276.000000 2.101536
 1277.000000 2.004973
 1278.000000 2.062548
 1279.000000 2.307690
 1280.000000 2.108373
 1281.000000 2.252690
 1282.000000 2.247495
 1283.000000 2.202807
 1284.000000 2.134896
 1285.000000 2.027717
 1286.000000 2.185919
 1287.000000 2.069731
 1288.000000 2.104127
 1289.000000 2.104010
 1290.000000 2.233981
 1291.000000 1.913862
 1292.000000 1.895714
 1293.000000 1.983261
 1294.000000 1.948832
 1295.000000 2.258492
 1296.000000 2.237646
 1297.000000 2.205552
 1298.000000 2.210846
 1299.000000 1.691751
 1300.000000 1.959167
 1301.000000 2.130421
 1302.000000 2.049748
 1303.000000 2.122016
 1304.000000 1.921738
 1305.000000 2.105562
 1306.000000 2.037713
 1307.000000 1.943916
 1308.000000 1.733408
 1309.000000 2.030010
 1310.000000 1.838707
 1311.000000 2.054407
 1312.000000 2.047017
 1313.000000 2.057942
 1314.000000 2.128210
 1315.000000 2.297084
 1316.000000 2.650295
 1317.000000 2.190240
 1318.000000 2.193173
 1319.000000 2.033437
 1320.000000 2.024227
 1321.000000 2.211503
 1322.000000 1.813866
 1323.000000 1.868858
 1324.000000 1.879189
 1325.000000 2.002253
 1326.000000 1.856271
 1327.000000 2.025658
 1328.000000 2.027972
 1329.000000 2.265789
 1330.000000 2.491556
 1331.000000 2.045336
 1332.000000 2.068070
 1333.000000 2.206468
 1334.000000 2.048797
 1335.000000 1.923905
 1336.000000 2.318530
 1337.000000 2.296984
 1338.000000 2.204038
 1339.000000 2.110653
 1340.000000 2.120855
 1341.000000 2.077955
 1342.000000 2.426886
 1343.000000 2.424075
 1344.000000 2.604890
 1345.000000 2.920368
 1346.000000 2.872579
 1347.000000 2.756932
 1348.000000 2.741736
 1349.000000 2.729183
 1350.000000 2.590588
 1351.000000 2.811428
 1352.000000 3.026503
 1353.000000 3.652936
 1354.000000 3.495871
 1355.000000 3.426541
 1356.000000 3.418933
 1357.000000 3.313465
 1358.000000 3.027033
 1359.000000 3.523301
 1360.000000 3.857884
 1361.000000 4.099636
 1362.000000 3.952455
 1363.000000 4.136964
 1364.000000 4.562277
 1365.000000 5.069034
 1366.000000 4.967666
 1367.000000 5.119763
 1368.000000 5.135388
 1369.000000 5.078559
 1370.000000 4.671755
 1371.000000 4.681356
 1372.000000 4.797634
 1373.000000 4.602516
 1374.000000 4.618700
 1375.000000 4.891271
 1376.000000 4.615763
 1377.000000 4.403744
 1378.000000 4.849023
 1379.000000 4.601498
 1380.000000 4.252767
 1381.000000 4.433637
 1382.000000 4.250032
 1383.000000 4.686306
 1384.000000 4.661836
 1385.000000 4.390094
 1386.000000 4.108368
 1387.000000 4.537071
 1388.000000 4.721996
 1389.000000 4.364698
 1390.000000 4.607325
 1391.000000 4.724754
 1392.000000 5.179487
 1393.000000 5.231752
 1394.000000 5.038580
 1395.000000 5.119330
 1396.000000 4.941353
 1397.000000 4.865306
 1398.000000 4.795620
 1399.000000 4.686779
 1400.000000 4.589969
 1401.000000 4.565318
 1402.000000 4.808185
 1403.000000 4.701167
 1404.000000 4.720199
 1405.000000 4.391578
 1406.000000 4.579320
 1407.000000 4.522712
 1408.000000 4.087782
 1409.000000 4.121293
 1410.000000 4.014607
 1411.000000 3.347175
 1412.000000 3.474782
 1413.000000 3.567418
 1414.000000 3.480710
 1415.000000 3.309175
 1416.000000 2.743898
 1417.000000 3.246148
 1418.000000 3.138447
 1419.000000 3.301314
 1420.000000 3.719682
 1421.000000 3.770351
 1422.000000 3.708224
 1423.000000 3.637254
 1424.000000 3.056917
 1425.000000 3.400102
 1426.000000 2.977601
 1427.000000 3.317478
 1428.000000 3.698022
 1429.000000 3.212618
 1430.000000 3.233560
 1431.000000 3.176331
 1432.000000 2.835664
 1433.000000 3.025573
 1434.000000 3.868870
 1435.000000 3.373511
 1436.000000 3.881737
 1437.000000 3.676179
 1438.000000 3.275196
 1439.000000 3.522873
 1440.000000 3.325775
 1441.000000 3.084535
 1442.000000 3.184001
 1443.000000 3.214775
 1444.000000 3.383064
 1445.000000 3.492931
 1446.000000 3.405538
 1447.000000 3.307739
 1448.000000 3.300021
 1449.000000 3.607905
 1450.000000 3.344778
 1451.000000 4.072472
 1452.000000 4.301191
 1453.000000 4.477778
 1454.000000 4.364271
 1455.000000 4.423826
 1456.000000 4.398452
 1457.000000 4.106001
 1458.000000 4.214026
 1459.000000 4.294116
 1460.000000 4.440065
 1461.000000 4.290173
 1462.000000 4.294208
 1463.000000 4.012245
 1464.000000 4.239289
 1465.000000 4.243471
 1466.000000 4.414779
 1467.000000 4.553301
 1468.000000 4.571561
 1469.000000 4.471400
 1470.000000 4.491741
 1471.000000 4.418147
 1472.000000 4.516923
 1473.000000 4.671504
 1474.000000 4.362437
 1475.000000 4.425138
 1476.000000 4.306705
 1477.000000 4.085967
 1478.000000 4.206736
 1479.000000 4.139416
 1480.000000 4.377372
 1481.000000 4.133936
 1482.000000 4.133657
 1483.000000 4.287261
 1484.000000 4.361570
 1485.000000 4.241017
 1486.000000 3.893023
 1487.000000 3.585506
 1488.000000 3.358701
 1489.000000 3.436494
 1490.000000 3.646800
 1491.000000 4.098073
 1492.000000 4.281889
 1493.000000 3.597304
 1494.000000 4.254256
 1495.000000 4.541968
 1496.000000 4.542297
 1497.000000 4.537418
 1498.000000 4.516877
 1499.000000 4.571313
 1500.000000 4.670468
 1501.000000 4.515552
 1502.000000 4.686053
 1503.000000 4.743214
 1504.000000 4.763994
 1505.000000 4.645969
 1506.000000 4.645830
 1507.000000 4.429730
 1508.000000 4.150106
 1509.000000 4.133446
 1510.000000 4.083231
 1511.000000 3.791892
 1512.000000 3.636210
 1513.000000 3.769429
 1514.000000 4.278740
 1515.000000 4.117460
 1516.000000 4.243372
 1517.000000 4.504340
 1518.000000 4.494270
 1519.000000 4.361021
 1520.000000 4.415512
 1521.000000 4.345358
 1522.000000 3.915767
 1523.000000 3.369930
 1524.000000 3.441568
 1525.000000 3.473063
 1526.000000 2.903187
 1527.000000 2.946951
 1528.000000 3.113501
 1529.000000 3.187161
 1530.000000 3.221652
 1531.000000 3.400155
 1532.000000 3.736285
 1533.000000 3.988526
 1534.000000 4.504106
 1535.000000 4.504187
 1536.000000 4.440366
 1537.000000 4.599897
 1538.000000 4.594558
 1539.000000 4.338076
 1540.000000 4.512416
 1541.000000 4.648930
 1542.000000 4.651341
 1543.000000 4.546308
 1544.000000 4.868240
 1545.000000 4.569674
 1546.000000 4.686329
 1547.000000 4.624303
 1548.000000 4.756370
 1549.000000 5.149338
 1550.000000 5.234866
 1551.000000 5.394153
 1552.000000 5.333839
 1553.000000 5.368638
 1554.000000 5.371946
 1555.000000 5.176632
 1556.000000 5.150319
 1557.000000 5.136797
 1558.000000 4.880021
 1559.000000 4.563721
 1560.000000 4.131913
 1561.000000 3.802899
 1562.000000 3.067664
 1563.000000 3.422344
 1564.000000 3.678694
 1565.000000 3.454077
 1566.000000 3.764000
 1567.000000 3.625565
 1568.000000 3.054480
 1569.000000 2.818842
 1570.000000 3.437486
 1571.000000 3.222375
 1572.000000 3.266672
 1573.000000 3.695862
 1574.000000 3.774385
 1575.000000 3.466470
 1576.000000 3.594151
 1577.000000 3.835295
 1578.000000 3.358764
 1579.000000 3.668679
 1580.000000 3.489721
 1581.000000 3.441695
 1582.000000 3.255077
 1583.000000 3.077521
 1584.000000 3.037691
 1585.000000 2.982749
 1586.000000 2.951589
 1587.000000 2.822807
 1588.000000 2.624175
 1589.000000 2.711734
 1590.000000 3.083574
 1591.000000 3.280344
 1592.000000 3.584392
 1593.000000 3.631212
 1594.000000 3.443577
 1595.000000 3.622641
 1596.000000 3.979431
 1597.000000 3.873375
 1598.000000 4.244766
 1599.000000 4.216052
 1600.000000 4.159093
 1601.000000 3.879118
 1602.000000 3.840409
 1603.000000 3.973465
 1604.000000 4.009147
 1605.000000 3.973035
 1606.000000 3.996067
 1607.000000 4.276954
 1608.000000 4.234167
 1609.000000 4.367879
 1610.000000 4.258243
 1611.000000 4.220169
 1612.000000 3.547018
 1613.000000 3.746421
 1614.000000 3.880147
 1615.000000 3.490385
 1616.000000 3.519935
 1617.000000 3.162495
 1618.000000 3.014078
 1619.000000 2.890444
 1620.000000 2.832497
 1621.000000 2.942230
 1622.000000 2.932023
 1623.000000 2.883544
 1624.000000 3.132713
 1625.000000 3.625477
 1626.000000 3.587160
 1627.000000 3.300922
 1628.000000 3.364185
 1629.000000 3.557602
 1630.000000 3.149157
 1631.000000 3.547551
 1632.000000 3.121377
 1633.000000 2.963453
 1634.000000 3.219976
 1635.000000 2.985780
 1636.000000 2.995951
 1637.000000 3.087255
 1638.000000 2.999981
 1639.000000 2.685543
 1640.000000 2.462066
 1641.000000 2.290525
 1642.000000 2.301990
 1643.000000 2.214266
 1644.000000 2.975030
 1645.000000 2.764226
 1646.000000 3.018564
 1647.000000 2.883344
 1648.000000 3.176287
 1649.000000 3.277069
 1650.000000 3.354544
 1651.000000 3.382367
 1652.000000 3.360528
 1653.000000 3.513026
 1654.000000 3.683340
 1655.000000 3.317303
 1656.000000 3.396805
 1657.000000 3.463747
 1658.000000 3.138376
 1659.000000 2.909279
 1660.000000 3.040623
 1661.000000 2.989872
 1662.000000 3.483092
 1663.000000 3.269367
 1664.000000 3.265743
 1665.000000 2.807876
 1666.000000 2.467216
 1667.000000 2.270921
 1668.000000 2.568970
 1669.000000 2.359777
 1670.000000 2.198607
 1671.000000 2.378624
 1672.000000 2.142909
 1673.000000 2.625633
 1674.000000 2.782365
 1675.000000 2.751212
 1676.000000 2.044072
 1677.000000 1.928695
 1678.000000 1.847943
 1679.000000 3.015537
 1680.000000 3.168370
 1681.000000 3.484777
 1682.000000 3.202445
 1683.000000 3.133861
 1684.000000 2.761224
 1685.000000 1.882339
 1686.000000 1.485539
 1687.000000 1.352541
 1688.000000 1.669426
 1689.000000 1.859218
 1690.000000 3.956147
 1691.000000 4.499684
 1692.000000 3.747876
 1693.000000 4.706997
 1694.000000 4.022016
 1695.000000 3.756715
 1696.000000 3.214214
 1697.000000 3.783555
 1698.000000 3.878252
 1699.000000 2.900112
 1700.000000 2.621980
 1701.000000 3.163447
 1702.000000 4.328418
 1703.000000 4.814763
 1704.000000 4.287800
 1705.000000 4.319687
 1706.000000 3.902395
 1707.000000 3.896226
 1708.000000 3.310441
 1709.000000 2.730158
 1710.000000 3.256171
 1711.000000 3.500341
 1712.000000 3.739012
 1713.000000 3.977435
 1714.000000 3.349342
 1715.000000 3.972722
 1716.000000 3.886053
 1717.000000 3.855337
 1718.000000 4.448875
 1719.000000 4.538227
 1720.000000 4.720817
 1721.000000 3.651110
 1722.000000 3.530530
 1723.000000 2.636250
 1724.000000 1.382261
 1725.000000 0.305178
 1726.000000 0.925023
 1727.000000 0.801329
 1728.000000 0.768793
 1729.000000 0.962360
 1730.000000 0.811360
 1731.000000 0.641712
 1732.000000 0.634010
 1733.000000 0.731554
 1734.000000 0.782789
 1735.000000 0.975159
 1736.000000 0.422125
 1737.000000 1.254833
 1738.000000 1.170552
 1739.000000 1.265000
 1740.000000 1.067408
 1741.000000 1.158967
 1742.000000 3.245813
 1743.000000 1.318234
 1744.000000 1.763909
 1745.000000 0.943907
 1746.000000 1.032979
 1747.000000 0.826125
 1748.000000 2.002155
 1749.000000 1.321212
 1750.000000 0.249308
 1751.000000 0.594742
 1752.000000 1.869459
 1753.000000 2.904136
 1754.000000 1.613541
 1755.000000 3.625056
 1756.000000 3.290133
 1757.000000 3.568618
 1758.000000 3.776463
 1759.000000 3.947338
 1760.000000 3.638934
 1761.000000 3.638338
 1762.000000 3.167439
 1763.000000 2.959166
 1764.000000 2.332833
 1765.000000 2.670506
 1766.000000 1.501420
 1767.000000 1.671582
 1768.000000 1.083487
 1769.000000 2.086265
 1770.000000 2.934995
 1771.000000 4.306832
 1772.000000 4.317332
 1773.000000 4.427995
 1774.000000 3.096163
 1775.000000 3.403835
 1776.000000 4.090085
 1777.000000 3.601916
 1778.000000 2.801322
 1779.000000 3.703991
 1780.000000 4.180206
 1781.000000 3.147732
 1782.000000 4.891780
 1783.000000 3.388393
 1784.000000 5.247864
 1785.000000 3.704323
 1786.000000 3.426721
 1787.000000 3.521089
 1788.000000 2.353613
 1789.000000 3.463350
 1790.000000 2.114498
 1791.000000 2.625327
 1792.000000 2.299152
 1793.000000 3.347733
 1794.000000 2.877152
 1795.000000 2.227173
 1796.000000 2.785234
 1797.000000 2.990522
 1798.000000 1.744228
 1799.000000 3.254723
 1800.000000 3.289699
 1801.000000 2.823488
 1802.000000 3.730845
 1803.000000 4.132384
 1804.000000 3.841447
 1805.000000 3.563828
 1806.000000 2.358417
 1807.000000 3.338243
 1808.000000 3.520364
 1809.000000 3.368832
 1810.000000 3.655079
 1811.000000 3.759010
 1812.000000 3.963678
 1813.000000 3.729594
 1814.000000 3.792103
 1815.000000 3.921312
 1816.000000 3.920324
 1817.000000 4.154282
 1818.000000 3.452978
 1819.000000 3.623432
 1820.000000 3.328496
 1821.000000 3.403566
 1822.000000 3.358804
 1823.000000 3.494563
 1824.000000 3.251786
 1825.000000 3.315256
 1826.000000 3.028515
 1827.000000 3.320548
 1828.000000 3.726570
 1829.000000 3.705084
 1830.000000 3.079465
 1831.000000 3.075945
 1832.000000 3.088777
 1833.000000 2.850514
 1834.000000 2.818789
 1835.000000 2.822533
 1836.000000 3.411839
 1837.000000 3.676786
 1838.000000 2.991546
 1839.000000 2.853861
 1840.000000 3.605233
 1841.000000 3.724916
 1842.000000 3.739020
 1843.000000 3.588230
 1844.000000 3.980845
 1845.000000 3.831553
 1846.000000 3.934554
 1847.000000 3.981116
 1848.000000 3.875384
 1849.000000 4.439273
 1850.000000 4.365190
 1851.000000 4.142495
 1852.000000 4.037384
 1853.000000 3.539262
 1854.000000 4.013622
 1855.000000 3.305788
 1856.000000 3.115386
 1857.000000 2.889980
 1858.000000 2.493846
 1859.000000 3.194719
 1860.000000 3.177113
 1861.000000 3.564088
 1862.000000 3.513396
 1863.000000 3.467947
 1864.000000 2.188178
 1865.000000 3.575862
 1866.000000 2.837483
 1867.000000 2.569469
 1868.000000 3.559443
 1869.000000 2.968202
 1870.000000 2.494913
 1871.000000 3.444711
 1872.000000 3.975543
 1873.000000 4.421202
 1874.000000 3.663492
 1875.000000 3.750576
 1876.000000 3.688858
 1877.000000 3.633107
 1878.000000 3.675586
 1879.000000 3.652052
 1880.000000 3.583731
 1881.000000 3.555606
 1882.000000 3.750838
 1883.000000 4.422069
 1884.000000 4.267171
 1885.000000 4.103690
 1886.000000 4.153092
 1887.000000 4.270011
 1888.000000 4.217200
 1889.000000 3.915906
 1890.000000 4.367030
 1891.000000 4.171667
 1892.000000 4.662723
 1893.000000 4.452271
 1894.000000 5.027550
 1895.000000 5.262294
 1896.000000 5.325367
 1897.000000 5.281321
 1898.000000 4.293791
 1899.000000 4.722340
 1900.000000 4.162648
 1901.000000 4.372062
 1902.000000 4.503808
 1903.000000 4.504536
 1904.000000 2.024038
 1905.000000 2.420391
 1906.000000 3.305589
 1907.000000 3.094042
 1908.000000 2.971828
 1909.000000 1.512161
 1910.000000 2.214323
 1911.000000 4.078142
 1912.000000 4.200199
 1913.000000 3.028318
 1914.000000 2.867647
 1915.000000 3.725292
 1916.000000 4.080149
 1917.000000 3.311327
 1918.000000 4.138885
 1919.000000 3.722394
 1920.000000 2.078535
 1921.000000 2.465893
 1922.000000 2.864433
 1923.000000 3.196256
 1924.000000 3.385484
 1925.000000 3.603331
 1926.000000 3.218025
 1927.000000 3.134411
 1928.000000 2.525733
 1929.000000 0.923167
 1930.000000 1.802748
 1931.000000 2.637304
 1932.000000 2.426928
 1933.000000 2.301717
 1934.000000 1.838968
 1935.000000 1.929068
 1936.000000 2.461247
 1937.000000 2.444582
 1938.000000 1.814288
 1939.000000 2.207989
 1940.000000 1.911531
 1941.000000 2.793851
 1942.000000 2.679922
 1943.000000 2.899092
 1944.000000 2.984831
 1945.000000 2.815649
 1946.000000 2.946354
 1947.000000 2.780164
 1948.000000 2.936809
 1949.000000 2.740570
 1950.000000 3.042342
 1951.000000 2.671153
 1952.000000 2.951970
 1953.000000 3.020909
 1954.000000 2.958789
 1955.000000 2.631926
 1956.000000 2.644854
 1957.000000 2.693703
 1958.000000 2.725335
 1959.000000 3.207874
 1960.000000 3.283342
 1961.000000 3.091429
 1962.000000 3.445021
 1963.000000 3.217795
 1964.000000 3.197875
 1965.000000 3.282039
 1966.000000 3.620681
 1967.000000 3.284146
 1968.000000 3.559028
 1969.000000 3.875430
 1970.000000 2.883474
 1971.000000 2.289461
 1972.000000 1.287366
 1973.000000 3.217671
 1974.000000 1.575518
 1975.000000 1.233721
 1976.000000 2.023817
 1977.000000 1.989283
 1978.000000 1.240498
 1979.000000 1.716382
 1980.000000 1.464221
 1981.000000 3.554048
 1982.000000 3.537882
 1983.000000 4.293143
 1984.000000 3.846946
 1985.000000 3.889021
 1986.000000 3.265483
 1987.000000 3.446993
 1988.000000 3.050085
 1989.000000 2.903678
 1990.000000 2.811347
 1991.000000 2.600573
 1992.000000 3.457820
 1993.000000 3.308950
 1994.000000 3.819964
 1995.000000 2.873892
 1996.000000 2.120484
 1997.000000 3.266803
 1998.000000 2.384633
 1999.000000 1.923626
 2000.000000 2.593558
 2001.000000 2.396295
 2002.000000 2.613478
 2003.000000 2.682933
 2004.000000 3.000726
 2005.000000 3.363783
 2006.000000 3.146326
 2007.000000 3.038169
 2008.000000 2.867929
 2009.000000 3.669031
 2010.000000 3.446302
 2011.000000 3.190844
 2012.000000 3.136822
 2013.000000 2.504266
 2014.000000 3.007966
 2015.000000 3.143420
 2016.000000 2.867700
 2017.000000 3.006633
 2018.000000 3.923179
 2019.000000 4.209647
 2020.000000 3.800560
 2021.000000 3.988706
 2022.000000 3.921273
 2023.000000 4.069766
 2024.000000 4.326379
