#! FIELDS time r17.min
 0.000000 2.375115
 1.000000 2.766462
 2.000000 1.991964
 3.000000 2.073535
 4.000000 1.581563
 5.000000 0.158799
 6.000000 0.158181
 7.000000 0.286621
 8.000000 0.290659
 9.000000 1.459612
 10.000000 2.168961
 11.000000 1.860585
 12.000000 3.557691
 13.000000 4.014461
 14.000000 3.409502
 15.000000 3.828216
 16.000000 3.903860
 17.000000 3.992329
 18.000000 3.747670
 19.000000 3.529898
 20.000000 3.586302
 21.000000 3.611639
 22.000000 3.403686
 23.000000 3.494789
 24.000000 3.940246
 25.000000 2.459901
 26.000000 2.191891
 27.000000 2.458286
 28.000000 2.458665
 29.000000 2.322756
 30.000000 1.838257
 31.000000 2.474462
 32.000000 3.543364
 33.000000 3.634849
 34.000000 1.856556
 35.000000 2.702421
 36.000000 3.308509
 37.000000 3.225730
 38.000000 4.286092
 39.000000 3.476707
 40.000000 3.782717
 41.000000 3.558616
 42.000000 4.029755
 43.000000 3.552316
 44.000000 2.242260
 45.000000 1.694273
 46.000000 2.166730
 47.000000 2.292818
 48.000000 2.351630
 49.000000 2.618141
 50.000000 2.093494
 51.000000 2.163299
 52.000000 2.130013
 53.000000 2.456035
 54.000000 1.784507
 55.000000 1.506397
 56.000000 1.673717
 57.000000 1.400946
 58.000000 1.947367
 59.000000 1.989842
 60.000000 2.021526
 61.000000 1.825142
 62.000000 1.873203
 63.000000 1.662784
 64.000000 1.985358
 65.000000 1.362994
 66.000000 2.505474
 67.000000 3.489236
 68.000000 3.256467
 69.000000 3.587929
 70.000000 3.492978
 71.000000 2.893823
 72.000000 3.562110
 73.000000 4.122227
 74.000000 3.777045
 75.000000 2.710249
 76.000000 4.074636
 77.000000 3.594562
 78.000000 2.478041
 79.000000 3.642658
 80.000000 3.588556
 81.000000 3.730409
 82.000000 3.446330
 83.000000 3.456766
 84.000000 3.180269
 85.000000 2.367427
 86.000000 2.584180
 87.000000 3.834259
 88.000000 4.117319
 89.000000 3.335965
 90.000000 4.430235
 91.000000 4.452684
 92.000000 4.397281
 93.000000 4.175063
 94.000000 4.228655
 95.000000 4.558031
 96.000000 4.203566
 97.000000 3.245725
 98.000000 2.127253
 99.000000 2.163318
 100.000000 3.326799
 101.000000 2.483151
 102.000000 3.676330
 103.000000 3.055872
 104.000000 3.936926
 105.000000 3.455455
 106.000000 4.276011
 107.000000 2.871699
 108.000000 1.010427
 109.000000 1.201065
 110.000000 1.318747
 111.000000 1.852944
 112.000000 2.452261
 113.000000 2.808958
 114.000000 3.093269
 115.000000 2.984480
 116.000000 2.996439
 117.000000 3.041546
 118.000000 2.954455
 119.000000 2.556418
 120.000000 2.819376
 121.000000 2.654421
 122.000000 2.900430
 123.000000 2.912110
 124.000000 3.070285
 125.000000 2.898636
 126.000000 3.142651
 127.000000 2.445818
 128.000000 2.658456
 129.000000 1.908729
 130.000000 1.921302
 131.000000 1.737500
 132.000000 1.721023
 133.000000 1.299882
 134.000000 1.649211
 135.000000 1.605913
 136.000000 2.021592
 137.000000 1.993574
 138.000000 1.697807
 139.000000 1.786851
 140.000000 1.884319
 141.000000 1.915026
 142.000000 2.903346
 143.000000 2.500987
 144.000000 2.540101
 145.000000 1.996165
 146.000000 3.341958
 147.000000 3.254926
 148.000000 2.362889
 149.000000 2.420028
 150.000000 3.378861
 151.000000 3.543027
 152.000000 3.060552
 153.000000 3.640092
 154.000000 3.685445
 155.000000 3.817107
 156.000000 3.060435
 157.000000 2.281051
 158.000000 2.516486
 159.000000 2.157652
 160.000000 2.644874
 161.000000 3.747442
 162.000000 3.489136
 163.000000 3.332263
 164.000000 2.998214
 165.000000 3.173501
 166.000000 2.930236
 167.000000 2.433025
 168.000000 3.558124
 169.000000 2.966141
 170.000000 2.993943
 171.000000 2.691881
 172.000000 3.093063
 173.000000 3.167865
 174.000000 2.931351
 175.000000 3.150967
 176.000000 3.096265
 177.000000 3.056070
 178.000000 2.850451
 179.000000 3.048585
 180.000000 3.046403
 181.000000 3.076573
 182.000000 2.997837
 183.000000 2.815584
 184.000000 2.877515
 185.000000 3.211994
 186.000000 3.090292
 187.000000 3.282192
 188.000000 3.269167
 189.000000 3.204443
 190.000000 3.263409
 191.000000 3.387470
 192.000000 3.465915
 193.000000 3.171678
 194.000000 3.368143
 195.000000 3.151087
 196.000000 3.311920
 197.000000 3.294681
 198.000000 3.242187
 199.000000 3.139370
 200.000000 3.006511
 201.000000 3.038694
 202.000000 3.090765
 203.000000 3.243273
 204.000000 3.666654
 205.000000 3.004928
 206.000000 2.612927
 207.000000 2.502633
 208.000000 2.786302
 209.000000 2.783155
 210.000000 3.103526
 211.000000 2.997919
 212.000000 2.336190
 213.000000 2.292289
 214.000000 2.874061
 215.000000 2.826833
 216.000000 2.868649
 217.000000 2.295955
 218.000000 2.650033
 219.000000 3.023814
 220.000000 2.749966
 221.000000 3.006343
 222.000000 2.907365
 223.000000 3.137694
 224.000000 3.324240
 225.000000 3.581314
 226.000000 3.477826
 227.000000 3.310758
 228.000000 3.336879
 229.000000 3.252300
 230.000000 3.157788
 231.000000 3.188925
 232.000000 3.050425
 233.000000 3.336712
 234.000000 3.318784
 235.000000 3.366184
 236.000000 3.373148
 237.000000 3.277773
 238.000000 3.057719
 239.000000 3.200467
 240.000000 3.562751
 241.000000 3.495395
 242.000000 3.528046
 243.000000 3.510467
 244.000000 3.848236
 245.000000 3.487838
 246.000000 3.047850
 247.000000 3.162461
 248.000000 3.243396
 249.000000 3.339979
 250.000000 3.460043
 251.000000 3.866745
 252.000000 3.975467
 253.000000 4.249928
 254.000000 4.049708
 255.000000 3.544371
 256.000000 3.526086
 257.000000 2.961282
 258.000000 2.914912
 259.000000 3.065137
 260.000000 2.436250
 261.000000 2.295143
 262.000000 3.632260
 263.000000 3.597129
 264.000000 3.331279
 265.000000 1.511097
 266.000000 2.028946
 267.000000 2.713251
 268.000000 3.233797
 269.000000 3.612713
 270.000000 3.976191
 271.000000 3.844602
 272.000000 3.148771
 273.000000 4.234053
 274.000000 3.900655
 275.000000 3.282431
 276.000000 3.189549
 277.000000 3.435562
 278.000000 2.243600
 279.000000 3.142056
 280.000000 3.131674
 281.000000 3.918383
 282.000000 2.436197
 283.000000 2.928559
 284.000000 0.835577
 285.000000 3.549854
 286.000000 3.225044
 287.000000 4.197409
 288.000000 3.460301
 289.000000 1.929510
 290.000000 2.890454
 291.000000 3.670338
 292.000000 3.450058
 293.000000 3.752912
 294.000000 3.669164
 295.000000 3.310355
 296.000000 2.993675
 297.000000 3.340925
 298.000000 2.807703
 299.000000 1.867424
 300.000000 1.975620
 301.000000 2.468791
 302.000000 3.004079
 303.000000 3.525817
 304.000000 4.071609
 305.000000 3.216796
 306.000000 3.469147
 307.000000 3.463294
 308.000000 2.282559
 309.000000 2.388791
 310.000000 1.924568
 311.000000 0.526389
 312.000000 2.063103
 313.000000 2.963051
 314.000000 2.748059
 315.000000 2.466979
 316.000000 3.358754
 317.000000 3.797374
 318.000000 3.451878
 319.000000 2.736355
 320.000000 3.467236
 321.000000 3.181578
 322.000000 2.487100
 323.000000 2.829766
 324.000000 3.264734
 325.000000 3.695633
 326.000000 3.784335
 327.000000 3.405814
 328.000000 2.312525
 329.000000 3.232844
 330.000000 2.205535
 331.000000 2.757176
 332.000000 2.925341
 333.000000 2.555863
 334.000000 1.552820
 335.000000 2.869521
 336.000000 3.506622
 337.000000 3.643084
 338.000000 3.168772
 339.000000 3.606745
 340.000000 4.214596
 341.000000 3.860053
 342.000000 3.565461
 343.000000 3.742062
 344.000000 3.462785
 345.000000 3.341634
 346.000000 3.012996
 347.000000 3.383231
 348.000000 3.823327
 349.000000 3.592877
 350.000000 3.293503
 351.000000 3.143832
 352.000000 2.989565
 353.000000 3.210022
 354.000000 3.558970
 355.000000 2.937290
 356.000000 2.894165
 357.000000 3.200362
 358.000000 2.243734
 359.000000 2.444792
 360.000000 3.262911
 361.000000 3.276423
 362.000000 3.507692
 363.000000 3.941011
 364.000000 4.072815
 365.000000 3.854619
 366.000000 3.702645
 367.000000 3.953890
 368.000000 3.652270
 369.000000 3.932461
 370.000000 4.136950
 371.000000 3.857402
 372.000000 3.453820
 373.000000 3.745668
 374.000000 3.621036
 375.000000 3.638318
 376.000000 3.397180
 377.000000 3.730358
 378.000000 3.698274
 379.000000 3.801761
 380.000000 3.291046
 381.000000 3.005839
 382.000000 3.203345
 383.000000 3.184491
 384.000000 3.425262
 385.000000 3.665353
 386.000000 4.058506
 387.000000 3.930420
 388.000000 3.897984
 389.000000 3.909101
 390.000000 3.883261
 391.000000 4.113424
 392.000000 4.032535
 393.000000 4.036622
 394.000000 4.227086
 395.000000 4.021973
 396.000000 4.147177
 397.000000 3.885494
 398.000000 4.209700
 399.000000 4.079547
 400.000000 4.096506
 401.000000 4.105798
 402.000000 3.737683
 403.000000 4.023742
 404.000000 4.006350
 405.000000 3.984074
 406.000000 3.927252
 407.000000 3.884090
 408.000000 3.879621
 409.000000 3.714080
 410.000000 3.663746
 411.000000 3.851924
 412.000000 3.812946
 413.000000 3.830886
 414.000000 3.896589
 415.000000 3.962958
 416.000000 3.901525
 417.000000 4.065445
 418.000000 4.165053
 419.000000 4.152299
 420.000000 4.032499
 421.000000 4.209033
 422.000000 4.188580
 423.000000 4.145480
 424.000000 4.401430
 425.000000 4.193281
 426.000000 4.372841
 427.000000 4.396677
 428.000000 4.510235
 429.000000 2.868262
 430.000000 4.435404
 431.000000 4.404969
 432.000000 4.588689
 433.000000 4.541171
 434.000000 4.548784
 435.000000 4.411292
 436.000000 4.383334
 437.000000 4.537708
 438.000000 4.428276
 439.000000 4.492957
 440.000000 4.500778
 441.000000 4.310656
 442.000000 4.349638
 443.000000 2.835028
 444.000000 3.437256
 445.000000 3.286286
 446.000000 4.074059
 447.000000 3.902184
 448.000000 2.694176
 449.000000 3.972442
 450.000000 4.228646
 451.000000 4.552097
 452.000000 3.359766
 453.000000 3.800639
 454.000000 3.024168
 455.000000 3.832320
 456.000000 4.242978
 457.000000 3.308652
 458.000000 3.166202
 459.000000 3.661857
 460.000000 3.598555
 461.000000 2.615348
 462.000000 2.730708
 463.000000 3.850401
 464.000000 3.220022
 465.000000 2.761210
 466.000000 3.609331
 467.000000 2.788601
 468.000000 3.343480
 469.000000 3.790025
 470.000000 4.055266
 471.000000 4.276891
 472.000000 3.911256
 473.000000 3.418701
 474.000000 2.494087
 475.000000 2.676953
 476.000000 2.896530
 477.000000 2.547238
 478.000000 1.016899
 479.000000 1.546429
 480.000000 1.638148
 481.000000 1.777248
 482.000000 2.200330
 483.000000 3.347765
 484.000000 3.380621
 485.000000 2.929199
 486.000000 3.333760
 487.000000 3.321061
 488.000000 2.199830
 489.000000 2.354303
 490.000000 2.745375
 491.000000 1.327793
 492.000000 2.300204
 493.000000 2.831020
 494.000000 2.796162
 495.000000 3.001724
 496.000000 2.988242
 497.000000 3.256080
 498.000000 3.591833
 499.000000 3.852424
 500.000000 3.745245
 501.000000 3.793126
 502.000000 3.898053
 503.000000 3.863674
 504.000000 3.323527
 505.000000 2.874255
 506.000000 3.082177
 507.000000 3.032107
 508.000000 1.745002
 509.000000 2.282254
 510.000000 2.987214
 511.000000 3.462147
 512.000000 2.588458
 513.000000 2.737127
 514.000000 3.022090
 515.000000 2.880244
 516.000000 4.173469
 517.000000 3.708576
 518.000000 3.053970
 519.000000 1.523327
 520.000000 2.769661
 521.000000 3.653309
 522.000000 3.534085
 523.000000 1.394232
 524.000000 1.964852
 525.000000 1.537908
 526.000000 1.001256
 527.000000 0.950518
 528.000000 2.353073
 529.000000 2.675007
 530.000000 2.459956
 531.000000 3.510651
 532.000000 3.269023
 533.000000 3.140419
 534.000000 2.259638
 535.000000 2.505975
 536.000000 2.665858
 537.000000 3.050521
 538.000000 2.725795
 539.000000 2.716830
 540.000000 2.318570
 541.000000 3.152736
 542.000000 3.662994
 543.000000 3.143107
 544.000000 3.273486
 545.000000 2.818527
 546.000000 3.175520
 547.000000 3.386362
 548.000000 3.556397
 549.000000 3.569009
 550.000000 3.585899
 551.000000 3.522961
 552.000000 3.663670
 553.000000 3.597298
 554.000000 3.633934
 555.000000 3.733131
 556.000000 3.730371
 557.000000 3.289373
 558.000000 3.228991
 559.000000 3.476087
 560.000000 3.369103
 561.000000 3.455551
 562.000000 3.259914
 563.000000 3.246075
 564.000000 3.112440
 565.000000 2.962141
 566.000000 3.040117
 567.000000 3.156273
 568.000000 3.202943
 569.000000 2.664874
 570.000000 2.190572
 571.000000 2.231192
 572.000000 2.767249
 573.000000 2.632525
 574.000000 2.844270
 575.000000 2.847979
 576.000000 2.510914
 577.000000 1.966780
 578.000000 2.736301
 579.000000 3.533058
 580.000000 2.694030
 581.000000 3.402673
 582.000000 3.450676
 583.000000 2.771306
 584.000000 2.786155
 585.000000 1.078437
 586.000000 2.507272
 587.000000 2.661530
 588.000000 2.870884
 589.000000 3.236850
 590.000000 3.745136
 591.000000 2.784923
 592.000000 3.888365
 593.000000 4.221389
 594.000000 4.033504
 595.000000 4.198294
 596.000000 4.343587
 597.000000 4.605509
 598.000000 4.202404
 599.000000 4.200072
 600.000000 4.228496
 601.000000 4.597714
 602.000000 4.598874
 603.000000 4.472183
 604.000000 4.557721
 605.000000 4.387846
 606.000000 4.415814
 607.000000 4.469499
 608.000000 4.507326
 609.000000 4.453058
 610.000000 4.381725
 611.000000 4.467036
 612.000000 4.329733
 613.000000 4.554707
 614.000000 4.460859
 615.000000 4.642659
 616.000000 4.557106
 617.000000 4.565225
 618.000000 4.222759
 619.000000 4.743850
 620.000000 4.544015
 621.000000 4.649954
 622.000000 4.793596
 623.000000 4.772150
 624.000000 3.623704
 625.000000 4.834829
 626.000000 4.738981
 627.000000 3.438062
 628.000000 4.739145
 629.000000 3.263154
 630.000000 3.310223
 631.000000 3.314610
 632.000000 3.158490
 633.000000 3.107187
 634.000000 4.872463
 635.000000 4.801904
 636.000000 4.827835
 637.000000 3.322158
 638.000000 3.201626
 639.000000 4.821825
 640.000000 4.717692
 641.000000 3.180319
 642.000000 4.909555
 643.000000 3.232186
 644.000000 2.886459
 645.000000 3.121215
 646.000000 4.965208
 647.000000 4.958070
 648.000000 3.239213
 649.000000 3.117993
 650.000000 3.153684
 651.000000 3.536636
 652.000000 3.489298
 653.000000 4.625181
 654.000000 4.800103
 655.000000 4.848654
 656.000000 4.768273
 657.000000 4.800877
 658.000000 4.565489
 659.000000 4.340529
 660.000000 3.927243
 661.000000 3.770745
 662.000000 3.881451
 663.000000 3.870727
 664.000000 3.873146
 665.000000 3.960533
 666.000000 3.636144
 667.000000 3.652071
 668.000000 3.748612
 669.000000 3.831182
 670.000000 3.733232
 671.000000 3.618811
 672.000000 3.788762
 673.000000 3.674210
 674.000000 3.762375
 675.000000 3.934673
 676.000000 3.924026
 677.000000 3.781625
 678.000000 3.988226
 679.000000 4.129102
 680.000000 4.120051
 681.000000 3.915390
 682.000000 3.859485
 683.000000 3.969242
 684.000000 3.798148
 685.000000 3.562137
 686.000000 3.737143
 687.000000 3.568372
 688.000000 3.776480
 689.000000 3.966571
 690.000000 4.061246
 691.000000 3.930700
 692.000000 3.876231
 693.000000 3.877179
 694.000000 3.346786
 695.000000 3.932518
 696.000000 3.649054
 697.000000 3.769157
 698.000000 3.715115
 699.000000 3.783918
 700.000000 3.504376
 701.000000 3.250312
 702.000000 2.994443
 703.000000 2.759182
 704.000000 3.553199
 705.000000 2.652662
 706.000000 3.166600
 707.000000 3.065905
 708.000000 3.161045
 709.000000 3.681578
 710.000000 3.872410
 711.000000 3.585359
 712.000000 3.399842
 713.000000 3.999349
 714.000000 3.567886
 715.000000 3.730399
 716.000000 3.541163
 717.000000 3.505449
 718.000000 2.972533
 719.000000 2.651378
 720.000000 2.267406
 721.000000 0.439242
 722.000000 2.655198
 723.000000 3.024034
 724.000000 1.449019
 725.000000 1.761938
 726.000000 3.586109
 727.000000 3.427926
 728.000000 3.425944
 729.000000 2.562967
 730.000000 3.120929
 731.000000 2.801884
 732.000000 1.701040
 733.000000 2.722046
 734.000000 4.650405
 735.000000 4.721232
 736.000000 4.188155
 737.000000 3.621104
 738.000000 3.768681
 739.000000 3.518793
 740.000000 3.610117
 741.000000 3.010626
 742.000000 3.788833
 743.000000 3.568264
 744.000000 3.284245
 745.000000 2.835595
 746.000000 3.223329
 747.000000 2.927931
 748.000000 3.463477
 749.000000 3.041321
 750.000000 4.056175
 751.000000 3.555373
 752.000000 3.663149
 753.000000 3.752570
 754.000000 3.590243
 755.000000 3.092505
 756.000000 3.934539
 757.000000 2.331998
 758.000000 2.168711
 759.000000 2.674931
 760.000000 1.970672
 761.000000 1.919971
 762.000000 1.704189
 763.000000 1.970134
 764.000000 2.816589
 765.000000 3.149274
 766.000000 3.267749
 767.000000 3.749553
 768.000000 4.108266
 769.000000 3.725112
 770.000000 3.552498
 771.000000 3.722135
 772.000000 3.999423
 773.000000 3.648213
 774.000000 3.285113
 775.000000 2.951161
 776.000000 3.137578
 777.000000 3.405651
 778.000000 2.995864
 779.000000 3.006882
 780.000000 3.635273
 781.000000 3.184163
 782.000000 3.313905
 783.000000 2.971136
 784.000000 3.047031
 785.000000 3.378475
 786.000000 3.699870
 787.000000 3.247586
 788.000000 3.055340
 789.000000 3.761022
 790.000000 3.431017
 791.000000 3.288364
 792.000000 3.329112
 793.000000 4.088616
 794.000000 4.416699
 795.000000 3.999952
 796.000000 3.574996
 797.000000 4.114509
 798.000000 4.164453
 799.000000 3.522356
 800.000000 3.265335
 801.000000 2.656099
 802.000000 1.931428
 803.000000 2.749585
 804.000000 2.700187
 805.000000 2.465913
 806.000000 1.999379
 807.000000 1.108239
 808.000000 1.299654
 809.000000 1.933538
 810.000000 2.121042
 811.000000 2.504950
 812.000000 2.724363
 813.000000 2.932905
 814.000000 3.569010
 815.000000 3.233277
 816.000000 3.745877
 817.000000 4.232457
 818.000000 3.987310
 819.000000 4.277359
 820.000000 3.755856
 821.000000 3.656444
 822.000000 3.129524
 823.000000 3.595120
 824.000000 3.364224
 825.000000 3.060245
 826.000000 3.290156
 827.000000 3.356532
 828.000000 2.981271
 829.000000 3.536837
 830.000000 3.580896
 831.000000 3.640484
 832.000000 3.355589
 833.000000 3.533486
 834.000000 3.450916
 835.000000 3.670818
 836.000000 3.683041
 837.000000 3.429264
 838.000000 3.768206
 839.000000 3.482994
 840.000000 3.630063
 841.000000 4.050758
 842.000000 2.836077
 843.000000 3.088484
 844.000000 3.806698
 845.000000 3.659160
 846.000000 3.585989
 847.000000 3.767082
 848.000000 3.366233
 849.000000 4.031874
 850.000000 4.229650
 851.000000 3.730718
 852.000000 3.913190
 853.000000 3.109849
 854.000000 3.249232
 855.000000 4.754352
 856.000000 3.698991
 857.000000 3.351931
 858.000000 4.077395
 859.000000 3.258229
 860.000000 2.703869
 861.000000 2.648938
 862.000000 2.372072
 863.000000 2.736452
 864.000000 3.174905
 865.000000 3.682678
 866.000000 3.547101
 867.000000 3.994819
 868.000000 3.226380
 869.000000 2.959244
 870.000000 3.691202
 871.000000 3.143483
 872.000000 2.982292
 873.000000 3.903641
 874.000000 3.585291
 875.000000 3.761193
 876.000000 3.529964
 877.000000 2.927412
 878.000000 2.278646
 879.000000 3.872726
 880.000000 3.159210
 881.000000 4.348309
 882.000000 3.511397
 883.000000 3.595855
 884.000000 3.033197
 885.000000 3.689930
 886.000000 3.192832
 887.000000 3.981207
 888.000000 2.744275
 889.000000 3.093303
 890.000000 3.092684
 891.000000 3.209795
 892.000000 3.560788
 893.000000 3.444472
 894.000000 3.460543
 895.000000 3.320382
 896.000000 3.056253
 897.000000 3.288628
 898.000000 3.289540
 899.000000 3.026996
 900.000000 2.902016
 901.000000 2.846180
 902.000000 3.011484
 903.000000 3.760322
 904.000000 3.675692
 905.000000 3.538528
 906.000000 2.791567
 907.000000 1.236564
 908.000000 0.597990
 909.000000 0.493764
 910.000000 0.864766
 911.000000 0.576076
 912.000000 0.522805
 913.000000 0.762183
 914.000000 0.548362
 915.000000 0.600739
 916.000000 0.662434
 917.000000 0.940635
 918.000000 0.937737
 919.000000 1.020503
 920.000000 1.210053
 921.000000 1.243476
 922.000000 1.416045
 923.000000 1.768837
 924.000000 1.930347
 925.000000 1.302945
 926.000000 1.778907
 927.000000 1.592074
 928.000000 1.420316
 929.000000 1.342845
 930.000000 1.732972
 931.000000 1.634374
 932.000000 1.407262
 933.000000 1.390281
 934.000000 1.742184
 935.000000 1.079279
 936.000000 1.335431
 937.000000 1.192415
 938.000000 1.623936
 939.000000 1.642654
 940.000000 1.731380
 941.000000 1.122245
 942.000000 1.175529
 943.000000 1.038142
 944.000000 1.023707
 945.000000 0.805820
 946.000000 1.123498
 947.000000 0.748240
 948.000000 0.829086
 949.000000 1.357698
 950.000000 1.061956
 951.000000 1.042631
 952.000000 1.096371
 953.000000 1.650741
 954.000000 1.789918
 955.000000 2.157982
 956.000000 2.056548
 957.000000 2.061105
 958.000000 2.051395
 959.000000 1.728803
 960.000000 1.783608
 961.000000 1.698580
 962.000000 1.890339
 963.000000 1.521902
 964.000000 1.454857
 965.000000 1.835006
 966.000000 1.645888
 967.000000 1.791178
 968.000000 1.772977
 969.000000 1.978557
 970.000000 1.783731
 971.000000 1.577360
 972.000000 1.712417
 973.000000 1.981344
 974.000000 1.869582
 975.000000 1.847485
 976.000000 2.022912
 977.000000 1.915963
 978.000000 2.544676
 979.000000 2.764481
 980.000000 2.935335
 981.000000 1.990811
 982.000000 3.486933
 983.000000 3.273096
 984.000000 2.903740
 985.000000 3.918721
 986.000000 3.290339
 987.000000 3.781449
 988.000000 3.712105
 989.000000 3.217038
 990.000000 2.550409
 991.000000 2.266274
 992.000000 3.598964
 993.000000 3.689540
 994.000000 3.630421
 995.000000 2.802396
 996.000000 3.046583
 997.000000 2.864929
 998.000000 0.494952
 999.000000 1.593794
 1000.000000 1.949399
 1001.000000 1.097153
 1002.000000 0.750255
 1003.000000 1.407951
 1004.000000 1.798480
 1005.000000 1.772944
 1006.000000 1.809805
 1007.000000 1.730451
 1008.000000 1.738532
 1009.000000 2.233842
 1010.000000 1.987002
 1011.000000 1.810740
 1012.000000 2.501062
 1013.000000 2.565424
 1014.000000 2.556285
 1015.000000 2.716945
 1016.000000 2.590884
 1017.000000 2.466728
 1018.000000 2.535616
 1019.000000 2.337968
 1020.000000 2.209605
 1021.000000 2.267768
 1022.000000 2.225742
 1023.000000 2.124004
 1024.000000 2.212688
 1025.000000 2.120872
 1026.000000 2.086776
 1027.000000 2.284012
 1028.000000 2.288766
 1029.000000 2.154181
 1030.000000 2.133212
 1031.000000 2.401809
 1032.000000 2.248100
 1033.000000 2.298962
 1034.000000 2.291925
 1035.000000 2.358142
 1036.000000 2.405127
 1037.000000 2.336461
 1038.000000 2.389517
 1039.000000 2.384216
 1040.000000 2.076543
 1041.000000 2.992611
 1042.000000 3.033562
 1043.000000 3.611267
 1044.000000 3.141980
 1045.000000 3.824776
 1046.000000 3.712612
 1047.000000 3.649603
 1048.000000 3.928296
 1049.000000 4.040012
 1050.000000 4.198875
 1051.000000 3.980684
 1052.000000 3.890577
 1053.000000 3.528030
 1054.000000 3.849250
 1055.000000 3.367851
 1056.000000 2.693998
 1057.000000 2.936078
 1058.000000 3.892802
 1059.000000 3.764601
 1060.000000 3.346726
 1061.000000 3.428197
 1062.000000 3.446905
 1063.000000 3.512224
 1064.000000 4.454151
 1065.000000 4.192364
 1066.000000 3.722476
 1067.000000 3.062285
 1068.000000 3.508200
 1069.000000 3.687618
 1070.000000 3.609955
 1071.000000 3.567998
 1072.000000 2.949103
 1073.000000 3.284801
 1074.000000 1.998618
 1075.000000 2.144210
 1076.000000 1.324567
 1077.000000 2.186209
 1078.000000 3.493251
 1079.000000 3.691215
 1080.000000 2.924608
 1081.000000 0.780625
 1082.000000 1.023038
 1083.000000 2.135232
 1084.000000 2.918903
 1085.000000 1.873363
 1086.000000 3.478420
 1087.000000 3.438988
 1088.000000 3.499364
 1089.000000 4.322026
 1090.000000 4.221631
 1091.000000 3.843237
 1092.000000 2.800164
 1093.000000 3.322499
 1094.000000 2.897807
 1095.000000 3.122357
 1096.000000 3.068156
 1097.000000 4.187831
 1098.000000 3.792009
 1099.000000 3.533253
 1100.000000 3.506516
 1101.000000 3.432245
 1102.000000 3.010018
 1103.000000 2.711771
 1104.000000 2.799552
 1105.000000 3.316650
 1106.000000 3.317024
 1107.000000 3.062543
 1108.000000 2.817620
 1109.000000 2.526764
 1110.000000 2.705711
 1111.000000 2.576316
 1112.000000 2.483326
 1113.000000 2.473976
 1114.000000 2.536170
 1115.000000 2.680265
 1116.000000 2.556887
 1117.000000 2.376971
 1118.000000 2.491063
 1119.000000 2.695130
 1120.000000 2.618540
 1121.000000 2.507240
 1122.000000 2.567228
 1123.000000 2.598118
 1124.000000 2.606504
 1125.000000 2.661166
 1126.000000 2.771521
 1127.000000 2.600927
 1128.000000 2.654431
 1129.000000 2.661216
 1130.000000 2.745696
 1131.000000 2.803751
 1132.000000 2.763787
 1133.000000 2.805928
 1134.000000 2.676162
 1135.000000 2.673970
 1136.000000 2.705779
 1137.000000 2.693640
 1138.000000 2.754036
 1139.000000 2.753627
 1140.000000 2.881015
 1141.000000 2.737528
 1142.000000 2.649809
 1143.000000 2.900242
 1144.000000 3.025460
 1145.000000 2.913432
 1146.000000 2.872452
 1147.000000 2.883348
 1148.000000 2.828927
 1149.000000 2.748517
 1150.000000 2.808520
 1151.000000 2.881831
 1152.000000 3.006152
 1153.000000 2.902735
 1154.000000 2.837397
 1155.000000 2.910274
 1156.000000 2.982426
 1157.000000 2.872234
 1158.000000 2.812745
 1159.000000 2.712851
 1160.000000 2.576099
 1161.000000 2.630735
 1162.000000 2.876736
 1163.000000 2.756895
 1164.000000 2.857228
 1165.000000 3.025110
 1166.000000 3.045580
 1167.000000 2.871580
 1168.000000 2.767121
 1169.000000 2.842172
 1170.000000 2.934866
 1171.000000 3.103173
 1172.000000 3.048161
 1173.000000 2.949429
 1174.000000 3.049718
 1175.000000 2.766444
 1176.000000 2.640311
 1177.000000 2.665229
 1178.000000 2.685141
 1179.000000 2.625957
 1180.000000 2.535182
 1181.000000 2.710620
 1182.000000 2.829741
 1183.000000 2.917843
 1184.000000 2.820817
 1185.000000 2.934905
 1186.000000 2.756085
 1187.000000 2.880987
 1188.000000 2.784676
 1189.000000 2.670383
 1190.000000 2.897788
 1191.000000 2.897898
 1192.000000 2.823553
 1193.000000 2.869502
 1194.000000 3.031207
 1195.000000 2.992321
 1196.000000 2.970836
 1197.000000 2.791330
 1198.000000 2.861425
 1199.000000 2.935548
 1200.000000 2.964167
 1201.000000 3.123866
 1202.000000 2.920202
 1203.000000 3.085183
 1204.000000 2.980196
 1205.000000 3.100894
 1206.000000 3.123173
 1207.000000 3.085504
 1208.000000 3.136061
 1209.000000 3.184954
 1210.000000 3.072023
 1211.000000 3.108711
 1212.000000 3.127698
 1213.000000 3.172359
 1214.000000 3.202849
 1215.000000 3.261701
 1216.000000 3.231147
 1217.000000 2.947112
 1218.000000 2.760508
 1219.000000 2.746526
 1220.000000 2.943992
 1221.000000 2.799102
 1222.000000 2.978567
 1223.000000 2.882647
 1224.000000 3.258433
 1225.000000 3.166546
 1226.000000 3.215608
 1227.000000 3.113123
 1228.000000 3.434493
 1229.000000 3.176795
 1230.000000 3.359193
 1231.000000 2.968242
 1232.000000 2.950753
 1233.000000 3.159576
 1234.000000 3.285809
 1235.000000 3.380362
 1236.000000 3.241991
 1237.000000 3.549744
 1238.000000 3.427292
 1239.000000 3.194092
 1240.000000 2.940382
 1241.000000 2.871919
 1242.000000 2.662996
 1243.000000 2.790581
 1244.000000 2.849052
 1245.000000 3.109731
 1246.000000 2.617780
 1247.000000 2.569595
 1248.000000 2.594763
 1249.000000 2.604999
 1250.000000 2.660433
 1251.000000 2.730902
 1252.000000 2.427416
 1253.000000 2.629932
 1254.000000 2.290863
 1255.000000 2.474349
 1256.000000 2.716783
 1257.000000 2.942472
 1258.000000 3.140280
 1259.000000 3.265521
 1260.000000 3.247606
 1261.000000 3.335734
 1262.000000 3.485782
 1263.000000 3.351717
 1264.000000 3.356346
 1265.000000 3.303662
 1266.000000 3.059576
 1267.000000 3.046434
 1268.000000 3.172976
 1269.000000 2.914284
 1270.000000 2.885002
 1271.000000 3.077241
 1272.000000 2.940949
 1273.000000 2.937559
 1274.000000 3.355187
 1275.000000 3.334590
 1276.000000 3.118857
 1277.000000 3.179373
 1278.000000 3.255203
 1279.000000 2.977022
 1280.000000 2.430066
 1281.000000 2.622806
 1282.000000 2.581279
 1283.000000 2.832578
 1284.000000 2.794096
 1285.000000 2.935884
 1286.000000 3.029670
 1287.000000 3.040023
 1288.000000 2.967054
 1289.000000 2.943545
 1290.000000 2.533406
 1291.000000 2.652157
 1292.000000 2.855658
 1293.000000 2.649654
 1294.000000 2.846084
 1295.000000 2.596189
 1296.000000 2.477617
 1297.000000 2.561852
 1298.000000 2.464367
 1299.000000 2.616851
 1300.000000 2.907368
 1301.000000 2.658467
 1302.000000 2.545431
 1303.000000 2.442541
 1304.000000 2.519960
 1305.000000 2.678120
 1306.000000 2.687274
 1307.000000 2.726449
 1308.000000 2.649662
 1309.000000 2.523958
 1310.000000 2.785414
 1311.000000 2.769224
 1312.000000 2.616624
 1313.000000 2.490112
 1314.000000 2.592067
 1315.000000 2.366311
 1316.000000 2.589677
 1317.000000 2.713512
 1318.000000 2.589305
 1319.000000 2.726953
 1320.000000 2.608792
 1321.000000 2.636789
 1322.000000 2.677018
 1323.000000 2.648703
 1324.000000 2.642219
 1325.000000 2.537573
 1326.000000 2.432878
 1327.000000 2.491385
 1328.000000 2.352658
 1329.000000 2.474651
 1330.000000 2.323156
 1331.000000 2.271545
 1332.000000 2.391684
 1333.000000 2.390540
 1334.000000 2.557391
 1335.000000 2.062835
 1336.000000 2.442166
 1337.000000 2.565398
 1338.000000 2.937614
 1339.000000 2.664221
 1340.000000 2.468576
 1341.000000 2.435949
 1342.000000 2.398154
 1343.000000 2.476630
 1344.000000 2.683038
 1345.000000 2.893344
 1346.000000 2.986139
 1347.000000 2.967977
 1348.000000 3.117225
 1349.000000 3.133197
 1350.000000 3.113968
 1351.000000 3.192654
 1352.000000 3.510395
 1353.000000 3.301345
 1354.000000 3.343144
 1355.000000 3.428139
 1356.000000 3.653259
 1357.000000 3.834916
 1358.000000 3.759922
 1359.000000 3.726544
 1360.000000 3.798577
 1361.000000 3.677505
 1362.000000 3.672975
 1363.000000 3.722547
 1364.000000 3.723792
 1365.000000 3.866347
 1366.000000 3.834252
 1367.000000 3.827727
 1368.000000 3.899479
 1369.000000 3.968723
 1370.000000 3.831259
 1371.000000 3.771804
 1372.000000 3.791758
 1373.000000 3.633814
 1374.000000 3.464126
 1375.000000 3.723893
 1376.000000 3.526157
 1377.000000 3.240993
 1378.000000 3.724748
 1379.000000 3.385219
 1380.000000 3.403132
 1381.000000 3.507867
 1382.000000 3.650644
 1383.000000 3.928526
 1384.000000 3.807267
 1385.000000 3.741038
 1386.000000 3.558966
 1387.000000 3.785610
 1388.000000 3.869242
 1389.000000 3.830753
 1390.000000 3.742132
 1391.000000 3.790879
 1392.000000 4.003785
 1393.000000 4.020998
 1394.000000 3.870724
 1395.000000 3.860106
 1396.000000 3.777119
 1397.000000 3.703479
 1398.000000 3.614780
 1399.000000 3.513955
 1400.000000 3.626214
 1401.000000 3.549852
 1402.000000 3.597405
 1403.000000 3.528093
 1404.000000 3.439912
 1405.000000 3.308558
 1406.000000 3.360045
 1407.000000 3.122153
 1408.000000 3.061793
 1409.000000 3.055229
 1410.000000 3.024901
 1411.000000 2.979052
 1412.000000 3.130033
 1413.000000 2.818285
 1414.000000 2.777158
 1415.000000 2.648174
 1416.000000 2.624404
 1417.000000 2.591401
 1418.000000 2.894556
 1419.000000 3.081525
 1420.000000 2.488048
 1421.000000 2.682302
 1422.000000 2.846054
 1423.000000 3.034515
 1424.000000 2.931922
 1425.000000 3.055903
 1426.000000 2.626633
 1427.000000 2.597656
 1428.000000 2.659275
 1429.000000 2.997438
 1430.000000 2.725679
 1431.000000 2.874888
 1432.000000 3.141375
 1433.000000 3.180306
 1434.000000 3.162656
 1435.000000 2.886235
 1436.000000 2.925794
 1437.000000 2.709452
 1438.000000 2.988898
 1439.000000 2.906841
 1440.000000 2.648893
 1441.000000 2.519665
 1442.000000 2.606815
 1443.000000 2.364887
 1444.000000 2.385191
 1445.000000 2.386223
 1446.000000 2.887176
 1447.000000 2.877513
 1448.000000 2.669796
 1449.000000 3.064849
 1450.000000 3.086392
 1451.000000 3.223474
 1452.000000 3.190542
 1453.000000 3.218399
 1454.000000 3.449554
 1455.000000 3.495854
 1456.000000 3.731941
 1457.000000 3.698817
 1458.000000 3.467947
 1459.000000 3.553695
 1460.000000 3.640055
 1461.000000 3.514738
 1462.000000 3.429986
 1463.000000 3.529278
 1464.000000 3.322424
 1465.000000 3.438258
 1466.000000 3.362343
 1467.000000 3.477970
 1468.000000 3.449970
 1469.000000 3.297425
 1470.000000 3.324912
 1471.000000 3.348081
 1472.000000 3.268408
 1473.000000 3.333720
 1474.000000 3.294445
 1475.000000 3.084296
 1476.000000 2.961969
 1477.000000 3.014686
 1478.000000 2.954023
 1479.000000 3.024789
 1480.000000 3.125330
 1481.000000 3.036944
 1482.000000 2.931916
 1483.000000 3.040302
 1484.000000 3.006151
 1485.000000 2.968534
 1486.000000 2.991429
 1487.000000 3.111835
 1488.000000 3.118098
 1489.000000 3.213497
 1490.000000 3.179654
 1491.000000 3.212910
 1492.000000 3.199696
 1493.000000 3.106963
 1494.000000 3.042799
 1495.000000 3.410552
 1496.000000 3.252167
 1497.000000 3.351669
 1498.000000 3.197466
 1499.000000 3.282416
 1500.000000 3.418055
 1501.000000 3.270452
 1502.000000 3.434142
 1503.000000 3.466302
 1504.000000 3.446842
 1505.000000 3.470858
 1506.000000 3.392577
 1507.000000 3.269746
 1508.000000 3.060343
 1509.000000 3.371613
 1510.000000 3.120038
 1511.000000 3.006221
 1512.000000 2.873602
 1513.000000 3.036059
 1514.000000 3.199742
 1515.000000 3.206344
 1516.000000 3.318146
 1517.000000 3.303172
 1518.000000 3.195960
 1519.000000 3.207149
 1520.000000 3.153652
 1521.000000 3.338019
 1522.000000 3.183958
 1523.000000 2.873566
 1524.000000 2.745045
 1525.000000 3.090556
 1526.000000 2.491804
 1527.000000 2.799164
 1528.000000 3.023688
 1529.000000 3.068758
 1530.000000 3.279751
 1531.000000 3.248035
 1532.000000 3.303352
 1533.000000 3.435531
 1534.000000 3.591220
 1535.000000 3.400428
 1536.000000 3.263393
 1537.000000 3.425837
 1538.000000 3.556694
 1539.000000 3.424501
 1540.000000 3.621676
 1541.000000 3.497986
 1542.000000 3.607529
 1543.000000 3.608132
 1544.000000 3.760268
 1545.000000 3.886508
 1546.000000 3.842353
 1547.000000 3.848961
 1548.000000 3.949322
 1549.000000 4.003874
 1550.000000 4.066437
 1551.000000 4.211196
 1552.000000 4.154706
 1553.000000 4.190493
 1554.000000 4.206514
 1555.000000 4.170564
 1556.000000 4.003915
 1557.000000 3.954081
 1558.000000 3.655604
 1559.000000 3.656722
 1560.000000 3.177203
 1561.000000 2.991174
 1562.000000 3.165172
 1563.000000 2.861889
 1564.000000 3.192943
 1565.000000 3.349554
 1566.000000 3.273240
 1567.000000 3.340644
 1568.000000 3.558813
 1569.000000 3.579146
 1570.000000 3.809271
 1571.000000 3.767891
 1572.000000 3.757650
 1573.000000 3.664457
 1574.000000 3.858671
 1575.000000 3.712785
 1576.000000 3.753336
 1577.000000 3.558258
 1578.000000 3.236646
 1579.000000 3.353588
 1580.000000 3.422032
 1581.000000 3.249024
 1582.000000 3.245326
 1583.000000 2.849495
 1584.000000 3.481863
 1585.000000 3.487637
 1586.000000 3.584476
 1587.000000 3.664696
 1588.000000 3.526534
 1589.000000 3.627526
 1590.000000 3.691913
 1591.000000 3.845233
 1592.000000 3.598544
 1593.000000 3.582901
 1594.000000 3.585548
 1595.000000 3.585821
 1596.000000 3.684874
 1597.000000 3.569061
 1598.000000 3.291566
 1599.000000 3.163166
 1600.000000 3.121897
 1601.000000 3.112790
 1602.000000 3.195987
 1603.000000 2.962573
 1604.000000 3.076454
 1605.000000 3.077478
 1606.000000 2.941515
 1607.000000 3.139585
 1608.000000 3.334905
 1609.000000 3.468047
 1610.000000 3.280132
 1611.000000 3.343533
 1612.000000 3.254991
 1613.000000 3.222438
 1614.000000 3.223383
 1615.000000 3.177962
 1616.000000 3.234375
 1617.000000 3.275129
 1618.000000 3.190440
 1619.000000 3.089592
 1620.000000 3.077395
 1621.000000 3.108046
 1622.000000 3.120686
 1623.000000 3.375295
 1624.000000 3.261271
 1625.000000 3.038997
 1626.000000 3.192274
 1627.000000 3.130678
 1628.000000 2.871953
 1629.000000 2.538611
 1630.000000 2.930017
 1631.000000 3.045277
 1632.000000 2.676262
 1633.000000 2.705617
 1634.000000 2.764389
 1635.000000 2.734544
 1636.000000 2.763920
 1637.000000 2.486146
 1638.000000 2.269589
 1639.000000 2.238889
 1640.000000 2.606962
 1641.000000 2.851919
 1642.000000 2.881530
 1643.000000 2.654985
 1644.000000 2.950990
 1645.000000 2.794108
 1646.000000 2.931901
 1647.000000 2.982246
 1648.000000 3.059744
 1649.000000 2.900458
 1650.000000 2.760003
 1651.000000 2.910814
 1652.000000 2.832582
 1653.000000 2.673800
 1654.000000 3.079445
 1655.000000 3.076200
 1656.000000 3.165168
 1657.000000 3.375507
 1658.000000 3.359817
 1659.000000 3.464066
 1660.000000 3.383281
 1661.000000 3.303999
 1662.000000 3.273039
 1663.000000 3.186046
 1664.000000 3.156861
 1665.000000 3.076023
 1666.000000 2.789559
 1667.000000 2.730556
 1668.000000 2.393629
 1669.000000 2.319067
 1670.000000 2.351033
 1671.000000 2.375106
 1672.000000 2.322059
 1673.000000 2.427512
 1674.000000 2.214749
 1675.000000 2.164989
 1676.000000 2.029234
 1677.000000 1.999007
 1678.000000 1.610794
 1679.000000 2.391786
 1680.000000 2.330088
 1681.000000 2.442372
 1682.000000 2.494928
 1683.000000 2.207304
 1684.000000 1.705400
 1685.000000 1.108861
 1686.000000 0.291694
 1687.000000 0.183178
 1688.000000 0.166148
 1689.000000 0.692799
 1690.000000 3.685619
 1691.000000 3.992214
 1692.000000 3.417977
 1693.000000 3.806170
 1694.000000 3.741587
 1695.000000 3.345051
 1696.000000 3.132656
 1697.000000 2.910534
 1698.000000 2.713720
 1699.000000 2.217913
 1700.000000 2.505109
 1701.000000 2.577639
 1702.000000 3.638039
 1703.000000 3.922304
 1704.000000 4.436749
 1705.000000 4.532589
 1706.000000 2.821622
 1707.000000 2.395019
 1708.000000 2.261029
 1709.000000 3.465007
 1710.000000 3.096662
 1711.000000 3.616748
 1712.000000 3.558773
 1713.000000 3.283589
 1714.000000 3.338779
 1715.000000 4.065157
 1716.000000 3.184377
 1717.000000 4.261360
 1718.000000 3.530838
 1719.000000 3.358048
 1720.000000 3.838600
 1721.000000 4.188256
 1722.000000 3.391150
 1723.000000 2.851760
 1724.000000 2.916821
 1725.000000 2.141153
 1726.000000 2.593383
 1727.000000 2.372055
 1728.000000 2.252138
 1729.000000 2.358740
 1730.000000 1.913012
 1731.000000 1.939195
 1732.000000 1.457044
 1733.000000 1.755983
 1734.000000 1.853266
 1735.000000 2.006716
 1736.000000 2.284810
 1737.000000 1.496243
 1738.000000 2.345303
 1739.000000 2.205474
 1740.000000 1.920495
 1741.000000 1.669689
 1742.000000 3.346883
 1743.000000 1.739920
 1744.000000 2.484641
 1745.000000 1.353641
 1746.000000 1.086967
 1747.000000 2.300052
 1748.000000 3.082887
 1749.000000 2.495145
 1750.000000 2.060814
 1751.000000 2.167026
 1752.000000 2.158570
 1753.000000 2.079414
 1754.000000 1.840039
 1755.000000 2.101695
 1756.000000 1.884533
 1757.000000 2.098168
 1758.000000 2.233272
 1759.000000 2.170461
 1760.000000 1.908827
 1761.000000 2.248005
 1762.000000 1.623872
 1763.000000 1.976163
 1764.000000 1.595559
 1765.000000 0.167791
 1766.000000 1.997503
 1767.000000 1.351685
 1768.000000 1.431212
 1769.000000 2.065607
 1770.000000 3.532159
 1771.000000 4.563511
 1772.000000 4.680657
 1773.000000 3.336342
 1774.000000 2.723766
 1775.000000 2.051086
 1776.000000 3.178430
 1777.000000 2.696967
 1778.000000 3.900698
 1779.000000 2.638956
 1780.000000 2.778057
 1781.000000 3.220356
 1782.000000 3.716688
 1783.000000 3.429638
 1784.000000 4.376727
 1785.000000 2.650136
 1786.000000 2.447558
 1787.000000 2.645776
 1788.000000 2.330443
 1789.000000 3.508465
 1790.000000 2.788486
 1791.000000 3.528382
 1792.000000 3.536791
 1793.000000 3.977822
 1794.000000 3.723884
 1795.000000 3.321919
 1796.000000 3.420652
 1797.000000 3.291051
 1798.000000 2.659566
 1799.000000 2.524136
 1800.000000 2.973502
 1801.000000 2.486010
 1802.000000 3.506537
 1803.000000 3.400763
 1804.000000 3.011650
 1805.000000 2.493968
 1806.000000 1.649065
 1807.000000 2.006870
 1808.000000 2.364186
 1809.000000 2.459040
 1810.000000 2.938397
 1811.000000 2.989243
 1812.000000 3.058468
 1813.000000 2.987907
 1814.000000 3.107943
 1815.000000 3.151640
 1816.000000 2.942995
 1817.000000 3.319944
 1818.000000 2.762004
 1819.000000 3.091218
 1820.000000 2.948048
 1821.000000 2.946741
 1822.000000 2.887683
 1823.000000 2.511347
 1824.000000 2.391943
 1825.000000 2.303254
 1826.000000 2.516854
 1827.000000 2.583425
 1828.000000 2.360376
 1829.000000 2.786826
 1830.000000 1.719418
 1831.000000 1.070553
 1832.000000 3.240260
 1833.000000 3.163495
 1834.000000 3.139850
 1835.000000 3.108453
 1836.000000 1.962367
 1837.000000 2.561808
 1838.000000 2.587638
 1839.000000 2.709321
 1840.000000 3.282634
 1841.000000 2.995602
 1842.000000 3.021017
 1843.000000 2.955073
 1844.000000 2.991464
 1845.000000 3.048529
 1846.000000 3.039443
 1847.000000 3.845807
 1848.000000 2.986483
 1849.000000 3.948390
 1850.000000 3.707467
 1851.000000 3.305590
 1852.000000 2.986048
 1853.000000 3.882764
 1854.000000 2.973612
 1855.000000 3.352988
 1856.000000 3.012593
 1857.000000 3.339761
 1858.000000 2.688816
 1859.000000 3.292799
 1860.000000 3.764674
 1861.000000 3.788960
 1862.000000 3.258756
 1863.000000 4.121436
 1864.000000 3.297059
 1865.000000 4.137239
 1866.000000 3.427738
 1867.000000 3.244948
 1868.000000 3.183740
 1869.000000 3.079211
 1870.000000 2.844035
 1871.000000 3.498532
 1872.000000 3.294028
 1873.000000 3.889305
 1874.000000 4.097159
 1875.000000 3.764115
 1876.000000 3.497345
 1877.000000 3.425354
 1878.000000 3.247498
 1879.000000 3.512869
 1880.000000 3.774135
 1881.000000 3.209148
 1882.000000 3.111934
 1883.000000 3.453600
 1884.000000 3.618716
 1885.000000 3.298197
 1886.000000 3.412381
 1887.000000 3.282443
 1888.000000 3.358806
 1889.000000 3.246746
 1890.000000 3.743467
 1891.000000 4.401011
 1892.000000 3.874184
 1893.000000 3.538552
 1894.000000 3.992881
 1895.000000 4.234718
 1896.000000 4.255979
 1897.000000 4.154767
 1898.000000 4.614878
 1899.000000 3.982561
 1900.000000 3.933613
 1901.000000 3.831155
 1902.000000 3.851468
 1903.000000 3.789749
 1904.000000 2.384166
 1905.000000 2.559222
 1906.000000 3.004793
 1907.000000 3.818179
 1908.000000 3.642291
 1909.000000 3.059363
 1910.000000 3.285969
 1911.000000 2.726253
 1912.000000 3.546457
 1913.000000 3.581639
 1914.000000 3.806708
 1915.000000 2.404851
 1916.000000 2.940856
 1917.000000 3.300144
 1918.000000 4.138386
 1919.000000 2.517693
 1920.000000 1.093625
 1921.000000 1.193650
 1922.000000 1.312610
 1923.000000 1.601547
 1924.000000 1.734891
 1925.000000 2.143920
 1926.000000 2.801337
 1927.000000 2.305316
 1928.000000 2.699861
 1929.000000 2.173433
 1930.000000 2.569763
 1931.000000 2.314624
 1932.000000 2.678831
 1933.000000 2.969514
 1934.000000 2.833309
 1935.000000 2.867320
 1936.000000 2.692294
 1937.000000 2.903887
 1938.000000 2.666732
 1939.000000 2.900158
 1940.000000 2.624269
 1941.000000 3.086558
 1942.000000 2.993815
 1943.000000 3.407574
 1944.000000 3.450873
 1945.000000 3.201348
 1946.000000 3.492686
 1947.000000 3.250117
 1948.000000 3.367466
 1949.000000 3.350481
 1950.000000 3.506401
 1951.000000 3.265870
 1952.000000 3.434530
 1953.000000 3.256577
 1954.000000 3.302780
 1955.000000 3.159761
 1956.000000 3.234654
 1957.000000 3.212505
 1958.000000 3.208506
 1959.000000 3.189650
 1960.000000 3.209810
 1961.000000 3.094405
 1962.000000 2.976960
 1963.000000 3.116049
 1964.000000 2.661467
 1965.000000 3.178667
 1966.000000 2.592364
 1967.000000 2.179568
 1968.000000 2.014128
 1969.000000 2.844648
 1970.000000 1.831922
 1971.000000 0.941781
 1972.000000 2.093876
 1973.000000 2.541544
 1974.000000 1.535374
 1975.000000 1.236350
 1976.000000 0.866745
 1977.000000 0.569701
 1978.000000 0.592227
 1979.000000 2.707154
 1980.000000 2.127698
 1981.000000 2.726199
 1982.000000 2.915832
 1983.000000 3.739013
 1984.000000 3.767518
 1985.000000 2.659142
 1986.000000 2.462852
 1987.000000 4.040039
 1988.000000 3.916690
 1989.000000 3.695134
 1990.000000 3.689530
 1991.000000 3.545829
 1992.000000 2.887265
 1993.000000 3.248430
 1994.000000 4.087065
 1995.000000 2.911618
 1996.000000 2.171830
 1997.000000 3.869291
 1998.000000 3.340080
 1999.000000 3.174176
 2000.000000 3.414589
 2001.000000 2.781215
 2002.000000 3.022194
 2003.000000 3.139517
 2004.000000 2.619251
 2005.000000 2.571795
 2006.000000 2.881677
 2007.000000 2.669462
 2008.000000 2.113718
 2009.000000 2.942318
 2010.000000 2.278652
 2011.000000 2.671693
 2012.000000 2.504540
 2013.000000 2.529070
 2014.000000 2.868594
 2015.000000 3.427444
 2016.000000 2.553565
 2017.000000 3.033140
 2018.000000 3.137080
 2019.000000 4.250671
 2020.000000 3.987172
 2021.000000 4.157628
 2022.000000 4.078948
 2023.000000 4.078914
 2024.000000 3.756987
