#! FIELDS time p.z
 0.000000 11.341647
 1.000000 11.164929
 2.000000 14.002824
 3.000000 15.835810
 4.000000 14.247371
 5.000000 15.214812
 6.000000 14.317879
 7.000000 14.840230
 8.000000 15.235945
 9.000000 17.919813
 10.000000 15.483670
 11.000000 15.280210
 12.000000 13.010152
 13.000000 11.021716
 14.000000 10.759227
 15.000000 10.168608
 16.000000 9.854081
 17.000000 9.856892
 18.000000 10.597907
 19.000000 11.825704
 20.000000 11.540281
 21.000000 11.449853
 22.000000 11.370368
 23.000000 12.190605
 24.000000 18.202862
 25.000000 14.166932
 26.000000 14.288957
 27.000000 14.391795
 28.000000 12.672699
 29.000000 12.266382
 30.000000 11.518231
 31.000000 14.898670
 32.000000 16.759705
 33.000000 18.032851
 34.000000 14.134537
 35.000000 15.033291
 36.000000 12.908629
 37.000000 13.700697
 38.000000 17.457105
 39.000000 17.309696
 40.000000 15.423075
 41.000000 15.860163
 42.000000 17.922456
 43.000000 15.016903
 44.000000 12.606887
 45.000000 11.531513
 46.000000 11.155214
 47.000000 10.271795
 48.000000 10.183670
 49.000000 9.596501
 50.000000 10.409648
 51.000000 10.531547
 52.000000 11.053869
 53.000000 10.914868
 54.000000 11.101633
 55.000000 11.024385
 56.000000 11.315418
 57.000000 11.345120
 58.000000 10.988322
 59.000000 10.975192
 60.000000 11.142289
 61.000000 11.467901
 62.000000 11.099824
 63.000000 11.047289
 64.000000 11.049295
 65.000000 12.347252
 66.000000 14.137306
 67.000000 16.579817
 68.000000 16.207072
 69.000000 13.510413
 70.000000 13.081560
 71.000000 13.737341
 72.000000 17.436623
 73.000000 18.041066
 74.000000 17.422924
 75.000000 15.049831
 76.000000 18.137146
 77.000000 16.419924
 78.000000 13.797681
 79.000000 13.447153
 80.000000 13.368523
 81.000000 11.984635
 82.000000 11.762615
 83.000000 11.140810
 84.000000 12.423428
 85.000000 12.991741
 86.000000 15.137466
 87.000000 17.184833
 88.000000 18.162243
 89.000000 14.197727
 90.000000 15.425403
 91.000000 15.919527
 92.000000 16.986827
 93.000000 16.278162
 94.000000 17.686155
 95.000000 16.574643
 96.000000 13.553082
 97.000000 14.867935
 98.000000 12.080129
 99.000000 13.188908
 100.000000 15.826870
 101.000000 14.280598
 102.000000 11.904674
 103.000000 13.134060
 104.000000 17.487346
 105.000000 16.888920
 106.000000 16.639597
 107.000000 15.895196
 108.000000 12.196625
 109.000000 11.701621
 110.000000 11.664356
 111.000000 10.960016
 112.000000 10.201112
 113.000000 9.464562
 114.000000 9.714017
 115.000000 10.290326
 116.000000 10.813355
 117.000000 10.672009
 118.000000 10.542396
 119.000000 10.569539
 120.000000 10.607311
 121.000000 10.636237
 122.000000 10.771444
 123.000000 11.020767
 124.000000 11.382944
 125.000000 11.294541
 126.000000 13.493443
 127.000000 13.304314
 128.000000 13.636089
 129.000000 12.733402
 130.000000 11.892284
 131.000000 11.240162
 132.000000 11.270522
 133.000000 11.588899
 134.000000 11.663493
 135.000000 11.397537
 136.000000 10.563397
 137.000000 11.109596
 138.000000 12.508085
 139.000000 12.160016
 140.000000 13.138746
 141.000000 14.301389
 142.000000 15.651302
 143.000000 16.079041
 144.000000 15.289407
 145.000000 14.877753
 146.000000 18.124971
 147.000000 16.142415
 148.000000 16.207430
 149.000000 16.572804
 150.000000 17.438143
 151.000000 16.105314
 152.000000 14.479171
 153.000000 12.077399
 154.000000 11.988906
 155.000000 12.337105
 156.000000 13.517410
 157.000000 16.146509
 158.000000 14.435096
 159.000000 13.642341
 160.000000 15.740020
 161.000000 14.996446
 162.000000 15.627709
 163.000000 14.534910
 164.000000 14.638555
 165.000000 13.525695
 166.000000 12.386884
 167.000000 13.707611
 168.000000 12.451963
 169.000000 12.252970
 170.000000 12.145130
 171.000000 11.493484
 172.000000 11.219180
 173.000000 10.618743
 174.000000 10.757172
 175.000000 11.039929
 176.000000 11.207906
 177.000000 11.133056
 178.000000 10.541634
 179.000000 10.319327
 180.000000 10.631720
 181.000000 10.683739
 182.000000 10.832427
 183.000000 11.248223
 184.000000 11.092711
 185.000000 11.495117
 186.000000 11.265749
 187.000000 10.988357
 188.000000 11.040361
 189.000000 11.237601
 190.000000 10.447363
 191.000000 9.816053
 192.000000 9.346716
 193.000000 10.221119
 194.000000 10.037578
 195.000000 9.972028
 196.000000 10.280152
 197.000000 10.697813
 198.000000 10.669187
 199.000000 10.598346
 200.000000 10.538350
 201.000000 10.796985
 202.000000 10.856164
 203.000000 10.748404
 204.000000 10.734282
 205.000000 13.564703
 206.000000 14.099290
 207.000000 12.144567
 208.000000 12.038300
 209.000000 12.235790
 210.000000 12.043436
 211.000000 12.252677
 212.000000 11.217935
 213.000000 10.897713
 214.000000 11.066136
 215.000000 11.182960
 216.000000 10.934601
 217.000000 11.029104
 218.000000 11.120028
 219.000000 11.726271
 220.000000 11.516057
 221.000000 11.562732
 222.000000 11.606156
 223.000000 11.720487
 224.000000 11.775627
 225.000000 11.106081
 226.000000 11.015986
 227.000000 11.091901
 228.000000 11.502353
 229.000000 11.066168
 230.000000 11.098711
 231.000000 10.991223
 232.000000 11.125403
 233.000000 10.971760
 234.000000 10.638263
 235.000000 10.493114
 236.000000 10.058523
 237.000000 10.660012
 238.000000 11.052618
 239.000000 11.006501
 240.000000 11.078460
 241.000000 10.429407
 242.000000 10.529184
 243.000000 11.014091
 244.000000 10.915399
 245.000000 10.463276
 246.000000 10.705390
 247.000000 11.092714
 248.000000 11.040043
 249.000000 10.875632
 250.000000 11.082025
 251.000000 10.836380
 252.000000 10.553065
 253.000000 10.472801
 254.000000 10.600585
 255.000000 10.926952
 256.000000 11.102824
 257.000000 10.924587
 258.000000 11.096705
 259.000000 11.691628
 260.000000 13.100592
 261.000000 13.927169
 262.000000 15.511564
 263.000000 15.754287
 264.000000 12.709377
 265.000000 14.023198
 266.000000 13.457730
 267.000000 13.375964
 268.000000 16.708051
 269.000000 16.862497
 270.000000 16.481494
 271.000000 18.189957
 272.000000 16.144871
 273.000000 15.901337
 274.000000 17.555191
 275.000000 15.302826
 276.000000 16.945984
 277.000000 15.463164
 278.000000 14.144417
 279.000000 13.573330
 280.000000 16.931820
 281.000000 17.353421
 282.000000 17.436858
 283.000000 17.890351
 284.000000 14.988583
 285.000000 16.602715
 286.000000 16.873128
 287.000000 17.269373
 288.000000 13.394977
 289.000000 15.012372
 290.000000 14.543514
 291.000000 12.664926
 292.000000 11.159796
 293.000000 11.435841
 294.000000 12.530033
 295.000000 13.131928
 296.000000 16.801804
 297.000000 17.782527
 298.000000 16.563334
 299.000000 15.897956
 300.000000 15.162384
 301.000000 14.605798
 302.000000 12.521603
 303.000000 13.227994
 304.000000 13.899419
 305.000000 15.527572
 306.000000 16.610529
 307.000000 15.868415
 308.000000 16.231288
 309.000000 16.716254
 310.000000 13.936958
 311.000000 13.840613
 312.000000 15.449004
 313.000000 17.751177
 314.000000 17.924930
 315.000000 17.334614
 316.000000 17.349051
 317.000000 17.096453
 318.000000 12.769790
 319.000000 12.940297
 320.000000 12.696316
 321.000000 11.733602
 322.000000 13.195549
 323.000000 14.768530
 324.000000 14.023975
 325.000000 15.523121
 326.000000 16.617147
 327.000000 16.619520
 328.000000 16.978283
 329.000000 18.101872
 330.000000 15.770178
 331.000000 17.049977
 332.000000 14.639399
 333.000000 13.521007
 334.000000 13.660162
 335.000000 13.324614
 336.000000 15.250671
 337.000000 14.328472
 338.000000 15.601522
 339.000000 14.415058
 340.000000 12.001655
 341.000000 11.972136
 342.000000 11.750592
 343.000000 12.124086
 344.000000 11.130615
 345.000000 10.764040
 346.000000 11.593146
 347.000000 10.944653
 348.000000 11.215381
 349.000000 10.901324
 350.000000 10.651910
 351.000000 10.587417
 352.000000 10.600657
 353.000000 10.997585
 354.000000 10.774463
 355.000000 10.969810
 356.000000 11.126882
 357.000000 10.895033
 358.000000 10.971549
 359.000000 10.715478
 360.000000 10.168519
 361.000000 10.169076
 362.000000 10.182390
 363.000000 10.004337
 364.000000 10.259637
 365.000000 9.491996
 366.000000 9.290549
 367.000000 9.235141
 368.000000 10.038146
 369.000000 10.262379
 370.000000 10.616232
 371.000000 10.659619
 372.000000 10.277397
 373.000000 10.280855
 374.000000 10.528088
 375.000000 10.807050
 376.000000 10.666058
 377.000000 10.506141
 378.000000 11.043544
 379.000000 10.843873
 380.000000 10.475378
 381.000000 10.596881
 382.000000 10.254212
 383.000000 9.564977
 384.000000 9.954163
 385.000000 10.130220
 386.000000 9.911932
 387.000000 10.050962
 388.000000 10.039739
 389.000000 10.022210
 390.000000 10.399143
 391.000000 10.645311
 392.000000 10.956099
 393.000000 10.343745
 394.000000 9.949789
 395.000000 10.166650
 396.000000 10.391119
 397.000000 10.140756
 398.000000 10.199189
 399.000000 10.007487
 400.000000 10.061416
 401.000000 10.193733
 402.000000 10.517014
 403.000000 10.486006
 404.000000 10.334381
 405.000000 10.718364
 406.000000 10.231152
 407.000000 10.137040
 408.000000 10.001547
 409.000000 10.177468
 410.000000 10.202726
 411.000000 10.245579
 412.000000 10.209095
 413.000000 10.628577
 414.000000 10.593124
 415.000000 10.801381
 416.000000 10.082569
 417.000000 10.207621
 418.000000 10.020016
 419.000000 9.996282
 420.000000 10.085609
 421.000000 10.438585
 422.000000 10.648298
 423.000000 10.449642
 424.000000 10.102173
 425.000000 10.184814
 426.000000 9.960984
 427.000000 9.939016
 428.000000 10.133500
 429.000000 10.329008
 430.000000 10.129719
 431.000000 10.287284
 432.000000 9.370555
 433.000000 9.565623
 434.000000 10.181363
 435.000000 10.304252
 436.000000 10.621252
 437.000000 10.823634
 438.000000 10.781506
 439.000000 10.905319
 440.000000 10.992277
 441.000000 11.003500
 442.000000 11.114061
 443.000000 10.578095
 444.000000 10.923452
 445.000000 10.585239
 446.000000 11.310779
 447.000000 15.071832
 448.000000 13.452314
 449.000000 15.654349
 450.000000 17.705242
 451.000000 17.579285
 452.000000 16.295917
 453.000000 17.142202
 454.000000 14.785537
 455.000000 17.822402
 456.000000 17.953455
 457.000000 14.976967
 458.000000 17.209151
 459.000000 16.945982
 460.000000 16.356780
 461.000000 16.411273
 462.000000 17.669030
 463.000000 17.218712
 464.000000 15.090692
 465.000000 12.995597
 466.000000 14.043213
 467.000000 14.299386
 468.000000 13.754113
 469.000000 12.185364
 470.000000 11.572634
 471.000000 11.429380
 472.000000 12.362910
 473.000000 12.500826
 474.000000 13.795224
 475.000000 11.811541
 476.000000 11.600217
 477.000000 13.002399
 478.000000 16.062556
 479.000000 16.653068
 480.000000 14.947848
 481.000000 16.825414
 482.000000 16.545214
 483.000000 17.682529
 484.000000 17.818069
 485.000000 16.912146
 486.000000 13.754509
 487.000000 12.728800
 488.000000 14.250768
 489.000000 12.565668
 490.000000 11.348744
 491.000000 12.625617
 492.000000 12.156015
 493.000000 11.812897
 494.000000 12.642574
 495.000000 13.530542
 496.000000 13.557046
 497.000000 15.810668
 498.000000 17.122053
 499.000000 16.668158
 500.000000 17.541169
 501.000000 17.634190
 502.000000 17.098081
 503.000000 16.303370
 504.000000 13.849069
 505.000000 14.530915
 506.000000 14.446901
 507.000000 16.083886
 508.000000 16.831497
 509.000000 17.499923
 510.000000 17.168162
 511.000000 17.266783
 512.000000 16.054175
 513.000000 13.441116
 514.000000 12.071243
 515.000000 14.368116
 516.000000 12.533551
 517.000000 14.074621
 518.000000 14.604306
 519.000000 15.139565
 520.000000 16.075768
 521.000000 13.690069
 522.000000 15.118603
 523.000000 14.210524
 524.000000 11.761934
 525.000000 11.687083
 526.000000 13.627320
 527.000000 12.457856
 528.000000 12.279025
 529.000000 11.744771
 530.000000 12.969867
 531.000000 14.939274
 532.000000 15.720495
 533.000000 17.798792
 534.000000 15.772328
 535.000000 15.576954
 536.000000 14.738610
 537.000000 15.388993
 538.000000 14.896338
 539.000000 14.315691
 540.000000 15.247852
 541.000000 14.816334
 542.000000 16.514047
 543.000000 17.645520
 544.000000 17.848425
 545.000000 14.336892
 546.000000 13.062980
 547.000000 11.334576
 548.000000 10.696058
 549.000000 10.948283
 550.000000 10.822615
 551.000000 10.548087
 552.000000 10.641148
 553.000000 10.834863
 554.000000 9.717619
 555.000000 9.576467
 556.000000 9.973136
 557.000000 10.538267
 558.000000 10.345548
 559.000000 10.242851
 560.000000 10.809368
 561.000000 10.982624
 562.000000 10.369109
 563.000000 10.730214
 564.000000 11.255109
 565.000000 10.844990
 566.000000 10.531414
 567.000000 10.228450
 568.000000 10.635800
 569.000000 10.738201
 570.000000 11.035667
 571.000000 11.106430
 572.000000 11.387259
 573.000000 11.393693
 574.000000 11.448489
 575.000000 11.409308
 576.000000 12.228480
 577.000000 12.341930
 578.000000 12.336327
 579.000000 15.030298
 580.000000 13.739983
 581.000000 13.537297
 582.000000 13.687897
 583.000000 12.692796
 584.000000 13.701744
 585.000000 13.911435
 586.000000 13.244847
 587.000000 12.049210
 588.000000 13.122507
 589.000000 13.188224
 590.000000 12.915935
 591.000000 13.450178
 592.000000 13.351521
 593.000000 11.780651
 594.000000 11.691732
 595.000000 12.190860
 596.000000 11.689018
 597.000000 10.812109
 598.000000 10.985315
 599.000000 10.659068
 600.000000 10.320463
 601.000000 10.164493
 602.000000 10.256740
 603.000000 10.119304
 604.000000 10.142413
 605.000000 10.681225
 606.000000 10.699235
 607.000000 10.376215
 608.000000 10.746645
 609.000000 10.653051
 610.000000 10.617438
 611.000000 10.078558
 612.000000 9.953913
 613.000000 9.492240
 614.000000 9.545142
 615.000000 9.059774
 616.000000 9.263104
 617.000000 9.215930
 618.000000 9.879861
 619.000000 9.460252
 620.000000 9.953268
 621.000000 10.129922
 622.000000 9.966110
 623.000000 10.093894
 624.000000 10.236644
 625.000000 10.234640
 626.000000 10.734080
 627.000000 11.235835
 628.000000 11.588675
 629.000000 11.058019
 630.000000 11.074329
 631.000000 10.895624
 632.000000 10.586370
 633.000000 10.660723
 634.000000 10.802503
 635.000000 11.124653
 636.000000 11.178915
 637.000000 10.956919
 638.000000 11.172235
 639.000000 11.068965
 640.000000 11.037190
 641.000000 10.718414
 642.000000 10.748920
 643.000000 10.813220
 644.000000 10.805119
 645.000000 10.931277
 646.000000 10.960536
 647.000000 10.967576
 648.000000 10.396240
 649.000000 10.832734
 650.000000 10.942915
 651.000000 10.828562
 652.000000 10.874624
 653.000000 10.710879
 654.000000 10.416141
 655.000000 10.285077
 656.000000 10.625650
 657.000000 10.740908
 658.000000 10.339126
 659.000000 10.097285
 660.000000 10.730075
 661.000000 10.969554
 662.000000 10.344422
 663.000000 10.404165
 664.000000 10.615631
 665.000000 10.344816
 666.000000 10.608795
 667.000000 11.013961
 668.000000 10.717536
 669.000000 11.048736
 670.000000 10.968765
 671.000000 10.969643
 672.000000 11.007579
 673.000000 10.719156
 674.000000 10.503322
 675.000000 10.598433
 676.000000 10.609575
 677.000000 10.472028
 678.000000 10.210838
 679.000000 9.928362
 680.000000 9.973134
 681.000000 10.085544
 682.000000 10.102615
 683.000000 10.108364
 684.000000 10.045100
 685.000000 9.952495
 686.000000 9.980110
 687.000000 10.154146
 688.000000 10.411379
 689.000000 10.192103
 690.000000 10.382914
 691.000000 10.414258
 692.000000 10.908414
 693.000000 10.929025
 694.000000 10.718273
 695.000000 10.967583
 696.000000 11.001418
 697.000000 10.813142
 698.000000 10.977422
 699.000000 10.978425
 700.000000 10.823157
 701.000000 11.272717
 702.000000 12.325973
 703.000000 14.521785
 704.000000 14.829801
 705.000000 14.805691
 706.000000 14.193094
 707.000000 15.017126
 708.000000 15.932087
 709.000000 17.839651
 710.000000 17.023710
 711.000000 16.770883
 712.000000 15.985283
 713.000000 17.133574
 714.000000 17.140051
 715.000000 16.905879
 716.000000 16.943407
 717.000000 15.663233
 718.000000 15.192003
 719.000000 15.787962
 720.000000 13.677448
 721.000000 12.899386
 722.000000 13.332193
 723.000000 13.773101
 724.000000 12.629412
 725.000000 12.252378
 726.000000 13.402474
 727.000000 11.939046
 728.000000 11.780733
 729.000000 13.419873
 730.000000 13.349973
 731.000000 12.729019
 732.000000 12.343682
 733.000000 12.951696
 734.000000 14.780830
 735.000000 14.150678
 736.000000 16.523955
 737.000000 15.965619
 738.000000 16.858172
 739.000000 16.679443
 740.000000 15.928594
 741.000000 14.998001
 742.000000 16.892504
 743.000000 15.709840
 744.000000 13.150538
 745.000000 11.838916
 746.000000 13.306565
 747.000000 14.162933
 748.000000 14.880512
 749.000000 14.954884
 750.000000 16.220152
 751.000000 16.410808
 752.000000 17.160599
 753.000000 15.806244
 754.000000 15.814348
 755.000000 14.608388
 756.000000 15.037080
 757.000000 15.321438
 758.000000 14.979252
 759.000000 15.339287
 760.000000 14.121870
 761.000000 14.129178
 762.000000 13.652581
 763.000000 13.716378
 764.000000 12.520729
 765.000000 12.892234
 766.000000 15.255461
 767.000000 16.949223
 768.000000 16.591562
 769.000000 15.540781
 770.000000 12.052067
 771.000000 11.367635
 772.000000 11.579459
 773.000000 11.690053
 774.000000 11.608697
 775.000000 11.522620
 776.000000 12.085186
 777.000000 11.527307
 778.000000 11.767595
 779.000000 11.736190
 780.000000 11.796030
 781.000000 11.713568
 782.000000 11.987692
 783.000000 12.455602
 784.000000 13.256271
 785.000000 14.378638
 786.000000 13.684299
 787.000000 13.089066
 788.000000 13.786557
 789.000000 13.560761
 790.000000 15.381531
 791.000000 16.483088
 792.000000 17.071301
 793.000000 16.357137
 794.000000 17.938288
 795.000000 16.660576
 796.000000 15.479199
 797.000000 15.926455
 798.000000 15.042532
 799.000000 12.476562
 800.000000 12.067754
 801.000000 14.355375
 802.000000 14.961748
 803.000000 15.721110
 804.000000 13.354449
 805.000000 14.654054
 806.000000 12.782872
 807.000000 11.727460
 808.000000 11.124492
 809.000000 12.458020
 810.000000 11.681379
 811.000000 11.750810
 812.000000 13.645789
 813.000000 13.591505
 814.000000 13.313169
 815.000000 13.132392
 816.000000 14.973000
 817.000000 16.988433
 818.000000 17.977213
 819.000000 16.878590
 820.000000 16.548082
 821.000000 15.758902
 822.000000 14.430923
 823.000000 16.322212
 824.000000 15.452096
 825.000000 13.830658
 826.000000 12.370582
 827.000000 11.747409
 828.000000 11.924528
 829.000000 11.405493
 830.000000 11.219315
 831.000000 11.136549
 832.000000 11.648139
 833.000000 11.411111
 834.000000 11.295775
 835.000000 10.919641
 836.000000 11.177605
 837.000000 11.708502
 838.000000 11.182845
 839.000000 12.046012
 840.000000 11.682565
 841.000000 13.440308
 842.000000 14.523405
 843.000000 15.480585
 844.000000 17.850565
 845.000000 17.325322
 846.000000 17.052129
 847.000000 16.764103
 848.000000 16.063753
 849.000000 17.664649
 850.000000 17.124911
 851.000000 13.430642
 852.000000 13.300287
 853.000000 13.057411
 854.000000 14.482851
 855.000000 17.488983
 856.000000 17.621395
 857.000000 17.348923
 858.000000 17.769213
 859.000000 16.407655
 860.000000 13.449574
 861.000000 12.144573
 862.000000 12.138626
 863.000000 14.728615
 864.000000 15.078143
 865.000000 15.819137
 866.000000 13.303004
 867.000000 16.768981
 868.000000 16.466238
 869.000000 16.267841
 870.000000 16.123369
 871.000000 16.383229
 872.000000 15.564194
 873.000000 15.203289
 874.000000 14.733347
 875.000000 15.801865
 876.000000 14.283455
 877.000000 14.756153
 878.000000 14.554764
 879.000000 12.420018
 880.000000 14.052530
 881.000000 16.664254
 882.000000 16.381758
 883.000000 17.160214
 884.000000 16.096383
 885.000000 17.442755
 886.000000 16.501847
 887.000000 16.192248
 888.000000 15.545048
 889.000000 17.421587
 890.000000 17.034475
 891.000000 17.864984
 892.000000 18.044711
 893.000000 17.401728
 894.000000 17.673091
 895.000000 16.864777
 896.000000 16.947619
 897.000000 17.605545
 898.000000 17.826313
 899.000000 16.063704
 900.000000 16.519517
 901.000000 15.812694
 902.000000 14.612216
 903.000000 15.230227
 904.000000 15.357549
 905.000000 16.155170
 906.000000 15.148628
 907.000000 11.414240
 908.000000 11.193641
 909.000000 11.100389
 910.000000 11.185189
 911.000000 11.111095
 912.000000 11.350224
 913.000000 11.099939
 914.000000 11.173582
 915.000000 11.087215
 916.000000 10.987222
 917.000000 10.919042
 918.000000 10.952247
 919.000000 10.617532
 920.000000 10.508081
 921.000000 10.346526
 922.000000 10.119129
 923.000000 9.716049
 924.000000 9.490243
 925.000000 9.992540
 926.000000 9.494892
 927.000000 9.538042
 928.000000 9.832069
 929.000000 9.137720
 930.000000 9.162171
 931.000000 9.511974
 932.000000 9.724366
 933.000000 9.889079
 934.000000 9.514712
 935.000000 10.124930
 936.000000 10.499686
 937.000000 10.857988
 938.000000 10.634583
 939.000000 10.355785
 940.000000 10.363476
 941.000000 10.787676
 942.000000 10.462348
 943.000000 10.711482
 944.000000 10.961806
 945.000000 11.317506
 946.000000 10.967179
 947.000000 11.122577
 948.000000 10.828083
 949.000000 10.749458
 950.000000 10.562574
 951.000000 10.806060
 952.000000 10.598742
 953.000000 10.414116
 954.000000 10.414893
 955.000000 10.387653
 956.000000 10.340518
 957.000000 10.191988
 958.000000 10.409618
 959.000000 10.748505
 960.000000 10.631704
 961.000000 10.427071
 962.000000 10.096704
 963.000000 10.083009
 964.000000 10.881303
 965.000000 10.420453
 966.000000 10.494856
 967.000000 10.421372
 968.000000 10.474977
 969.000000 10.169482
 970.000000 10.254630
 971.000000 10.996653
 972.000000 10.955513
 973.000000 11.029398
 974.000000 10.865781
 975.000000 10.909971
 976.000000 11.138029
 977.000000 11.330050
 978.000000 11.724751
 979.000000 12.615660
 980.000000 16.559250
 981.000000 14.867642
 982.000000 16.091542
 983.000000 15.701017
 984.000000 14.895767
 985.000000 17.077874
 986.000000 15.305262
 987.000000 17.928470
 988.000000 17.211400
 989.000000 15.971749
 990.000000 13.832836
 991.000000 13.571306
 992.000000 12.502729
 993.000000 13.394871
 994.000000 14.761379
 995.000000 14.285225
 996.000000 14.819716
 997.000000 15.342315
 998.000000 13.441273
 999.000000 12.288554
 1000.000000 11.760583
 1001.000000 12.605097
 1002.000000 13.095438
 1003.000000 12.427017
 1004.000000 12.678769
 1005.000000 12.299131
 1006.000000 12.273734
 1007.000000 13.232575
 1008.000000 13.337602
 1009.000000 12.972842
 1010.000000 13.200210
 1011.000000 12.168294
 1012.000000 11.664915
 1013.000000 11.421585
 1014.000000 11.917468
 1015.000000 11.708493
 1016.000000 11.430464
 1017.000000 11.301842
 1018.000000 11.386096
 1019.000000 11.222612
 1020.000000 11.217804
 1021.000000 11.286434
 1022.000000 11.652484
 1023.000000 11.890742
 1024.000000 11.663804
 1025.000000 11.549677
 1026.000000 11.623874
 1027.000000 11.723001
 1028.000000 11.891669
 1029.000000 11.795840
 1030.000000 11.645103
 1031.000000 11.984566
 1032.000000 11.935890
 1033.000000 11.436280
 1034.000000 11.776047
 1035.000000 11.447676
 1036.000000 11.395850
 1037.000000 11.360896
 1038.000000 11.547486
 1039.000000 12.944181
 1040.000000 13.155938
 1041.000000 14.853981
 1042.000000 16.006603
 1043.000000 18.030306
 1044.000000 17.352251
 1045.000000 15.031605
 1046.000000 14.683059
 1047.000000 13.193428
 1048.000000 12.277108
 1049.000000 16.789150
 1050.000000 17.863466
 1051.000000 17.174075
 1052.000000 17.002825
 1053.000000 15.454513
 1054.000000 14.285647
 1055.000000 14.244393
 1056.000000 12.689904
 1057.000000 11.743828
 1058.000000 12.460965
 1059.000000 12.352617
 1060.000000 13.308682
 1061.000000 17.676418
 1062.000000 16.772635
 1063.000000 17.417637
 1064.000000 17.334563
 1065.000000 16.712667
 1066.000000 17.055375
 1067.000000 17.110099
 1068.000000 16.824869
 1069.000000 17.873792
 1070.000000 17.544304
 1071.000000 17.250240
 1072.000000 16.400176
 1073.000000 15.367773
 1074.000000 14.445308
 1075.000000 15.582322
 1076.000000 14.077138
 1077.000000 15.481841
 1078.000000 16.030335
 1079.000000 15.151473
 1080.000000 14.417142
 1081.000000 13.529100
 1082.000000 13.891195
 1083.000000 14.272664
 1084.000000 16.684127
 1085.000000 14.943570
 1086.000000 14.349223
 1087.000000 13.507218
 1088.000000 13.443821
 1089.000000 17.930718
 1090.000000 17.590040
 1091.000000 16.502943
 1092.000000 17.781108
 1093.000000 17.446240
 1094.000000 14.669944
 1095.000000 11.904678
 1096.000000 15.490796
 1097.000000 12.620443
 1098.000000 13.936895
 1099.000000 14.255349
 1100.000000 13.732212
 1101.000000 13.492569
 1102.000000 12.030859
 1103.000000 12.278471
 1104.000000 13.229865
 1105.000000 15.524545
 1106.000000 13.461966
 1107.000000 13.025347
 1108.000000 11.147624
 1109.000000 10.667347
 1110.000000 10.326964
 1111.000000 10.250883
 1112.000000 10.289668
 1113.000000 10.716027
 1114.000000 10.452475
 1115.000000 10.842803
 1116.000000 11.076533
 1117.000000 10.995195
 1118.000000 10.869296
 1119.000000 10.227306
 1120.000000 10.145106
 1121.000000 10.181570
 1122.000000 10.253901
 1123.000000 10.183091
 1124.000000 10.282552
 1125.000000 10.245987
 1126.000000 10.080318
 1127.000000 10.113300
 1128.000000 9.962721
 1129.000000 9.724866
 1130.000000 9.683791
 1131.000000 9.614498
 1132.000000 9.622036
 1133.000000 9.815289
 1134.000000 9.896636
 1135.000000 9.922066
 1136.000000 9.963871
 1137.000000 9.810519
 1138.000000 9.934019
 1139.000000 9.914979
 1140.000000 9.893634
 1141.000000 9.846646
 1142.000000 9.848224
 1143.000000 9.951050
 1144.000000 9.834401
 1145.000000 9.902444
 1146.000000 9.864615
 1147.000000 9.889365
 1148.000000 9.848338
 1149.000000 9.894911
 1150.000000 9.863459
 1151.000000 9.916057
 1152.000000 9.820231
 1153.000000 9.976798
 1154.000000 9.798842
 1155.000000 9.805286
 1156.000000 9.806403
 1157.000000 9.794869
 1158.000000 9.767724
 1159.000000 9.815840
 1160.000000 9.780886
 1161.000000 9.852904
 1162.000000 9.833501
 1163.000000 9.801103
 1164.000000 9.772556
 1165.000000 9.771404
 1166.000000 9.834415
 1167.000000 9.889441
 1168.000000 9.917094
 1169.000000 9.906369
 1170.000000 9.956804
 1171.000000 9.913733
 1172.000000 9.983279
 1173.000000 9.942388
 1174.000000 9.853652
 1175.000000 9.894645
 1176.000000 9.932369
 1177.000000 9.876232
 1178.000000 9.952731
 1179.000000 9.848283
 1180.000000 10.063017
 1181.000000 9.923902
 1182.000000 9.878948
 1183.000000 9.806257
 1184.000000 9.721817
 1185.000000 9.755578
 1186.000000 9.855424
 1187.000000 9.857040
 1188.000000 9.875057
 1189.000000 9.939998
 1190.000000 9.894585
 1191.000000 9.838446
 1192.000000 9.894079
 1193.000000 9.817237
 1194.000000 9.850357
 1195.000000 9.883062
 1196.000000 9.833721
 1197.000000 9.825776
 1198.000000 9.932724
 1199.000000 9.945336
 1200.000000 9.910539
 1201.000000 9.836409
 1202.000000 9.917917
 1203.000000 9.917104
 1204.000000 9.876830
 1205.000000 9.919032
 1206.000000 9.842938
 1207.000000 9.848497
 1208.000000 9.879194
 1209.000000 9.864441
 1210.000000 9.862071
 1211.000000 9.928722
 1212.000000 9.924650
 1213.000000 9.892186
 1214.000000 9.926244
 1215.000000 9.888902
 1216.000000 9.925630
 1217.000000 9.937314
 1218.000000 9.831390
 1219.000000 9.952967
 1220.000000 9.927377
 1221.000000 9.938553
 1222.000000 9.963598
 1223.000000 9.939547
 1224.000000 9.839553
 1225.000000 9.855166
 1226.000000 9.880699
 1227.000000 9.910164
 1228.000000 9.916893
 1229.000000 9.933699
 1230.000000 9.869093
 1231.000000 9.847285
 1232.000000 9.893839
 1233.000000 9.887161
 1234.000000 9.859790
 1235.000000 9.927495
 1236.000000 9.910315
 1237.000000 9.893364
 1238.000000 9.914532
 1239.000000 9.921245
 1240.000000 9.888001
 1241.000000 9.894544
 1242.000000 9.958554
 1243.000000 9.895739
 1244.000000 9.895952
 1245.000000 9.903737
 1246.000000 9.903326
 1247.000000 9.927947
 1248.000000 9.925662
 1249.000000 9.883200
 1250.000000 9.940004
 1251.000000 9.856850
 1252.000000 9.902745
 1253.000000 9.995997
 1254.000000 9.947282
 1255.000000 9.867973
 1256.000000 9.879256
 1257.000000 10.050738
 1258.000000 9.975829
 1259.000000 9.794070
 1260.000000 9.904896
 1261.000000 9.890530
 1262.000000 9.996478
 1263.000000 9.909065
 1264.000000 9.880201
 1265.000000 9.899604
 1266.000000 9.873226
 1267.000000 9.826744
 1268.000000 9.957925
 1269.000000 9.983080
 1270.000000 9.959377
 1271.000000 9.942631
 1272.000000 9.904180
 1273.000000 9.890915
 1274.000000 9.887599
 1275.000000 9.943305
 1276.000000 9.891813
 1277.000000 10.041557
 1278.000000 9.910282
 1279.000000 10.007962
 1280.000000 10.006306
 1281.000000 9.970508
 1282.000000 9.923240
 1283.000000 9.908330
 1284.000000 9.906993
 1285.000000 9.956476
 1286.000000 9.958599
 1287.000000 9.907304
 1288.000000 9.918070
 1289.000000 9.890102
 1290.000000 9.883842
 1291.000000 9.857665
 1292.000000 9.927854
 1293.000000 9.874570
 1294.000000 9.917275
 1295.000000 9.836856
 1296.000000 9.925339
 1297.000000 9.843623
 1298.000000 9.866276
 1299.000000 9.900080
 1300.000000 9.921469
 1301.000000 9.864361
 1302.000000 9.901014
 1303.000000 9.861435
 1304.000000 9.938973
 1305.000000 9.814904
 1306.000000 9.917246
 1307.000000 9.895742
 1308.000000 9.918300
 1309.000000 9.919547
 1310.000000 10.000399
 1311.000000 9.906671
 1312.000000 9.895821
 1313.000000 9.846835
 1314.000000 9.912672
 1315.000000 9.843111
 1316.000000 9.957043
 1317.000000 9.845276
 1318.000000 9.889884
 1319.000000 9.946234
 1320.000000 9.958717
 1321.000000 9.886065
 1322.000000 9.965270
 1323.000000 9.912547
 1324.000000 9.897922
 1325.000000 9.924866
 1326.000000 9.946025
 1327.000000 9.895813
 1328.000000 9.923155
 1329.000000 9.950773
 1330.000000 9.975605
 1331.000000 9.925291
 1332.000000 9.910045
 1333.000000 9.971947
 1334.000000 9.899463
 1335.000000 9.919452
 1336.000000 9.975334
 1337.000000 9.972135
 1338.000000 9.892743
 1339.000000 9.892586
 1340.000000 9.931146
 1341.000000 9.909661
 1342.000000 9.893876
 1343.000000 9.967602
 1344.000000 9.979338
 1345.000000 9.898567
 1346.000000 9.908267
 1347.000000 9.977205
 1348.000000 9.846656
 1349.000000 9.881391
 1350.000000 9.896771
 1351.000000 9.862693
 1352.000000 9.861921
 1353.000000 9.903955
 1354.000000 9.907956
 1355.000000 9.930210
 1356.000000 9.869619
 1357.000000 9.931732
 1358.000000 9.889706
 1359.000000 9.957498
 1360.000000 9.992588
 1361.000000 9.913237
 1362.000000 9.905057
 1363.000000 9.978440
 1364.000000 9.994660
 1365.000000 10.012394
 1366.000000 9.876972
 1367.000000 9.897282
 1368.000000 9.879978
 1369.000000 9.912433
 1370.000000 9.882069
 1371.000000 9.932033
 1372.000000 9.866320
 1373.000000 9.859627
 1374.000000 9.887689
 1375.000000 9.894220
 1376.000000 9.896712
 1377.000000 9.939038
 1378.000000 9.844720
 1379.000000 9.859983
 1380.000000 9.914699
 1381.000000 9.905835
 1382.000000 9.921633
 1383.000000 9.939557
 1384.000000 9.906096
 1385.000000 9.861807
 1386.000000 9.910014
 1387.000000 9.882877
 1388.000000 9.904718
 1389.000000 9.896515
 1390.000000 9.946704
 1391.000000 9.832173
 1392.000000 9.798183
 1393.000000 9.913589
 1394.000000 9.915397
 1395.000000 9.845896
 1396.000000 9.938078
 1397.000000 9.932323
 1398.000000 9.810670
 1399.000000 9.810513
 1400.000000 9.745983
 1401.000000 9.846642
 1402.000000 10.048035
 1403.000000 10.131778
 1404.000000 9.948099
 1405.000000 9.852191
 1406.000000 9.784590
 1407.000000 9.725477
 1408.000000 9.796612
 1409.000000 9.750203
 1410.000000 9.742433
 1411.000000 9.863178
 1412.000000 9.847117
 1413.000000 9.892568
 1414.000000 9.781156
 1415.000000 9.746367
 1416.000000 9.785117
 1417.000000 9.880024
 1418.000000 9.815550
 1419.000000 9.841972
 1420.000000 9.878889
 1421.000000 9.876820
 1422.000000 9.816380
 1423.000000 9.895998
 1424.000000 9.893953
 1425.000000 9.929591
 1426.000000 9.922011
 1427.000000 9.844486
 1428.000000 9.923633
 1429.000000 9.949104
 1430.000000 9.851926
 1431.000000 9.752021
 1432.000000 9.706053
 1433.000000 9.363868
 1434.000000 9.374936
 1435.000000 9.308152
 1436.000000 9.389395
 1437.000000 9.310055
 1438.000000 9.325435
 1439.000000 9.320688
 1440.000000 9.417668
 1441.000000 9.405680
 1442.000000 9.382356
 1443.000000 9.396841
 1444.000000 9.440489
 1445.000000 9.377368
 1446.000000 9.398554
 1447.000000 9.397587
 1448.000000 9.429849
 1449.000000 9.390981
 1450.000000 9.424412
 1451.000000 9.437428
 1452.000000 9.515734
 1453.000000 9.420816
 1454.000000 9.460122
 1455.000000 9.500142
 1456.000000 9.400987
 1457.000000 9.418752
 1458.000000 9.452004
 1459.000000 9.432494
 1460.000000 9.406605
 1461.000000 9.423511
 1462.000000 9.452077
 1463.000000 9.444041
 1464.000000 9.462870
 1465.000000 9.493643
 1466.000000 9.444156
 1467.000000 9.406189
 1468.000000 9.391022
 1469.000000 9.436484
 1470.000000 9.456767
 1471.000000 9.434507
 1472.000000 9.461632
 1473.000000 9.417005
 1474.000000 9.442458
 1475.000000 9.373335
 1476.000000 9.435389
 1477.000000 9.432219
 1478.000000 9.438787
 1479.000000 9.447931
 1480.000000 9.397438
 1481.000000 9.400463
 1482.000000 9.371666
 1483.000000 9.303554
 1484.000000 9.374933
 1485.000000 9.313225
 1486.000000 9.372764
 1487.000000 9.355756
 1488.000000 9.392890
 1489.000000 9.352264
 1490.000000 9.373860
 1491.000000 9.362391
 1492.000000 9.292047
 1493.000000 9.373925
 1494.000000 9.357927
 1495.000000 9.385291
 1496.000000 9.469538
 1497.000000 9.380697
 1498.000000 9.331442
 1499.000000 9.356064
 1500.000000 9.405970
 1501.000000 9.428029
 1502.000000 9.410900
 1503.000000 9.459863
 1504.000000 9.420878
 1505.000000 9.440172
 1506.000000 9.430110
 1507.000000 9.428720
 1508.000000 9.435573
 1509.000000 9.327277
 1510.000000 9.397357
 1511.000000 9.338136
 1512.000000 9.370933
 1513.000000 9.407785
 1514.000000 9.298987
 1515.000000 9.402839
 1516.000000 9.354341
 1517.000000 9.482773
 1518.000000 9.433284
 1519.000000 9.375817
 1520.000000 9.386732
 1521.000000 9.391133
 1522.000000 9.372394
 1523.000000 9.443166
 1524.000000 9.483950
 1525.000000 9.424942
 1526.000000 9.393966
 1527.000000 9.420000
 1528.000000 9.360538
 1529.000000 9.431780
 1530.000000 9.378424
 1531.000000 9.415895
 1532.000000 9.398350
 1533.000000 9.434900
 1534.000000 9.393819
 1535.000000 9.350599
 1536.000000 9.382609
 1537.000000 9.466947
 1538.000000 9.420247
 1539.000000 9.319153
 1540.000000 9.351304
 1541.000000 9.446560
 1542.000000 9.444801
 1543.000000 9.469083
 1544.000000 9.429523
 1545.000000 9.301596
 1546.000000 9.330956
 1547.000000 9.379563
 1548.000000 9.430097
 1549.000000 9.374561
 1550.000000 9.400111
 1551.000000 9.332860
 1552.000000 9.396241
 1553.000000 9.313960
 1554.000000 9.330200
 1555.000000 9.358822
 1556.000000 9.362983
 1557.000000 9.386716
 1558.000000 9.319463
 1559.000000 9.318490
 1560.000000 9.279277
 1561.000000 9.341490
 1562.000000 9.355608
 1563.000000 9.336003
 1564.000000 9.369207
 1565.000000 9.355460
 1566.000000 9.312253
 1567.000000 9.336871
 1568.000000 9.342482
 1569.000000 9.398167
 1570.000000 9.324929
 1571.000000 9.346586
 1572.000000 9.381419
 1573.000000 9.352999
 1574.000000 9.355715
 1575.000000 9.340324
 1576.000000 9.353628
 1577.000000 9.377085
 1578.000000 9.469330
 1579.000000 9.370443
 1580.000000 9.359640
 1581.000000 9.355595
 1582.000000 9.431288
 1583.000000 9.408441
 1584.000000 9.421607
 1585.000000 9.386949
 1586.000000 9.450201
 1587.000000 9.435335
 1588.000000 9.381731
 1589.000000 9.424127
 1590.000000 9.373715
 1591.000000 9.440824
 1592.000000 9.389906
 1593.000000 9.428334
 1594.000000 9.410093
 1595.000000 9.345393
 1596.000000 9.533644
 1597.000000 9.367701
 1598.000000 9.463559
 1599.000000 9.374783
 1600.000000 9.397664
 1601.000000 9.389466
 1602.000000 9.452631
 1603.000000 9.356241
 1604.000000 9.416753
 1605.000000 9.477261
 1606.000000 9.397063
 1607.000000 9.322778
 1608.000000 9.308072
 1609.000000 9.337718
 1610.000000 9.383411
 1611.000000 9.368071
 1612.000000 9.361789
 1613.000000 9.338328
 1614.000000 9.403661
 1615.000000 9.385661
 1616.000000 9.385370
 1617.000000 9.447927
 1618.000000 9.464397
 1619.000000 9.425230
 1620.000000 9.427584
 1621.000000 9.454980
 1622.000000 9.424477
 1623.000000 9.454393
 1624.000000 9.443905
 1625.000000 9.416924
 1626.000000 9.500956
 1627.000000 9.467329
 1628.000000 9.466144
 1629.000000 9.418534
 1630.000000 9.453312
 1631.000000 9.476102
 1632.000000 9.410531
 1633.000000 9.409071
 1634.000000 9.551857
 1635.000000 9.482883
 1636.000000 9.459108
 1637.000000 9.522598
 1638.000000 9.531630
 1639.000000 9.946156
 1640.000000 9.930853
 1641.000000 9.923991
 1642.000000 9.888817
 1643.000000 9.866729
 1644.000000 9.838516
 1645.000000 9.836962
 1646.000000 9.825070
 1647.000000 9.892490
 1648.000000 9.745922
 1649.000000 9.829310
 1650.000000 9.768595
 1651.000000 9.787411
 1652.000000 9.845519
 1653.000000 9.815691
 1654.000000 9.817826
 1655.000000 9.921769
 1656.000000 10.029738
 1657.000000 10.201543
 1658.000000 10.497845
 1659.000000 10.553501
 1660.000000 10.375476
 1661.000000 10.198447
 1662.000000 10.187739
 1663.000000 10.372919
 1664.000000 10.615027
 1665.000000 10.706634
 1666.000000 11.386810
 1667.000000 11.603518
 1668.000000 11.781628
 1669.000000 11.517767
 1670.000000 11.915929
 1671.000000 12.157485
 1672.000000 12.133710
 1673.000000 11.998975
 1674.000000 12.579201
 1675.000000 12.780503
 1676.000000 12.703848
 1677.000000 13.192378
 1678.000000 14.687087
 1679.000000 16.452452
 1680.000000 16.128950
 1681.000000 16.612349
 1682.000000 17.491737
 1683.000000 17.296315
 1684.000000 15.508273
 1685.000000 14.151140
 1686.000000 14.353837
 1687.000000 13.532202
 1688.000000 13.826434
 1689.000000 14.551574
 1690.000000 17.862003
 1691.000000 17.263909
 1692.000000 15.975055
 1693.000000 17.788171
 1694.000000 17.372654
 1695.000000 17.677539
 1696.000000 16.110579
 1697.000000 15.672015
 1698.000000 16.554854
 1699.000000 14.162612
 1700.000000 13.504400
 1701.000000 14.057139
 1702.000000 16.026129
 1703.000000 17.430634
 1704.000000 17.692676
 1705.000000 17.727986
 1706.000000 16.332505
 1707.000000 15.491376
 1708.000000 13.377235
 1709.000000 12.476063
 1710.000000 13.943690
 1711.000000 14.452673
 1712.000000 16.203615
 1713.000000 15.864175
 1714.000000 14.935356
 1715.000000 16.262004
 1716.000000 14.556055
 1717.000000 11.197613
 1718.000000 12.021834
 1719.000000 13.285570
 1720.000000 17.161578
 1721.000000 16.712455
 1722.000000 15.795974
 1723.000000 15.360699
 1724.000000 16.341540
 1725.000000 14.193762
 1726.000000 13.692859
 1727.000000 12.700631
 1728.000000 12.455667
 1729.000000 12.781965
 1730.000000 12.476778
 1731.000000 12.234155
 1732.000000 12.186191
 1733.000000 12.222114
 1734.000000 12.020156
 1735.000000 11.971907
 1736.000000 12.821568
 1737.000000 13.732610
 1738.000000 13.627125
 1739.000000 14.691055
 1740.000000 14.604539
 1741.000000 14.187421
 1742.000000 12.813652
 1743.000000 14.276280
 1744.000000 16.275896
 1745.000000 15.632127
 1746.000000 15.117191
 1747.000000 15.397805
 1748.000000 17.340496
 1749.000000 14.945527
 1750.000000 14.008571
 1751.000000 16.195457
 1752.000000 16.124587
 1753.000000 14.211212
 1754.000000 15.837885
 1755.000000 13.713248
 1756.000000 13.705788
 1757.000000 11.284810
 1758.000000 10.942958
 1759.000000 10.912740
 1760.000000 10.974188
 1761.000000 10.629744
 1762.000000 10.506974
 1763.000000 11.077009
 1764.000000 11.729744
 1765.000000 11.759573
 1766.000000 13.445466
 1767.000000 14.340017
 1768.000000 14.334970
 1769.000000 13.438460
 1770.000000 15.957138
 1771.000000 17.243466
 1772.000000 17.453222
 1773.000000 15.942200
 1774.000000 17.503619
 1775.000000 14.323076
 1776.000000 13.916474
 1777.000000 13.714048
 1778.000000 13.065431
 1779.000000 12.831286
 1780.000000 13.445208
 1781.000000 12.297709
 1782.000000 11.463399
 1783.000000 10.955970
 1784.000000 11.177819
 1785.000000 11.450161
 1786.000000 11.518040
 1787.000000 12.128775
 1788.000000 15.112850
 1789.000000 17.758610
 1790.000000 17.807059
 1791.000000 17.802356
 1792.000000 16.873541
 1793.000000 16.636286
 1794.000000 16.944805
 1795.000000 17.092874
 1796.000000 15.856867
 1797.000000 16.651663
 1798.000000 15.436171
 1799.000000 15.208006
 1800.000000 15.569343
 1801.000000 15.641412
 1802.000000 15.695117
 1803.000000 16.004007
 1804.000000 15.596195
 1805.000000 14.762129
 1806.000000 13.634183
 1807.000000 12.316200
 1808.000000 11.177189
 1809.000000 11.395793
 1810.000000 11.416954
 1811.000000 11.273395
 1812.000000 11.063853
 1813.000000 10.601490
 1814.000000 10.920584
 1815.000000 10.990752
 1816.000000 11.064239
 1817.000000 11.188491
 1818.000000 10.957026
 1819.000000 10.391985
 1820.000000 10.820354
 1821.000000 10.460872
 1822.000000 10.575979
 1823.000000 10.493091
 1824.000000 10.479029
 1825.000000 10.541935
 1826.000000 10.296387
 1827.000000 10.516414
 1828.000000 10.716207
 1829.000000 11.217319
 1830.000000 13.283058
 1831.000000 13.116304
 1832.000000 16.650479
 1833.000000 17.704957
 1834.000000 16.303695
 1835.000000 15.699308
 1836.000000 14.830518
 1837.000000 14.096749
 1838.000000 14.959668
 1839.000000 13.958006
 1840.000000 11.608968
 1841.000000 10.957671
 1842.000000 10.775326
 1843.000000 11.451641
 1844.000000 10.924952
 1845.000000 11.076087
 1846.000000 10.915415
 1847.000000 11.254276
 1848.000000 10.900401
 1849.000000 10.345626
 1850.000000 10.366773
 1851.000000 10.770709
 1852.000000 10.856304
 1853.000000 11.361211
 1854.000000 11.367421
 1855.000000 12.047913
 1856.000000 12.869532
 1857.000000 13.311656
 1858.000000 15.251540
 1859.000000 15.556355
 1860.000000 16.544471
 1861.000000 18.030860
 1862.000000 17.156509
 1863.000000 15.992565
 1864.000000 13.514308
 1865.000000 14.087194
 1866.000000 15.728240
 1867.000000 16.344198
 1868.000000 15.377406
 1869.000000 13.757295
 1870.000000 15.280502
 1871.000000 16.620239
 1872.000000 14.167715
 1873.000000 11.637982
 1874.000000 11.677394
 1875.000000 12.423220
 1876.000000 11.285179
 1877.000000 11.332096
 1878.000000 11.305697
 1879.000000 10.739458
 1880.000000 10.682755
 1881.000000 10.555815
 1882.000000 11.056102
 1883.000000 10.588195
 1884.000000 10.786994
 1885.000000 10.376119
 1886.000000 10.569601
 1887.000000 10.294550
 1888.000000 10.565996
 1889.000000 10.594337
 1890.000000 10.123088
 1891.000000 10.547651
 1892.000000 10.546429
 1893.000000 10.730590
 1894.000000 10.609471
 1895.000000 10.768904
 1896.000000 10.283821
 1897.000000 10.482410
 1898.000000 11.735477
 1899.000000 12.252887
 1900.000000 11.777315
 1901.000000 11.573826
 1902.000000 11.995866
 1903.000000 13.867374
 1904.000000 15.547165
 1905.000000 16.582573
 1906.000000 16.794642
 1907.000000 17.414871
 1908.000000 16.038097
 1909.000000 16.262071
 1910.000000 17.885359
 1911.000000 16.410714
 1912.000000 17.538326
 1913.000000 17.284720
 1914.000000 17.078640
 1915.000000 14.970574
 1916.000000 13.166277
 1917.000000 13.514233
 1918.000000 13.841860
 1919.000000 13.888565
 1920.000000 14.816353
 1921.000000 14.714528
 1922.000000 14.289056
 1923.000000 13.668390
 1924.000000 13.413219
 1925.000000 13.053578
 1926.000000 13.122778
 1927.000000 12.018481
 1928.000000 12.242774
 1929.000000 13.321389
 1930.000000 12.097299
 1931.000000 11.609365
 1932.000000 12.344322
 1933.000000 12.266497
 1934.000000 12.360875
 1935.000000 13.145048
 1936.000000 12.775842
 1937.000000 13.160333
 1938.000000 12.050372
 1939.000000 11.869714
 1940.000000 11.923207
 1941.000000 11.801958
 1942.000000 11.648092
 1943.000000 11.569791
 1944.000000 11.531987
 1945.000000 11.654499
 1946.000000 11.573769
 1947.000000 11.577911
 1948.000000 11.529287
 1949.000000 11.455282
 1950.000000 11.485591
 1951.000000 11.602750
 1952.000000 11.431955
 1953.000000 11.576318
 1954.000000 11.361165
 1955.000000 11.284844
 1956.000000 11.325823
 1957.000000 11.216138
 1958.000000 11.609235
 1959.000000 11.512797
 1960.000000 11.761055
 1961.000000 11.781087
 1962.000000 12.082362
 1963.000000 11.685334
 1964.000000 12.729454
 1965.000000 14.759106
 1966.000000 14.712939
 1967.000000 15.333008
 1968.000000 15.273506
 1969.000000 17.576703
 1970.000000 16.874977
 1971.000000 15.816711
 1972.000000 16.890414
 1973.000000 12.591047
 1974.000000 14.852381
 1975.000000 14.812254
 1976.000000 15.205351
 1977.000000 14.549152
 1978.000000 14.772469
 1979.000000 15.882328
 1980.000000 14.265810
 1981.000000 16.277837
 1982.000000 16.392521
 1983.000000 15.777470
 1984.000000 17.056683
 1985.000000 15.468931
 1986.000000 15.446451
 1987.000000 12.896917
 1988.000000 13.745842
 1989.000000 14.049918
 1990.000000 15.145301
 1991.000000 14.883629
 1992.000000 15.631326
 1993.000000 14.450565
 1994.000000 12.453492
 1995.000000 15.610408
 1996.000000 16.061188
 1997.000000 16.600702
 1998.000000 17.218837
 1999.000000 16.820976
 2000.000000 16.397004
 2001.000000 17.439188
 2002.000000 16.349995
 2003.000000 16.798556
 2004.000000 17.619337
 2005.000000 17.571837
 2006.000000 17.315078
 2007.000000 16.007509
 2008.000000 16.176664
 2009.000000 16.941432
 2010.000000 14.756286
 2011.000000 17.284992
 2012.000000 14.953586
 2013.000000 13.071264
 2014.000000 13.438931
 2015.000000 16.062640
 2016.000000 15.812752
 2017.000000 15.159526
 2018.000000 13.817758
 2019.000000 16.320144
 2020.000000 16.980110
 2021.000000 16.991701
 2022.000000 16.164566
 2023.000000 17.459900
 2024.000000 18.011284
