#! FIELDS time rmsd1 rmsd2
 0.000000 8.352277 0.485749
 1.000000 8.197087 0.473168
 2.000000 8.403571 0.453372
 3.000000 9.380671 0.490396
 4.000000 8.919083 0.475266
 5.000000 9.154896 0.460354
 6.000000 10.126794 0.442157
 7.000000 9.817412 0.461923
 8.000000 8.616040 0.511487
 9.000000 8.387397 0.473377
 10.000000 7.957374 0.472923
 11.000000 7.443535 0.465002
 12.000000 6.314922 0.387213
 13.000000 7.301702 0.446831
 14.000000 5.659575 0.425835
 15.000000 6.558699 0.438130
 16.000000 6.787160 0.500686
 17.000000 7.260721 0.432909
 18.000000 6.915715 0.451723
 19.000000 6.639761 0.442585
 20.000000 5.713196 0.541980
 21.000000 5.033739 0.537644
 22.000000 5.667180 0.526497
 23.000000 4.667633 0.571949
 24.000000 3.229489 0.530914
 25.000000 2.311780 0.446646
 26.000000 2.585773 0.463635
 27.000000 6.092475 0.459222
 28.000000 4.016014 0.481648
 29.000000 6.254525 0.492023
 30.000000 4.564318 0.447611
 31.000000 2.577430 0.465035
 32.000000 3.118133 0.469755
 33.000000 3.282078 0.455855
 34.000000 5.645031 0.503523
 35.000000 5.204184 0.487986
 36.000000 8.404482 0.448294
 37.000000 4.953371 0.436886
 38.000000 4.012607 0.519641
 39.000000 3.066777 0.495045
 40.000000 3.338083 0.496063
 41.000000 2.631386 0.517171
 42.000000 5.300027 0.488548
 43.000000 3.514258 0.584243
 44.000000 5.317152 0.568705
 45.000000 1.694001 0.583565
 46.000000 4.807911 0.502056
 47.000000 5.633776 0.534834
 48.000000 4.003229 0.569765
 49.000000 2.292967 0.564981
 50.000000 5.693803 0.564781
 51.000000 3.252202 0.560753
 52.000000 2.425889 0.582250
 53.000000 2.866750 0.595445
 54.000000 1.928638 0.636799
 55.000000 2.148413 0.652523
 56.000000 2.294166 0.564447
 57.000000 4.132467 0.518503
 58.000000 3.645534 0.598012
 59.000000 3.290450 0.553043
 60.000000 3.694519 0.617455
 61.000000 3.143199 0.553750
 62.000000 4.065797 0.585563
 63.000000 4.618189 0.614312
 64.000000 4.533976 0.592429
 65.000000 4.007381 0.631830
 66.000000 3.623323 0.697731
 67.000000 3.833521 0.611822
 68.000000 3.941503 0.555552
 69.000000 4.910319 0.563639
 70.000000 3.593360 0.457603
 71.000000 2.433928 0.543916
 72.000000 4.182694 0.469555
 73.000000 6.064475 0.486179
 74.000000 3.684399 0.482041
 75.000000 4.544606 0.657757
 76.000000 3.332124 0.594425
 77.000000 3.269990 0.633196
 78.000000 3.916396 0.645085
 79.000000 5.209746 0.644334
 80.000000 4.906785 0.573844
 81.000000 3.659723 0.544100
 82.000000 8.706813 0.564455
 83.000000 3.045583 0.550633
 84.000000 3.598783 0.620687
 85.000000 5.648159 0.592117
 86.000000 5.488862 0.573321
 87.000000 7.693905 0.592727
 88.000000 8.693034 0.614131
 89.000000 7.665553 0.608748
 90.000000 9.294647 0.489738
 91.000000 9.385677 0.564048
 92.000000 4.910899 0.631479
 93.000000 8.831020 0.602642
 94.000000 7.005091 0.550858
 95.000000 9.260283 0.532325
 96.000000 9.550280 0.538303
 97.000000 10.041313 0.533642
 98.000000 9.942876 0.600844
 99.000000 10.151442 0.579524
 100.000000 9.164291 0.642524
 101.000000 9.640946 0.565528
 102.000000 7.528706 0.636917
 103.000000 8.683258 0.626159
 104.000000 5.425795 0.516970
 105.000000 3.367475 0.532360
 106.000000 4.788708 0.609985
 107.000000 4.700271 0.549195
 108.000000 5.081450 0.527132
 109.000000 7.043506 0.669833
 110.000000 5.195654 0.689232
 111.000000 4.775742 0.662950
 112.000000 7.236164 0.692026
 113.000000 5.529836 0.686938
 114.000000 9.895230 0.670105
 115.000000 6.673877 0.577706
 116.000000 4.871392 0.636582
 117.000000 3.619254 0.604584
 118.000000 4.480165 0.669387
 119.000000 3.728862 0.694490
 120.000000 4.057470 0.725259
 121.000000 3.111668 0.704928
 122.000000 3.404737 0.723517
 123.000000 3.023498 0.726307
 124.000000 3.463469 0.711428
 125.000000 2.917869 0.718215
 126.000000 3.868957 0.792109
 127.000000 3.342659 0.776630
 128.000000 3.202186 0.735912
 129.000000 3.327650 0.737292
 130.000000 3.430304 0.812638
 131.000000 3.164000 0.812414
 132.000000 7.435301 0.840348
 133.000000 10.143883 0.864528
 134.000000 9.453352 0.850335
 135.000000 9.261091 0.911638
 136.000000 9.359683 0.910078
 137.000000 8.597660 0.901464
 138.000000 9.665100 0.855386
 139.000000 9.919715 0.843652
 140.000000 9.012834 0.881931
 141.000000 8.845694 0.829108
 142.000000 9.939848 0.852375
 143.000000 9.152935 0.849045
 144.000000 6.225210 0.822846
 145.000000 8.635296 0.857170
 146.000000 8.756179 0.815258
 147.000000 7.956199 0.766207
 148.000000 9.245205 0.710502
 149.000000 9.602083 0.774446
 150.000000 9.977324 0.715237
 151.000000 10.016972 0.774001
 152.000000 10.137260 0.742629
 153.000000 9.929525 0.781210
 154.000000 8.867250 0.721485
 155.000000 9.540202 0.709919
 156.000000 9.936299 0.815237
 157.000000 10.192952 0.818034
 158.000000 9.994157 0.739041
 159.000000 9.987277 0.762289
 160.000000 9.339728 0.764802
 161.000000 9.703382 0.695347
 162.000000 9.507392 0.760071
 163.000000 8.938311 0.660547
 164.000000 8.316355 0.673714
 165.000000 8.651119 0.656090
 166.000000 8.686452 0.697153
 167.000000 9.118532 0.680774
 168.000000 8.144201 0.696646
 169.000000 9.397792 0.767742
 170.000000 9.450636 0.789213
 171.000000 10.193999 0.866509
 172.000000 9.973315 0.725412
 173.000000 9.835090 0.713988
 174.000000 9.992014 0.763027
 175.000000 9.515001 0.650016
 176.000000 7.957561 0.701646
 177.000000 9.998900 0.706868
 178.000000 7.880339 0.702599
 179.000000 9.555414 0.710822
 180.000000 7.186840 0.776969
 181.000000 8.546896 0.718873
 182.000000 8.185381 0.681291
 183.000000 7.885381 0.631000
 184.000000 8.383008 0.601633
 185.000000 6.348956 0.677823
 186.000000 4.571482 0.757988
 187.000000 5.176808 0.792425
 188.000000 6.058820 0.683951
 189.000000 6.162921 0.669056
 190.000000 7.301247 0.636059
 191.000000 4.918886 0.613113
 192.000000 3.985604 0.582373
 193.000000 5.306920 0.671439
 194.000000 4.509482 0.639048
 195.000000 7.231962 0.599124
 196.000000 8.301052 0.691109
 197.000000 3.440446 0.630145
 198.000000 4.579216 0.591042
 199.000000 7.818983 0.624836
 200.000000 6.474765 0.530504
 201.000000 4.799775 0.545963
 202.000000 3.781327 0.550688
 203.000000 4.378226 0.548162
 204.000000 6.346541 0.555771
 205.000000 5.263798 0.547590
 206.000000 3.746823 0.530173
 207.000000 2.945371 0.475637
 208.000000 3.347860 0.525350
 209.000000 4.483746 0.491409
 210.000000 7.414776 0.525846
 211.000000 3.617098 0.568809
 212.000000 3.613321 0.540470
 213.000000 3.256176 0.578156
 214.000000 3.795711 0.570435
 215.000000 9.648712 0.559675
 216.000000 8.603395 0.527552
 217.000000 9.391858 0.498232
 218.000000 6.915897 0.518593
 219.000000 9.897118 0.462265
 220.000000 5.602217 0.546582
 221.000000 6.065334 0.546877
 222.000000 5.198440 0.491962
 223.000000 6.108207 0.526395
 224.000000 5.222595 0.525371
 225.000000 8.581044 0.526953
 226.000000 7.240140 0.568485
 227.000000 7.996131 0.540934
 228.000000 7.749619 0.569778
 229.000000 7.426228 0.593754
 230.000000 5.857818 0.617946
 231.000000 5.319774 0.625353
 232.000000 6.083063 0.561245
 233.000000 6.106967 0.600469
 234.000000 5.440843 0.655115
 235.000000 5.584631 0.562236
 236.000000 7.510788 0.527260
 237.000000 7.917112 0.557016
 238.000000 9.749289 0.601782
 239.000000 7.017791 0.593551
 240.000000 3.707157 0.612732
 241.000000 3.889919 0.698032
 242.000000 6.369766 0.720942
 243.000000 10.698376 0.740540
 244.000000 7.627146 0.711972
 245.000000 5.377124 0.685886
 246.000000 3.871618 0.585026
 247.000000 3.010823 0.568749
 248.000000 3.009069 0.523361
 249.000000 1.763348 0.588323
 250.000000 3.588205 0.708518
 251.000000 3.466034 0.708063
 252.000000 3.502372 0.736475
 253.000000 2.574195 0.683917
 254.000000 5.658687 0.685127
 255.000000 5.830359 0.664488
 256.000000 4.951102 0.738873
 257.000000 3.960023 0.819289
 258.000000 5.269535 0.904471
 259.000000 6.964440 0.912419
 260.000000 5.219275 0.797523
 261.000000 2.859391 0.895040
 262.000000 3.148102 0.916769
 263.000000 5.346819 0.841553
 264.000000 3.852773 0.742998
 265.000000 4.701418 0.731066
 266.000000 3.909468 0.722024
 267.000000 3.829090 0.728606
 268.000000 3.231291 0.817961
 269.000000 3.012662 0.727757
 270.000000 4.060947 0.676241
 271.000000 3.871171 0.768775
 272.000000 3.696538 0.660484
 273.000000 2.946531 0.680617
 274.000000 2.174152 0.609322
 275.000000 2.277433 0.707925
 276.000000 5.908038 0.615660
 277.000000 7.735457 0.592387
 278.000000 1.679345 0.636700
 279.000000 1.802906 0.681050
 280.000000 3.838634 0.671500
 281.000000 3.325964 0.729565
 282.000000 2.179105 0.701622
 283.000000 2.262071 0.657976
 284.000000 2.564102 0.672034
 285.000000 2.146786 0.639266
 286.000000 2.900101 0.578571
 287.000000 3.711479 0.721679
 288.000000 3.351003 0.689374
 289.000000 5.683319 0.692381
 290.000000 5.887286 0.661014
 291.000000 5.022572 0.691626
 292.000000 3.081762 0.695164
 293.000000 2.339122 0.682542
 294.000000 2.271433 0.696602
 295.000000 2.165127 0.655998
 296.000000 2.394297 0.743125
 297.000000 3.047180 0.639897
 298.000000 2.551513 0.684105
 299.000000 6.116523 0.686713
 300.000000 5.069491 0.776324
 301.000000 6.012636 0.765459
 302.000000 5.328395 0.740380
 303.000000 4.453968 0.780149
 304.000000 3.633388 0.804297
 305.000000 4.542892 0.873543
 306.000000 2.713330 0.888394
 307.000000 2.583846 0.828052
 308.000000 2.331904 0.811068
 309.000000 2.450070 0.767388
 310.000000 4.234686 0.775753
 311.000000 2.554093 0.763821
 312.000000 2.737911 0.741285
 313.000000 3.254191 0.685781
 314.000000 3.880105 0.706664
 315.000000 4.558166 0.707062
 316.000000 8.716242 0.678549
 317.000000 2.700109 0.687682
 318.000000 3.596640 0.729872
 319.000000 2.293009 0.736270
 320.000000 2.527118 0.737738
 321.000000 2.737227 0.705741
 322.000000 2.549102 0.701830
 323.000000 2.545674 0.757158
 324.000000 2.174152 0.716996
 325.000000 3.469761 0.770074
 326.000000 2.750171 0.818585
 327.000000 4.623698 0.803097
 328.000000 4.507706 0.732289
 329.000000 2.396203 0.696102
 330.000000 3.254598 0.750060
 331.000000 4.359682 0.757085
 332.000000 4.794201 0.749707
 333.000000 4.927384 0.685835
 334.000000 5.550796 0.706790
 335.000000 4.669060 0.725683
 336.000000 2.671215 0.707245
 337.000000 4.758282 0.729231
 338.000000 3.472215 0.712455
 339.000000 3.213544 0.762403
 340.000000 5.096011 0.741626
 341.000000 3.643106 0.699239
 342.000000 5.419907 0.664572
 343.000000 4.469309 0.731615
 344.000000 3.931183 0.773350
 345.000000 4.257305 0.792833
 346.000000 4.463394 0.797093
 347.000000 3.919053 0.903768
 348.000000 3.893179 0.828900
 349.000000 3.947134 0.807180
 350.000000 6.105066 0.784707
 351.000000 6.821888 0.830383
 352.000000 5.207778 0.767729
 353.000000 4.918921 0.846062
 354.000000 4.470678 0.913140
 355.000000 5.696916 0.846479
 356.000000 5.229704 0.818885
 357.000000 6.982936 0.787373
 358.000000 7.118137 0.786758
 359.000000 5.551206 0.841052
 360.000000 6.705428 0.786758
 361.000000 5.393418 0.791090
 362.000000 4.990312 0.781512
 363.000000 4.094609 0.848458
 364.000000 3.498718 0.813603
 365.000000 3.883988 0.764414
 366.000000 4.536591 0.783525
 367.000000 4.425921 0.751880
 368.000000 3.618047 0.763031
 369.000000 3.616618 0.811090
 370.000000 4.331969 0.812452
 371.000000 5.493782 0.826903
 372.000000 5.012801 0.797335
 373.000000 6.308909 0.801015
 374.000000 5.048524 0.812314
 375.000000 6.659947 0.788272
 376.000000 5.531710 0.786941
 377.000000 4.178528 0.830326
 378.000000 6.065749 0.830413
 379.000000 5.974632 0.846890
 380.000000 5.268896 0.797224
 381.000000 3.167843 0.815914
 382.000000 5.143773 0.868002
 383.000000 3.647653 0.876732
 384.000000 2.355806 0.850636
 385.000000 5.838741 0.844711
 386.000000 6.030197 0.870184
 387.000000 7.193801 0.908638
 388.000000 4.854402 0.873607
 389.000000 3.574358 0.876878
 390.000000 4.697361 0.911123
 391.000000 4.018328 0.873629
 392.000000 2.070228 0.888156
 393.000000 3.205732 0.872525
 394.000000 2.946432 0.870045
 395.000000 5.008094 0.902317
 396.000000 3.958558 0.894332
 397.000000 5.429663 0.927036
 398.000000 5.517549 0.861581
 399.000000 4.484968 0.913305
 400.000000 5.887994 0.919260
 401.000000 5.445889 0.871963
 402.000000 3.508530 0.882728
 403.000000 2.921256 0.877118
 404.000000 3.534683 0.905539
 405.000000 2.782938 0.836295
 406.000000 2.753420 0.852547
 407.000000 1.902344 0.832863
 408.000000 2.433506 0.883110
 409.000000 3.101328 0.831790
 410.000000 3.738308 0.886408
 411.000000 1.866645 0.840931
 412.000000 8.727863 0.889036
 413.000000 8.290076 0.861595
 414.000000 8.452192 0.842206
 415.000000 7.863032 0.856654
 416.000000 8.849472 0.842316
 417.000000 8.458958 0.901171
 418.000000 8.910944 0.857729
 419.000000 7.415823 0.849077
 420.000000 4.533917 0.788955
 421.000000 5.453000 0.835008
 422.000000 3.220471 0.810918
 423.000000 1.143167 0.809966
 424.000000 4.563157 0.845862
 425.000000 2.348307 0.828817
 426.000000 3.642695 0.902318
 427.000000 7.863936 0.926544
 428.000000 2.230522 0.903993
 429.000000 3.887773 0.896840
 430.000000 6.302732 0.925081
 431.000000 5.940169 0.836646
 432.000000 6.544962 0.880607
 433.000000 6.766404 0.827572
 434.000000 7.121045 0.855293
 435.000000 7.291957 0.865168
 436.000000 7.779476 0.833479
 437.000000 8.263006 0.760704
 438.000000 8.139967 0.808020
 439.000000 8.132006 0.830678
 440.000000 7.886650 0.816365
 441.000000 3.252987 0.829940
 442.000000 5.594556 0.818212
 443.000000 5.426489 0.829508
 444.000000 7.416688 0.822498
 445.000000 7.442968 0.827330
 446.000000 9.034256 0.837559
 447.000000 6.345509 0.793198
 448.000000 7.772396 0.807382
 449.000000 8.296476 0.823899
 450.000000 8.356115 0.818550
 451.000000 7.871967 0.758066
 452.000000 8.420688 0.784880
 453.000000 7.308055 0.707582
 454.000000 7.942820 0.668796
 455.000000 8.612441 0.684720
 456.000000 8.125599 0.708499
 457.000000 7.616201 0.694836
 458.000000 6.383732 0.725162
 459.000000 7.428480 0.708461
 460.000000 7.685204 0.750062
 461.000000 6.833451 0.760388
 462.000000 6.871638 0.797897
 463.000000 7.129344 0.735215
 464.000000 6.709527 0.779748
 465.000000 7.441926 0.765075
 466.000000 7.392542 0.755876
 467.000000 6.521666 0.756452
 468.000000 6.832970 0.732747
 469.000000 6.362828 0.763065
 470.000000 5.994005 0.785616
 471.000000 5.768255 0.798040
 472.000000 4.128473 0.860225
 473.000000 6.227558 0.821025
 474.000000 6.366066 0.826695
 475.000000 6.665706 0.796757
 476.000000 6.319624 0.823887
 477.000000 5.709208 0.827591
 478.000000 6.614467 0.787179
 479.000000 6.897917 0.798803
 480.000000 3.563841 0.789031
 481.000000 4.177754 0.821177
 482.000000 1.916196 0.839395
 483.000000 2.436344 0.847842
 484.000000 2.575622 0.844576
 485.000000 3.590549 0.866113
 486.000000 5.570983 0.836246
 487.000000 5.412961 0.868008
 488.000000 5.112666 0.873275
 489.000000 5.013568 0.857642
 490.000000 4.716977 0.848433
 491.000000 3.323669 0.873955
 492.000000 4.807884 0.843666
 493.000000 4.007999 0.893298
 494.000000 4.670346 0.838713
 495.000000 4.915173 0.857933
 496.000000 4.940702 0.873335
 497.000000 5.882868 0.912293
 498.000000 5.854153 0.908162
 499.000000 5.008535 0.806884
 500.000000 5.147193 0.878934
 501.000000 5.354051 0.872636
 502.000000 4.391130 0.853227
 503.000000 4.840937 0.892105
 504.000000 5.273060 0.837107
 505.000000 5.247472 0.845157
 506.000000 5.262774 0.842696
 507.000000 5.417773 0.841298
 508.000000 5.975534 0.860095
 509.000000 6.199560 0.862720
 510.000000 6.346225 0.911361
 511.000000 6.308636 0.886055
 512.000000 5.546474 0.865690
 513.000000 6.051229 0.876708
 514.000000 6.816234 0.897962
 515.000000 5.847561 0.916223
 516.000000 6.424392 0.853239
 517.000000 5.582520 0.881351
 518.000000 4.735988 0.847345
 519.000000 5.773883 0.876095
 520.000000 4.936757 0.863935
 521.000000 5.011294 0.861594
 522.000000 5.117642 0.866745
 523.000000 4.802384 0.837512
 524.000000 4.531351 0.913120
 525.000000 5.473140 0.914685
 526.000000 4.330134 0.882830
 527.000000 3.506584 0.888435
 528.000000 3.488671 0.880461
 529.000000 2.806012 0.912635
 530.000000 3.055680 0.893682
 531.000000 3.047648 0.901013
 532.000000 3.445608 0.905153
 533.000000 4.444365 0.903525
 534.000000 4.762392 0.912079
 535.000000 3.287956 0.907065
 536.000000 4.107633 0.910262
 537.000000 3.113205 0.895468
 538.000000 3.263376 0.904771
 539.000000 2.981202 0.900123
 540.000000 3.997096 0.862453
 541.000000 3.022403 0.937242
 542.000000 3.589378 0.893417
 543.000000 4.283562 0.856019
 544.000000 4.429321 0.878606
 545.000000 3.312979 0.904764
 546.000000 2.886089 0.917354
 547.000000 3.349452 0.909239
 548.000000 4.068119 0.868815
 549.000000 5.110474 0.911742
 550.000000 4.002155 0.902147
 551.000000 4.653101 0.911689
 552.000000 4.056598 0.912230
 553.000000 3.455199 0.893867
 554.000000 3.949751 0.857063
 555.000000 3.475034 0.885209
 556.000000 4.343331 0.878897
 557.000000 4.994976 0.867681
 558.000000 4.577232 0.902209
 559.000000 4.148008 0.872677
 560.000000 3.219419 0.922252
 561.000000 3.098695 0.906041
 562.000000 3.540365 0.891192
 563.000000 3.278441 0.861066
 564.000000 3.151615 0.870936
 565.000000 2.998832 0.865767
 566.000000 2.699453 0.881405
 567.000000 2.815250 0.871829
 568.000000 3.071553 0.894428
 569.000000 3.128420 0.933281
 570.000000 3.285717 0.910425
 571.000000 2.929817 0.857262
 572.000000 3.470369 0.849017
 573.000000 3.033703 0.911708
 574.000000 3.267555 0.912933
 575.000000 3.565656 0.832173
 576.000000 3.287247 0.851271
 577.000000 6.363543 0.871162
 578.000000 5.710084 0.912994
 579.000000 5.780987 0.914278
 580.000000 5.491153 0.908967
 581.000000 5.331833 0.923615
 582.000000 6.057440 0.939512
 583.000000 4.675399 0.906811
 584.000000 6.087352 0.902377
 585.000000 5.558597 0.918932
 586.000000 5.410718 0.825582
 587.000000 4.656095 0.856904
 588.000000 3.584258 0.892311
 589.000000 6.132935 0.891415
 590.000000 6.583559 0.906980
 591.000000 3.609983 0.930278
 592.000000 4.792424 0.899999
 593.000000 6.083393 0.939224
 594.000000 6.972168 0.944953
 595.000000 7.430181 0.942036
 596.000000 6.379105 0.957777
 597.000000 6.102717 0.948581
 598.000000 4.732849 0.943321
 599.000000 5.733410 0.948183
 600.000000 5.908876 0.941821
 601.000000 6.536380 0.931945
 602.000000 3.597438 0.913559
 603.000000 6.890387 0.932819
 604.000000 6.353936 0.902445
 605.000000 5.313190 0.907136
 606.000000 3.807494 0.944532
 607.000000 3.084057 0.899141
 608.000000 5.197076 0.912931
 609.000000 6.030949 0.914671
 610.000000 5.534812 0.904528
 611.000000 4.469192 0.881500
 612.000000 5.144373 0.938145
 613.000000 6.950012 0.902346
 614.000000 3.756503 0.865416
 615.000000 3.978584 0.928804
 616.000000 6.066499 0.854566
 617.000000 4.659215 0.846617
 618.000000 3.868143 0.888524
 619.000000 4.855656 0.898738
 620.000000 3.775930 0.880768
 621.000000 7.882531 0.880423
 622.000000 3.727555 0.846306
 623.000000 5.335238 0.879775
 624.000000 5.404350 0.838544
 625.000000 4.370044 0.882157
 626.000000 2.206754 0.863117
 627.000000 2.495066 0.902528
 628.000000 2.325948 0.866439
 629.000000 2.585361 0.865614
 630.000000 2.170681 0.838808
 631.000000 2.262125 0.863243
 632.000000 3.109615 0.819655
 633.000000 2.950380 0.868495
 634.000000 2.680740 0.848424
 635.000000 2.830238 0.857830
 636.000000 2.899939 0.854459
 637.000000 2.925168 0.847014
 638.000000 2.410825 0.865265
 639.000000 2.484994 0.861704
 640.000000 4.573847 0.861674
 641.000000 2.562632 0.879863
 642.000000 3.207339 0.889297
 643.000000 3.090166 0.870664
 644.000000 2.817272 0.893594
 645.000000 3.484402 0.890596
 646.000000 4.010572 0.911680
 647.000000 6.377136 0.868398
 648.000000 5.537997 0.910809
 649.000000 5.399702 0.866109
 650.000000 6.290142 0.914873
 651.000000 4.163297 0.899664
 652.000000 2.890394 0.886575
 653.000000 3.013057 0.925220
 654.000000 3.004177 0.883313
 655.000000 3.844257 0.869528
 656.000000 3.751784 0.893661
 657.000000 3.447865 0.885205
 658.000000 4.189984 0.876895
 659.000000 5.507270 0.899834
 660.000000 6.045821 0.917933
 661.000000 6.548313 0.890334
 662.000000 6.207984 0.902101
 663.000000 6.559184 0.904522
 664.000000 6.610290 0.908334
 665.000000 7.150156 0.910518
 666.000000 7.176863 0.960250
 667.000000 6.687075 0.931001
 668.000000 6.854427 0.932062
 669.000000 7.043432 0.900087
 670.000000 6.934393 0.920321
 671.000000 6.343887 0.888952
 672.000000 6.918155 0.867601
 673.000000 6.972453 0.877105
 674.000000 6.196452 0.916240
 675.000000 6.458318 0.973213
 676.000000 6.663642 0.970268
 677.000000 7.090894 0.954469
 678.000000 6.575460 0.965610
 679.000000 6.410969 0.959818
 680.000000 7.737732 0.998747
 681.000000 7.703065 0.990224
 682.000000 7.626381 0.996486
 683.000000 7.204431 0.977092
 684.000000 7.673946 0.959389
 685.000000 7.535890 0.961558
 686.000000 7.890122 1.006564
 687.000000 7.097432 0.990031
 688.000000 6.204485 0.956993
 689.000000 6.251450 0.994905
 690.000000 5.325746 1.030216
 691.000000 5.164156 1.016488
 692.000000 5.020163 0.971437
 693.000000 5.573846 0.920803
 694.000000 6.155649 0.943613
 695.000000 6.232276 0.927978
 696.000000 5.749233 0.939690
 697.000000 6.369777 0.949158
 698.000000 5.485633 0.928020
 699.000000 5.570808 0.945642
 700.000000 6.470156 0.948505
 701.000000 6.970022 0.999552
 702.000000 6.996291 0.992519
 703.000000 6.666317 0.960242
 704.000000 7.115471 0.957422
 705.000000 7.406753 1.003242
 706.000000 6.174271 0.958105
 707.000000 4.212573 1.021665
 708.000000 5.018885 0.999731
 709.000000 4.834931 0.919693
 710.000000 4.792062 0.968683
 711.000000 4.479842 0.963124
 712.000000 5.358038 0.973754
 713.000000 5.617281 0.929526
 714.000000 4.776170 0.967345
 715.000000 4.271701 0.942085
 716.000000 4.899110 0.933108
 717.000000 5.474947 0.966494
 718.000000 5.368955 0.932507
 719.000000 4.946774 0.943610
 720.000000 4.547503 0.936844
 721.000000 5.465877 0.927633
 722.000000 6.050120 0.963761
 723.000000 4.849764 0.949034
 724.000000 5.765202 0.947059
 725.000000 4.510869 0.971311
 726.000000 4.731625 0.948433
 727.000000 4.875577 0.968262
 728.000000 4.520188 0.981878
 729.000000 3.167699 1.005324
 730.000000 3.405760 0.973254
 731.000000 3.938715 0.941822
 732.000000 4.326829 0.948925
 733.000000 5.914918 0.973888
 734.000000 4.168175 0.961832
 735.000000 5.400316 1.007794
 736.000000 3.883558 0.946027
 737.000000 4.226852 0.967562
 738.000000 3.487388 0.919955
 739.000000 2.847256 0.899325
 740.000000 3.307742 0.929393
 741.000000 4.019431 0.948790
 742.000000 4.484002 0.961395
 743.000000 5.169413 0.984519
 744.000000 2.902335 0.962156
 745.000000 8.006340 0.919598
 746.000000 6.980086 0.962367
 747.000000 7.284487 0.930484
 748.000000 5.800209 0.937257
 749.000000 5.454211 0.892765
 750.000000 7.443241 0.952778
 751.000000 5.591498 0.920773
 752.000000 6.807076 0.959913
 753.000000 7.040625 0.988682
 754.000000 6.298502 0.949004
 755.000000 5.126946 0.925696
 756.000000 3.404002 0.919167
 757.000000 3.883026 0.917592
 758.000000 3.862208 0.905283
 759.000000 5.214604 0.915485
 760.000000 7.454737 0.951109
 761.000000 6.728224 0.924036
 762.000000 5.644855 0.895878
 763.000000 5.352860 0.931626
 764.000000 5.425921 0.956444
 765.000000 5.099178 0.974107
 766.000000 6.052681 0.944977
 767.000000 4.888911 0.962414
 768.000000 5.522109 0.989766
 769.000000 5.296696 0.939256
 770.000000 5.492572 0.929822
 771.000000 7.748438 0.914162
 772.000000 6.197966 0.951561
 773.000000 4.981792 1.005456
 774.000000 5.804533 1.062406
 775.000000 8.601976 1.072162
 776.000000 7.110851 1.016468
 777.000000 7.884690 1.036455
 778.000000 3.389403 1.047050
 779.000000 4.271273 1.016361
 780.000000 3.335747 0.937034
 781.000000 5.247842 0.907443
 782.000000 4.826920 0.866991
 783.000000 8.472394 0.869115
 784.000000 7.121693 0.817958
 785.000000 7.883527 0.821716
 786.000000 8.458080 0.859991
 787.000000 4.800318 0.849175
 788.000000 9.088316 0.837099
 789.000000 7.807712 0.810694
 790.000000 5.280743 0.827449
 791.000000 3.617767 0.857482
 792.000000 6.707740 0.828281
 793.000000 6.521209 0.875215
 794.000000 6.329754 0.853691
 795.000000 7.851209 0.861789
 796.000000 7.305312 0.843737
 797.000000 8.591013 0.856435
 798.000000 7.618210 0.829183
 799.000000 8.082094 0.834211
 800.000000 4.426979 0.838035
 801.000000 4.063940 0.844981
 802.000000 6.685511 0.839765
 803.000000 6.177521 0.857137
 804.000000 7.936690 0.838690
 805.000000 9.416852 0.845790
 806.000000 7.513444 0.837603
 807.000000 4.111289 0.804230
 808.000000 6.728997 0.815691
 809.000000 6.115535 0.840926
 810.000000 7.126318 0.887680
 811.000000 6.474719 0.872760
 812.000000 6.829227 0.875299
 813.000000 7.158489 0.869350
 814.000000 7.881441 0.893257
 815.000000 8.101731 0.917933
 816.000000 8.491999 0.923511
 817.000000 7.555968 0.923463
 818.000000 8.315908 0.927587
 819.000000 8.103515 0.999251
 820.000000 6.837114 1.025775
 821.000000 7.084602 1.001271
 822.000000 7.101780 0.985288
 823.000000 8.598948 1.041815
 824.000000 6.119226 1.010984
 825.000000 4.525262 0.975367
 826.000000 5.849382 0.974499
 827.000000 4.145247 0.954300
 828.000000 7.798397 0.935491
 829.000000 8.533030 0.953131
 830.000000 6.330427 0.979572
 831.000000 7.831870 0.966716
 832.000000 4.667951 0.994845
 833.000000 7.322505 0.953900
 834.000000 4.909166 0.973351
 835.000000 2.981381 0.926588
 836.000000 2.088351 0.894153
 837.000000 2.292051 0.876766
 838.000000 2.526314 0.885881
 839.000000 2.413340 0.851525
 840.000000 3.130505 0.853485
 841.000000 2.051283 0.869336
 842.000000 4.827549 0.857905
 843.000000 2.458466 0.846578
 844.000000 3.152405 0.915348
 845.000000 2.488272 0.907001
 846.000000 2.365694 0.891113
 847.000000 2.519756 0.903470
 848.000000 2.997767 0.876123
 849.000000 2.656290 0.867312
 850.000000 2.788647 0.874868
 851.000000 2.737873 0.839560
 852.000000 2.102465 0.907473
 853.000000 4.203906 0.886229
 854.000000 6.631097 0.907505
 855.000000 7.483402 0.890298
 856.000000 7.347526 0.875763
 857.000000 5.175290 0.859973
 858.000000 5.797062 0.889333
 859.000000 5.172857 0.894881
 860.000000 6.684683 0.869331
 861.000000 6.515536 0.870695
 862.000000 6.335089 0.870675
 863.000000 5.712123 0.882431
 864.000000 6.462349 0.868380
 865.000000 6.894494 0.872722
 866.000000 5.060988 0.844530
 867.000000 3.342738 0.882152
 868.000000 3.345489 0.891503
 869.000000 3.256549 0.894428
 870.000000 4.184602 0.891863
 871.000000 5.658543 0.890498
 872.000000 4.657860 0.893559
 873.000000 5.151434 0.879510
 874.000000 3.539752 0.872419
 875.000000 3.179847 0.869684
 876.000000 2.557866 0.852380
 877.000000 3.326784 0.847567
 878.000000 2.609884 0.858334
 879.000000 3.452933 0.884890
 880.000000 4.195449 0.897857
 881.000000 3.603448 0.857638
 882.000000 3.413297 0.796018
 883.000000 3.491837 0.845321
 884.000000 3.542259 0.829205
 885.000000 3.374167 0.868287
 886.000000 3.751990 0.855018
 887.000000 4.136460 0.805571
 888.000000 4.138479 0.824294
 889.000000 5.424829 0.879164
 890.000000 3.835056 0.896538
 891.000000 5.485164 0.862990
 892.000000 3.666791 0.914340
 893.000000 3.125930 0.879875
 894.000000 3.261324 0.894829
 895.000000 3.556111 0.868719
 896.000000 3.311013 0.892510
 897.000000 3.489252 0.893343
 898.000000 3.142669 0.942727
 899.000000 4.639340 0.882722
 900.000000 4.507243 0.890337
 901.000000 2.922167 0.907371
 902.000000 3.117615 0.937457
 903.000000 3.665262 0.948241
 904.000000 4.204815 0.925443
 905.000000 4.374104 0.920369
 906.000000 3.859061 0.901868
 907.000000 4.233979 0.912047
 908.000000 3.572351 0.954508
 909.000000 4.548381 0.912966
 910.000000 3.722294 0.946740
 911.000000 4.882865 0.926042
 912.000000 4.758410 0.908705
 913.000000 4.732824 0.900852
 914.000000 5.371935 0.927950
 915.000000 4.978778 0.948017
 916.000000 4.476022 0.907555
 917.000000 4.379606 0.877765
 918.000000 4.890729 0.919989
 919.000000 4.625812 0.952574
 920.000000 4.651878 0.951987
 921.000000 5.008447 0.934698
 922.000000 5.254980 0.878906
 923.000000 4.803472 0.885746
 924.000000 4.424219 0.892397
 925.000000 4.635447 0.930751
 926.000000 5.155218 0.975004
 927.000000 4.870614 0.946148
 928.000000 5.031888 0.935047
 929.000000 5.738436 0.895347
 930.000000 5.625168 0.904500
 931.000000 4.792330 0.867274
 932.000000 5.497265 0.908351
 933.000000 5.187996 0.944357
 934.000000 4.672283 0.937558
 935.000000 4.862907 0.913051
 936.000000 4.960476 0.921419
 937.000000 5.096688 0.949912
 938.000000 4.669669 0.963037
 939.000000 5.060104 0.934881
 940.000000 4.520338 0.932903
 941.000000 4.586481 0.915810
 942.000000 5.196337 0.945207
 943.000000 5.227486 0.909466
 944.000000 5.021031 0.920766
 945.000000 4.937010 0.890736
 946.000000 5.324898 0.874260
 947.000000 5.524586 0.882137
 948.000000 5.763084 0.846040
 949.000000 5.959869 0.831200
 950.000000 5.588551 0.863823
 951.000000 5.673297 0.851037
 952.000000 6.052180 0.909001
 953.000000 5.654199 0.899240
 954.000000 5.252318 0.873437
 955.000000 4.936122 0.864046
 956.000000 5.419667 0.871043
 957.000000 5.301361 0.912222
 958.000000 4.952958 0.893508
 959.000000 4.621165 0.828983
 960.000000 5.201731 0.825247
 961.000000 5.358172 0.841804
 962.000000 5.090130 0.876779
 963.000000 5.102935 0.805716
 964.000000 4.913581 0.852023
 965.000000 4.697809 0.847565
 966.000000 4.347830 0.825745
 967.000000 4.650774 0.869409
 968.000000 4.797363 0.893246
 969.000000 4.898456 0.902462
 970.000000 5.087542 0.880952
 971.000000 5.160401 0.871673
 972.000000 4.930531 0.883394
 973.000000 4.454410 0.868863
 974.000000 4.851071 0.868392
 975.000000 5.134823 0.913825
 976.000000 4.712552 0.886987
 977.000000 4.936723 0.865317
 978.000000 5.332061 0.878762
 979.000000 5.229858 0.852103
 980.000000 5.123887 0.898292
 981.000000 4.640527 0.878686
 982.000000 5.059846 0.839830
 983.000000 5.241816 0.860308
 984.000000 5.101306 0.869771
 985.000000 5.163806 0.896836
 986.000000 5.210004 0.861293
 987.000000 4.710797 0.845902
 988.000000 5.200929 0.867521
 989.000000 5.153317 0.853281
 990.000000 4.202846 0.852270
 991.000000 4.696853 0.844890
 992.000000 4.686119 0.876051
 993.000000 4.039143 0.875721
 994.000000 4.590784 0.827900
 995.000000 4.430102 0.819764
 996.000000 4.621649 0.820038
 997.000000 3.637975 0.864889
 998.000000 3.841616 0.864957
 999.000000 3.913255 0.865804
 1000.000000 3.677115 0.863949
 1001.000000 3.776606 0.853522
 1002.000000 2.974935 0.844243
 1003.000000 2.943979 0.851478
 1004.000000 3.483543 0.890642
 1005.000000 4.753620 0.895039
 1006.000000 4.305105 0.932991
 1007.000000 3.051092 0.894400
 1008.000000 3.864593 0.854731
 1009.000000 4.294735 0.816621
 1010.000000 4.925255 0.930453
 1011.000000 3.830400 0.888336
 1012.000000 4.966354 0.887865
 1013.000000 4.104626 0.887618
 1014.000000 5.002606 0.885191
 1015.000000 4.274690 0.889517
 1016.000000 2.938491 0.859588
 1017.000000 5.177425 0.893111
 1018.000000 3.076957 0.854895
 1019.000000 3.046657 0.890288
 1020.000000 2.176994 0.885562
 1021.000000 2.885400 0.881501
 1022.000000 3.344390 0.907614
 1023.000000 3.652478 0.876070
 1024.000000 3.228082 0.895354
 1025.000000 3.225028 0.911132
 1026.000000 2.692335 0.888830
 1027.000000 3.427131 0.888023
 1028.000000 3.009442 0.898344
 1029.000000 2.381946 0.872415
 1030.000000 2.708164 0.863625
 1031.000000 3.295426 0.882856
 1032.000000 2.490666 0.881976
 1033.000000 3.578026 0.936456
 1034.000000 3.566851 0.914550
 1035.000000 3.354231 0.931330
 1036.000000 3.246151 0.928548
 1037.000000 3.851088 0.903972
 1038.000000 3.946435 0.899619
 1039.000000 4.475786 0.850170
 1040.000000 4.227171 0.858265
 1041.000000 4.427755 0.860138
 1042.000000 4.055587 0.804501
 1043.000000 4.192402 0.800502
 1044.000000 4.259790 0.870428
 1045.000000 3.775962 0.830843
 1046.000000 3.493998 0.851875
 1047.000000 4.572680 0.877295
 1048.000000 4.325829 0.851610
 1049.000000 3.880044 0.884038
 1050.000000 4.602549 0.885689
 1051.000000 4.632151 0.894530
 1052.000000 4.261351 0.942040
 1053.000000 4.859917 0.895773
 1054.000000 4.850519 0.935388
 1055.000000 4.409404 0.925665
 1056.000000 4.322737 0.906623
 1057.000000 5.193705 0.895683
 1058.000000 5.002131 0.943906
 1059.000000 5.092797 0.869536
 1060.000000 5.728335 0.902409
 1061.000000 5.500767 0.850805
 1062.000000 5.748116 0.865014
 1063.000000 5.593385 0.886015
 1064.000000 5.453063 0.895969
 1065.000000 4.858724 0.935983
 1066.000000 4.478675 0.927402
 1067.000000 5.164201 0.955800
 1068.000000 5.585326 0.961284
 1069.000000 6.722679 0.950712
 1070.000000 6.768997 0.929569
 1071.000000 6.419771 0.982687
 1072.000000 6.534588 0.941061
 1073.000000 6.769733 0.970554
 1074.000000 7.082281 1.015959
 1075.000000 6.417000 0.953424
 1076.000000 6.881816 0.918717
 1077.000000 6.252212 0.970329
 1078.000000 6.165407 0.925724
 1079.000000 6.133160 0.944612
 1080.000000 6.077253 0.902294
 1081.000000 5.886467 0.937399
 1082.000000 6.048823 0.923822
 1083.000000 4.808686 0.889636
 1084.000000 5.509407 0.874074
 1085.000000 5.881140 0.895503
 1086.000000 5.835616 0.864291
 1087.000000 6.193764 0.811455
 1088.000000 6.197884 0.844197
 1089.000000 6.421117 0.899315
 1090.000000 6.293167 0.909581
 1091.000000 5.508438 0.879939
 1092.000000 5.146150 0.920560
 1093.000000 6.324907 0.867542
 1094.000000 5.982983 0.899438
 1095.000000 6.300035 0.857342
 1096.000000 6.355210 0.910416
 1097.000000 5.852518 0.901987
 1098.000000 4.933181 0.939090
 1099.000000 5.108806 0.953325
 1100.000000 5.123436 0.939554
 1101.000000 5.804807 0.962438
 1102.000000 5.524368 0.978629
 1103.000000 4.557927 0.909660
 1104.000000 5.442064 0.955160
 1105.000000 4.082477 0.908916
 1106.000000 4.824416 0.931878
 1107.000000 5.810838 0.869123
 1108.000000 5.532425 0.964041
 1109.000000 4.971200 0.944229
 1110.000000 6.326988 0.940664
 1111.000000 5.516497 0.960295
 1112.000000 6.253049 0.920963
 1113.000000 4.817865 0.898827
 1114.000000 5.097945 0.917009
 1115.000000 4.203290 0.902815
 1116.000000 4.353895 0.910917
 1117.000000 2.818427 0.913421
 1118.000000 2.714139 0.937382
 1119.000000 3.450914 0.881294
 1120.000000 3.655535 0.941335
 1121.000000 3.235074 0.885746
 1122.000000 2.824904 0.849259
 1123.000000 2.814863 0.891920
 1124.000000 2.480689 0.924804
 1125.000000 2.121347 0.950188
 1126.000000 2.115551 0.920750
 1127.000000 2.399065 0.921771
 1128.000000 2.012625 0.906543
 1129.000000 2.669259 0.968981
 1130.000000 2.349650 0.901017
 1131.000000 2.966093 0.915188
 1132.000000 2.913733 0.942348
 1133.000000 2.567025 0.931781
 1134.000000 3.552149 0.904212
 1135.000000 2.877829 0.915851
 1136.000000 3.446385 0.914692
 1137.000000 3.254370 0.958250
 1138.000000 3.084306 0.912511
 1139.000000 4.733125 0.931062
 1140.000000 4.583054 0.946584
 1141.000000 4.086909 0.946034
 1142.000000 4.196862 0.947363
 1143.000000 2.319111 0.902433
 1144.000000 4.042260 0.934858
 1145.000000 5.076322 0.917297
 1146.000000 4.240655 0.899980
 1147.000000 4.382886 0.949132
 1148.000000 5.087076 0.911608
 1149.000000 4.609374 0.946000
 1150.000000 4.921617 0.945787
 1151.000000 4.601957 0.901394
 1152.000000 4.683698 0.902588
 1153.000000 3.334804 0.890296
 1154.000000 2.863761 0.924882
 1155.000000 4.083487 0.875542
 1156.000000 4.198524 0.916777
 1157.000000 5.156716 0.915536
 1158.000000 5.050095 0.927823
 1159.000000 6.833829 0.890658
 1160.000000 5.390317 0.886989
 1161.000000 5.152732 0.878053
 1162.000000 4.385721 0.862400
 1163.000000 3.963729 0.848197
 1164.000000 4.684793 0.922416
 1165.000000 3.942184 0.885060
 1166.000000 3.432186 0.852304
 1167.000000 4.709259 0.821572
 1168.000000 2.517513 0.873916
 1169.000000 2.687110 0.829543
 1170.000000 3.018914 0.829805
 1171.000000 2.895375 0.823512
 1172.000000 3.659652 0.824441
 1173.000000 3.074385 0.865709
 1174.000000 4.303950 0.841928
 1175.000000 3.511734 0.825669
 1176.000000 4.321967 0.801541
 1177.000000 3.902711 0.829250
 1178.000000 5.336327 0.821777
 1179.000000 4.843395 0.794511
 1180.000000 4.292813 0.845343
 1181.000000 4.400687 0.831221
 1182.000000 4.933067 0.850393
 1183.000000 4.404826 0.875502
 1184.000000 2.284561 0.926374
 1185.000000 2.869052 0.896295
 1186.000000 3.119201 0.903299
 1187.000000 4.401060 0.926567
 1188.000000 4.060403 0.923499
 1189.000000 2.675176 0.911270
 1190.000000 2.489420 0.923936
 1191.000000 3.869829 0.927619
 1192.000000 3.774697 0.934844
 1193.000000 4.604702 0.914838
 1194.000000 4.529071 0.891036
 1195.000000 4.174248 0.860909
 1196.000000 4.832139 0.910263
 1197.000000 4.603943 0.861455
 1198.000000 4.226432 0.909820
 1199.000000 4.122743 0.902890
 1200.000000 3.680489 0.907041
 1201.000000 3.360979 0.878542
 1202.000000 2.859886 0.862133
 1203.000000 3.079914 0.891168
 1204.000000 2.706579 0.872518
 1205.000000 3.180698 0.886536
 1206.000000 3.049725 0.873188
 1207.000000 3.750153 0.976376
 1208.000000 3.242586 0.928957
 1209.000000 3.843072 0.928193
 1210.000000 3.303320 0.915276
 1211.000000 3.655646 0.892451
 1212.000000 3.521047 0.897299
 1213.000000 3.271344 0.837213
 1214.000000 3.311903 0.865661
 1215.000000 2.942407 0.890284
 1216.000000 2.042634 0.847733
 1217.000000 2.900214 0.874030
 1218.000000 5.173594 0.873244
 1219.000000 5.689748 0.879770
 1220.000000 5.672419 0.857134
 1221.000000 4.919693 0.853791
 1222.000000 4.709234 0.842548
 1223.000000 4.839076 0.821620
 1224.000000 3.963788 0.803232
 1225.000000 5.291205 0.867065
 1226.000000 5.570326 0.828683
 1227.000000 5.224147 0.849660
 1228.000000 6.257426 0.823264
 1229.000000 5.862925 0.852750
 1230.000000 5.205457 0.853334
 1231.000000 6.063172 0.784693
 1232.000000 7.426607 0.789319
 1233.000000 6.376029 0.891423
 1234.000000 5.659482 0.856386
 1235.000000 5.381455 0.811794
 1236.000000 6.748993 0.813890
 1237.000000 6.055728 0.823427
 1238.000000 6.392892 0.789337
 1239.000000 6.309157 0.818856
 1240.000000 7.191399 0.845570
 1241.000000 7.444660 0.835379
 1242.000000 7.742439 0.850130
 1243.000000 6.122997 0.816668
 1244.000000 7.210508 0.804461
 1245.000000 5.071546 0.832412
 1246.000000 7.135655 0.867360
 1247.000000 7.639053 0.866242
 1248.000000 6.148334 0.906842
 1249.000000 7.166666 0.894907
 1250.000000 6.444407 0.947534
 1251.000000 8.202379 0.912034
 1252.000000 8.731649 0.873434
 1253.000000 8.033762 0.884085
 1254.000000 7.589885 0.849481
 1255.000000 8.437514 0.830147
 1256.000000 7.431167 0.847824
 1257.000000 6.973637 0.850599
 1258.000000 6.798970 0.866015
 1259.000000 6.312519 0.847820
 1260.000000 6.975876 0.844529
 1261.000000 6.603524 0.819752
 1262.000000 6.154163 0.871531
 1263.000000 6.173126 0.837416
 1264.000000 6.194703 0.806859
 1265.000000 7.159764 0.852709
 1266.000000 7.829777 0.849488
 1267.000000 8.357845 0.823954
 1268.000000 7.625103 0.820859
 1269.000000 8.366145 0.854847
 1270.000000 8.357374 0.766246
 1271.000000 8.051055 0.793363
 1272.000000 7.585568 0.823249
 1273.000000 8.274784 0.830877
 1274.000000 7.201893 0.839910
 1275.000000 6.700211 0.815187
 1276.000000 7.562337 0.782966
 1277.000000 6.096207 0.835391
 1278.000000 4.807228 0.873373
 1279.000000 5.054950 0.802330
 1280.000000 3.908276 0.849970
 1281.000000 7.842910 0.829360
 1282.000000 3.439380 0.786875
 1283.000000 3.781687 0.850368
 1284.000000 7.527212 0.854324
 1285.000000 6.866880 0.818904
 1286.000000 2.736284 0.848253
 1287.000000 5.669451 0.801504
 1288.000000 5.318757 0.858868
 1289.000000 6.919520 0.852072
 1290.000000 7.188037 0.881520
 1291.000000 6.125665 0.837359
 1292.000000 6.233383 0.859613
 1293.000000 7.257383 0.806600
 1294.000000 5.330438 0.824213
 1295.000000 4.958392 0.830815
 1296.000000 7.318327 0.847403
 1297.000000 7.855022 0.827777
 1298.000000 8.202735 0.844067
 1299.000000 8.517164 0.869000
 1300.000000 8.510016 0.849671
 1301.000000 7.461513 0.853406
 1302.000000 7.696881 0.816138
 1303.000000 8.120060 0.814198
 1304.000000 8.666544 0.849552
 1305.000000 7.999343 0.859385
 1306.000000 7.632769 0.849230
 1307.000000 7.246174 0.845023
 1308.000000 7.028684 0.832480
 1309.000000 7.199496 0.828621
 1310.000000 6.435101 0.805958
 1311.000000 4.854025 0.863432
 1312.000000 5.343719 0.839254
 1313.000000 6.017701 0.838404
 1314.000000 6.119770 0.788351
 1315.000000 4.104349 0.799819
 1316.000000 5.601299 0.793200
 1317.000000 5.681069 0.847788
 1318.000000 5.051069 0.880634
 1319.000000 5.433494 0.885853
 1320.000000 5.719759 0.888489
 1321.000000 2.844173 0.880260
 1322.000000 7.185820 0.897321
 1323.000000 6.137496 0.850470
 1324.000000 7.172861 0.874242
 1325.000000 7.144014 0.868362
 1326.000000 7.595386 0.893593
 1327.000000 7.542740 0.876168
 1328.000000 7.490203 0.932390
 1329.000000 6.471308 0.973881
 1330.000000 5.171853 0.923842
 1331.000000 4.849416 0.877493
 1332.000000 4.368883 0.880482
 1333.000000 1.773557 0.828408
 1334.000000 5.897088 0.845043
 1335.000000 3.642101 0.862539
 1336.000000 2.550623 0.877544
 1337.000000 4.473339 0.904355
 1338.000000 3.502866 0.858827
 1339.000000 3.535710 0.872889
 1340.000000 5.425617 0.900712
 1341.000000 5.227260 0.877167
 1342.000000 3.059509 0.853086
 1343.000000 2.416373 0.887363
 1344.000000 2.538836 0.866468
 1345.000000 3.370129 0.855767
 1346.000000 3.383598 0.912356
 1347.000000 3.559088 0.823908
 1348.000000 3.652991 0.819391
 1349.000000 3.271935 0.848078
 1350.000000 3.818831 0.877484
 1351.000000 3.606774 0.882848
 1352.000000 2.950031 0.856046
 1353.000000 4.265605 0.857428
 1354.000000 5.052746 0.839515
 1355.000000 3.544745 0.856183
 1356.000000 3.043831 0.849945
 1357.000000 2.086512 0.841723
 1358.000000 6.245330 0.831940
 1359.000000 4.196438 0.823974
 1360.000000 2.522294 0.846725
 1361.000000 3.363864 0.847895
 1362.000000 2.140519 0.895843
 1363.000000 2.234163 0.894597
 1364.000000 2.579077 0.855680
 1365.000000 3.873075 0.880534
 1366.000000 3.755858 0.850914
 1367.000000 2.591849 0.861170
 1368.000000 5.865441 0.833295
 1369.000000 3.697923 0.849036
 1370.000000 6.406386 0.828179
 1371.000000 7.245286 0.808327
 1372.000000 7.960227 0.829155
 1373.000000 7.972597 0.863007
 1374.000000 7.466845 0.857743
 1375.000000 2.700065 0.844220
 1376.000000 1.864505 0.838128
 1377.000000 5.045077 0.807564
 1378.000000 2.410997 0.826061
 1379.000000 6.500433 0.836654
 1380.000000 2.994004 0.796060
 1381.000000 2.359050 0.836622
 1382.000000 2.097783 0.836518
 1383.000000 2.903950 0.840705
 1384.000000 3.497348 0.883026
 1385.000000 6.209194 0.863318
 1386.000000 7.731160 0.864729
 1387.000000 8.219204 0.879640
 1388.000000 8.482856 0.878590
 1389.000000 7.886147 0.866944
 1390.000000 7.841080 0.832581
 1391.000000 8.097319 0.878438
 1392.000000 4.250064 0.865720
 1393.000000 8.174541 0.847002
 1394.000000 3.569470 0.837665
 1395.000000 4.191261 0.839438
 1396.000000 4.001406 0.855214
 1397.000000 5.096228 0.865709
 1398.000000 5.425537 0.864304
 1399.000000 4.231494 0.850211
 1400.000000 3.197150 0.861999
 1401.000000 7.295292 0.868512
 1402.000000 1.784112 0.844119
 1403.000000 3.525192 0.822727
 1404.000000 5.679425 0.852206
 1405.000000 2.764284 0.820621
 1406.000000 1.386449 0.845510
 1407.000000 1.467469 0.855568
 1408.000000 2.561316 0.845257
 1409.000000 2.643881 0.847334
 1410.000000 2.693958 0.864028
 1411.000000 7.837613 0.847143
 1412.000000 4.307803 0.878569
 1413.000000 3.638102 0.833049
 1414.000000 4.425739 0.838939
 1415.000000 3.970457 0.872093
 1416.000000 5.033418 0.839895
 1417.000000 3.676795 0.831210
 1418.000000 4.835478 0.833879
 1419.000000 4.040376 0.834119
 1420.000000 2.107064 0.822603
 1421.000000 5.839717 0.818287
 1422.000000 8.138977 0.838226
 1423.000000 7.875361 0.849726
 1424.000000 6.526943 0.824629
 1425.000000 4.540739 0.814749
 1426.000000 6.903783 0.820898
 1427.000000 7.289321 0.796860
 1428.000000 7.837973 0.805155
 1429.000000 7.830278 0.784941
 1430.000000 7.586451 0.796808
 1431.000000 7.056199 0.797846
 1432.000000 7.192471 0.787513
 1433.000000 7.440194 0.787377
 1434.000000 7.398264 0.812104
 1435.000000 7.853381 0.812257
 1436.000000 7.358529 0.803527
 1437.000000 7.927766 0.799409
 1438.000000 7.149004 0.851419
 1439.000000 7.125734 0.824392
 1440.000000 8.494413 0.816847
 1441.000000 8.856393 0.762592
 1442.000000 9.018880 0.774282
 1443.000000 8.171412 0.791524
 1444.000000 7.284806 0.796646
 1445.000000 5.619667 0.786702
 1446.000000 8.066819 0.803405
 1447.000000 2.911505 0.798928
 1448.000000 4.643114 0.800220
 1449.000000 6.627117 0.806526
 1450.000000 6.576316 0.786436
 1451.000000 2.753331 0.771629
 1452.000000 5.830123 0.802973
 1453.000000 4.130293 0.801773
 1454.000000 7.201707 0.809357
 1455.000000 5.794094 0.778938
 1456.000000 6.128227 0.826144
 1457.000000 5.542339 0.869969
 1458.000000 3.548291 0.874275
 1459.000000 5.731399 0.891186
 1460.000000 5.327631 0.840774
 1461.000000 5.475230 0.844478
 1462.000000 6.133433 0.796788
 1463.000000 6.511811 0.799565
 1464.000000 6.650588 0.730692
 1465.000000 6.929031 0.729993
 1466.000000 5.410313 0.756116
 1467.000000 6.364559 0.741417
 1468.000000 6.403974 0.794534
 1469.000000 1.546642 0.691159
 1470.000000 1.315749 0.688090
 1471.000000 2.712642 0.727136
 1472.000000 3.946483 0.712344
 1473.000000 1.512137 0.774836
 1474.000000 6.986670 0.764178
 1475.000000 4.745105 0.803241
 1476.000000 5.593297 0.749963
 1477.000000 7.008470 0.738129
 1478.000000 7.413928 0.795116
 1479.000000 7.666764 0.844037
 1480.000000 3.799690 0.849044
 1481.000000 2.540295 0.771466
 1482.000000 2.136577 0.866790
 1483.000000 2.588831 0.982242
 1484.000000 2.058208 0.919165
 1485.000000 4.740890 0.954754
 1486.000000 2.729249 0.982225
 1487.000000 2.975968 0.998789
 1488.000000 4.943194 0.990171
 1489.000000 3.673824 1.005211
 1490.000000 3.571329 0.995872
 1491.000000 1.991514 1.003216
 1492.000000 2.486769 1.005600
 1493.000000 3.159200 0.942252
 1494.000000 2.055365 1.006140
 1495.000000 2.322433 0.964749
 1496.000000 4.874310 0.933617
 1497.000000 5.346867 0.930746
 1498.000000 5.589258 0.931306
 1499.000000 2.581255 0.906156
 1500.000000 4.957040 0.904469
 1501.000000 4.931958 0.848893
 1502.000000 1.978355 0.865117
 1503.000000 2.357174 0.799521
 1504.000000 2.992573 0.801214
 1505.000000 3.355789 0.740834
 1506.000000 1.589787 0.816141
 1507.000000 4.922366 0.833936
 1508.000000 1.976075 0.866414
 1509.000000 4.121288 0.866810
 1510.000000 3.600619 0.836886
 1511.000000 8.155804 0.818923
 1512.000000 5.400237 0.845363
 1513.000000 4.020118 0.873411
 1514.000000 1.968487 0.901947
 1515.000000 1.477794 0.833531
 1516.000000 2.150214 0.857952
 1517.000000 2.840801 0.850111
 1518.000000 3.921940 0.799889
 1519.000000 2.546091 0.749021
 1520.000000 3.907492 0.662456
 1521.000000 2.627180 0.665317
 1522.000000 2.143895 0.707321
 1523.000000 2.723732 0.719080
 1524.000000 2.574796 0.729645
 1525.000000 2.991117 0.748592
 1526.000000 3.268217 0.757691
 1527.000000 3.836660 0.745984
 1528.000000 5.558736 0.722084
 1529.000000 6.117939 0.730555
 1530.000000 5.401066 0.759665
 1531.000000 6.258120 0.776844
 1532.000000 5.967991 0.787564
 1533.000000 6.267225 0.806492
 1534.000000 6.726883 0.822644
 1535.000000 6.983616 0.840029
 1536.000000 6.838875 0.859571
 1537.000000 6.583711 0.821502
 1538.000000 7.966365 0.855196
 1539.000000 7.380282 0.897153
 1540.000000 6.364207 0.789016
 1541.000000 5.617097 0.798563
 1542.000000 7.554275 0.746918
 1543.000000 7.582018 0.744652
 1544.000000 6.195149 0.807420
 1545.000000 8.213983 0.838576
 1546.000000 4.651931 0.906024
 1547.000000 6.534918 0.833792
 1548.000000 7.834022 0.823524
 1549.000000 6.790201 0.807274
 1550.000000 7.103683 0.835737
 1551.000000 7.006317 0.858531
 1552.000000 7.280245 0.785979
 1553.000000 7.424397 0.808522
 1554.000000 7.347658 0.802501
 1555.000000 7.658833 0.765386
 1556.000000 6.535966 0.764984
 1557.000000 6.111474 0.753665
 1558.000000 3.806651 0.818964
 1559.000000 2.607645 0.846842
 1560.000000 6.166883 0.814862
 1561.000000 4.647597 0.770915
 1562.000000 5.992129 0.811584
 1563.000000 6.241288 0.845984
 1564.000000 6.337327 0.808405
 1565.000000 4.870558 0.796602
 1566.000000 3.624003 0.816041
 1567.000000 4.606698 0.811846
 1568.000000 7.934746 0.850148
 1569.000000 5.034125 0.831044
 1570.000000 2.499704 0.822785
 1571.000000 2.844496 0.824728
 1572.000000 1.836022 0.775322
 1573.000000 4.312833 0.782801
 1574.000000 3.571515 0.808182
 1575.000000 4.103186 0.774880
 1576.000000 2.247594 0.792731
 1577.000000 2.833159 0.832437
 1578.000000 2.332798 0.804576
 1579.000000 4.329318 0.801095
 1580.000000 5.793378 0.819879
 1581.000000 5.465605 0.771991
 1582.000000 5.095252 0.732849
 1583.000000 5.664261 0.721554
 1584.000000 6.006936 0.711423
 1585.000000 5.947775 0.777125
 1586.000000 6.614401 0.758509
 1587.000000 7.001072 0.823380
 1588.000000 7.116989 0.809241
 1589.000000 6.997795 0.798501
 1590.000000 6.764224 0.809397
 1591.000000 6.454923 0.765469
 1592.000000 4.686119 0.798131
 1593.000000 6.270910 0.749041
 1594.000000 7.068967 0.796966
 1595.000000 7.391892 0.755779
 1596.000000 6.324673 0.769976
 1597.000000 6.689639 0.825725
 1598.000000 4.015581 0.762783
 1599.000000 7.748215 0.828707
 1600.000000 8.068570 0.826109
 1601.000000 8.047088 0.841484
 1602.000000 7.434035 0.760054
 1603.000000 7.184778 0.862899
 1604.000000 7.218239 0.826940
 1605.000000 6.256728 0.840505
 1606.000000 5.842012 0.775766
 1607.000000 6.815088 0.782376
 1608.000000 6.968788 0.803366
 1609.000000 5.773940 0.815075
 1610.000000 6.468914 0.778035
 1611.000000 5.362600 0.744441
 1612.000000 4.614397 0.767395
 1613.000000 5.452559 0.755767
 1614.000000 5.991383 0.770037
 1615.000000 6.049038 0.880104
 1616.000000 5.848199 0.940344
 1617.000000 7.089668 0.832409
 1618.000000 5.044814 0.824152
 1619.000000 7.268525 0.843805
 1620.000000 6.924966 0.861404
 1621.000000 6.309513 0.849365
 1622.000000 7.715204 0.828604
 1623.000000 7.443202 0.771121
 1624.000000 7.748034 0.773032
 1625.000000 2.861033 0.784137
 1626.000000 7.136778 0.846065
 1627.000000 7.282444 0.809711
 1628.000000 5.972684 0.835806
 1629.000000 7.760236 0.839519
 1630.000000 6.911087 0.802297
 1631.000000 7.632217 0.746959
 1632.000000 7.607036 0.792668
 1633.000000 5.071396 0.802998
 1634.000000 7.741124 0.816032
 1635.000000 8.031940 0.829067
 1636.000000 7.496064 0.810635
 1637.000000 6.838406 0.805705
 1638.000000 7.633141 0.811174
 1639.000000 8.136022 0.819074
 1640.000000 8.276984 0.841386
 1641.000000 7.007871 0.806236
 1642.000000 8.437912 0.855300
 1643.000000 8.402837 0.861307
 1644.000000 7.247417 0.860045
 1645.000000 6.337391 0.868366
 1646.000000 7.825056 0.864416
 1647.000000 7.795348 0.848332
 1648.000000 7.832310 0.870695
 1649.000000 8.246072 0.850258
 1650.000000 7.455843 0.838004
 1651.000000 7.889285 0.829162
 1652.000000 7.958126 0.839560
 1653.000000 7.496840 0.841940
 1654.000000 8.350857 0.846175
 1655.000000 8.375567 0.846699
 1656.000000 8.274145 0.849011
 1657.000000 8.641026 0.835057
 1658.000000 6.898538 0.803084
 1659.000000 6.769893 0.832191
 1660.000000 7.040402 0.808085
 1661.000000 6.604043 0.832650
 1662.000000 6.537770 0.827935
 1663.000000 6.071112 0.833325
 1664.000000 6.176066 0.824565
 1665.000000 5.870164 0.853509
 1666.000000 3.241043 0.851062
 1667.000000 3.749011 0.841954
 1668.000000 5.145642 0.834520
 1669.000000 7.454370 0.832135
 1670.000000 7.379519 0.803473
 1671.000000 8.426746 0.821395
 1672.000000 8.459572 0.805862
 1673.000000 8.057956 0.821689
 1674.000000 8.788525 0.797805
 1675.000000 8.620815 0.801857
 1676.000000 8.784793 0.822773
 1677.000000 8.383855 0.845709
 1678.000000 7.171215 0.834866
 1679.000000 7.304886 0.842056
 1680.000000 7.688913 0.811084
 1681.000000 7.207348 0.832123
 1682.000000 6.184115 0.834364
 1683.000000 6.231113 0.864711
 1684.000000 6.352121 0.854994
 1685.000000 6.495846 0.856583
 1686.000000 7.253449 0.853293
 1687.000000 4.763184 0.842948
 1688.000000 7.330542 0.859272
 1689.000000 7.210114 0.855772
 1690.000000 7.233812 0.848323
 1691.000000 7.223063 0.853485
 1692.000000 7.187711 0.865762
 1693.000000 7.487946 0.884614
 1694.000000 8.342878 0.891922
 1695.000000 7.596437 0.870769
 1696.000000 6.898941 0.872617
 1697.000000 8.207312 0.867368
 1698.000000 6.914268 0.854699
 1699.000000 7.086008 0.862692
 1700.000000 7.513759 0.845197
 1701.000000 7.413673 0.854101
 1702.000000 7.663181 0.862917
 1703.000000 6.685292 0.858645
 1704.000000 7.324456 0.843938
 1705.000000 7.271255 0.851132
 1706.000000 8.118503 0.861143
 1707.000000 8.259300 0.838993
 1708.000000 8.183616 0.840708
 1709.000000 7.098629 0.866065
 1710.000000 7.350622 0.864782
 1711.000000 6.238727 0.861619
 1712.000000 7.143252 0.846251
 1713.000000 7.601801 0.840525
 1714.000000 6.954826 0.847815
 1715.000000 6.428708 0.833832
 1716.000000 7.115077 0.854096
 1717.000000 7.063596 0.864703
 1718.000000 5.919721 0.852243
 1719.000000 6.010201 0.847067
 1720.000000 6.018025 0.847540
 1721.000000 5.401828 0.858252
 1722.000000 3.946054 0.834686
 1723.000000 3.526679 0.826435
 1724.000000 3.425408 0.823952
 1725.000000 3.874637 0.828163
 1726.000000 5.332716 0.819622
 1727.000000 4.591700 0.843701
 1728.000000 3.488090 0.848731
 1729.000000 3.534344 0.828445
 1730.000000 3.963089 0.850957
 1731.000000 3.169368 0.832142
 1732.000000 2.130635 0.852352
 1733.000000 6.988314 0.851366
 1734.000000 3.020009 0.841353
 1735.000000 2.781093 0.837821
 1736.000000 4.242676 0.832437
 1737.000000 4.299651 0.847869
 1738.000000 2.984315 0.853182
 1739.000000 2.966418 0.847972
 1740.000000 4.330673 0.830128
 1741.000000 4.214974 0.843339
 1742.000000 3.033386 0.851726
 1743.000000 2.661708 0.845412
 1744.000000 5.972796 0.843131
 1745.000000 7.024555 0.829213
 1746.000000 4.247208 0.848083
 1747.000000 4.898291 0.836134
 1748.000000 5.130258 0.844032
 1749.000000 5.430420 0.838122
 1750.000000 3.926269 0.827967
 1751.000000 6.137828 0.846389
 1752.000000 4.828995 0.843714
 1753.000000 4.293545 0.832328
 1754.000000 5.033395 0.809059
 1755.000000 4.904300 0.821767
 1756.000000 6.651139 0.810597
 1757.000000 6.125769 0.825238
 1758.000000 6.784999 0.824290
 1759.000000 4.728639 0.840073
 1760.000000 4.507533 0.837395
 1761.000000 6.550635 0.842531
 1762.000000 5.918822 0.827576
 1763.000000 4.500730 0.855086
 1764.000000 5.380849 0.849678
 1765.000000 6.292244 0.851244
 1766.000000 6.420430 0.859752
 1767.000000 5.919695 0.846387
 1768.000000 4.541708 0.845368
 1769.000000 3.086325 0.855661
 1770.000000 2.581073 0.828481
 1771.000000 4.407379 0.824563
 1772.000000 5.069662 0.828012
 1773.000000 4.651014 0.821554
 1774.000000 5.638002 0.840594
 1775.000000 5.170225 0.814332
 1776.000000 7.099743 0.840541
 1777.000000 7.490350 0.828916
 1778.000000 5.426924 0.833345
 1779.000000 6.695358 0.835764
 1780.000000 5.917457 0.824488
 1781.000000 4.921098 0.842355
 1782.000000 5.077389 0.824439
 1783.000000 3.940768 0.801061
 1784.000000 4.256349 0.836958
 1785.000000 4.532926 0.867374
 1786.000000 3.774530 0.869792
 1787.000000 5.645996 0.841059
 1788.000000 4.652425 0.871748
 1789.000000 7.011869 0.846885
 1790.000000 7.500100 0.880538
 1791.000000 3.597828 0.885323
 1792.000000 6.829663 0.878469
 1793.000000 2.281092 0.888165
 1794.000000 4.479361 0.895703
 1795.000000 3.209466 0.863725
 1796.000000 6.266688 0.902662
 1797.000000 5.648100 0.889858
 1798.000000 5.795542 0.896042
 1799.000000 8.040554 0.883289
 1800.000000 3.226154 0.880431
 1801.000000 4.160460 0.872756
 1802.000000 7.499174 0.870350
 1803.000000 5.265096 0.873139
 1804.000000 6.319012 0.867434
 1805.000000 6.541186 0.881237
 1806.000000 6.819952 0.874045
 1807.000000 5.920802 0.868899
 1808.000000 7.020745 0.863173
 1809.000000 6.186174 0.881316
 1810.000000 6.351645 0.873990
 1811.000000 6.747076 0.864449
 1812.000000 6.568098 0.868398
 1813.000000 5.002055 0.872723
 1814.000000 5.961700 0.871660
 1815.000000 5.768420 0.888398
 1816.000000 6.668250 0.857368
 1817.000000 4.997916 0.879164
 1818.000000 7.104847 0.891368
 1819.000000 5.920758 0.855724
 1820.000000 6.554710 0.864460
 1821.000000 6.243317 0.868186
 1822.000000 5.322306 0.877243
 1823.000000 3.725126 0.848131
 1824.000000 3.968803 0.848688
 1825.000000 5.838580 0.861366
 1826.000000 6.133701 0.852989
 1827.000000 7.774044 0.879481
 1828.000000 7.813939 0.865730
 1829.000000 7.784529 0.868451
 1830.000000 7.310721 0.858793
 1831.000000 5.848408 0.902070
 1832.000000 3.926932 0.871511
 1833.000000 2.541993 0.843072
 1834.000000 2.410519 0.882119
 1835.000000 3.773224 0.881807
 1836.000000 3.261883 0.851418
 1837.000000 2.321385 0.850502
 1838.000000 6.405600 0.838319
 1839.000000 5.409194 0.833986
 1840.000000 2.857456 0.845305
 1841.000000 2.136417 0.849012
 1842.000000 3.316325 0.858453
 1843.000000 2.687958 0.857283
 1844.000000 3.024378 0.855202
 1845.000000 2.564533 0.859187
 1846.000000 2.628261 0.850917
 1847.000000 2.146352 0.855842
 1848.000000 1.957189 0.862032
 1849.000000 3.583253 0.847302
 1850.000000 2.574816 0.864388
 1851.000000 2.284998 0.849831
 1852.000000 3.608845 0.872421
 1853.000000 4.569309 0.878693
 1854.000000 3.107485 0.867340
 1855.000000 2.468484 0.861716
 1856.000000 3.464588 0.878506
 1857.000000 2.649837 0.884953
 1858.000000 3.151716 0.868617
 1859.000000 2.921299 0.861757
 1860.000000 6.384952 0.841622
 1861.000000 4.291150 0.859567
 1862.000000 6.056507 0.856903
 1863.000000 4.078836 0.844842
 1864.000000 5.950076 0.874866
 1865.000000 6.973529 0.877674
 1866.000000 7.928695 0.919802
 1867.000000 7.628323 0.893650
 1868.000000 7.705459 0.912259
 1869.000000 7.233875 0.923670
 1870.000000 7.045063 0.875323
 1871.000000 6.394620 0.865881
 1872.000000 6.385459 0.877561
 1873.000000 6.942407 0.860897
 1874.000000 7.055353 0.846959
 1875.000000 7.465687 0.870249
 1876.000000 7.916301 0.860312
 1877.000000 8.251469 0.850349
 1878.000000 7.222461 0.851407
 1879.000000 7.631480 0.833224
 1880.000000 7.631034 0.831971
 1881.000000 7.795970 0.845111
 1882.000000 7.212822 0.876719
 1883.000000 6.222276 0.857152
 1884.000000 5.833452 0.879832
 1885.000000 5.919562 0.869084
 1886.000000 5.524302 0.856312
 1887.000000 5.057712 0.838304
 1888.000000 5.331755 0.874935
 1889.000000 5.753449 0.867783
 1890.000000 5.235421 0.850669
 1891.000000 5.216860 0.856180
 1892.000000 4.294219 0.838368
 1893.000000 5.305452 0.857584
 1894.000000 4.558251 0.854288
 1895.000000 3.477475 0.846722
 1896.000000 3.480460 0.819717
 1897.000000 4.943877 0.816176
 1898.000000 4.476155 0.836995
 1899.000000 4.724941 0.838989
 1900.000000 4.158763 0.831324
 1901.000000 4.374936 0.834759
 1902.000000 4.618523 0.855800
 1903.000000 4.906034 0.849669
 1904.000000 4.461360 0.846858
 1905.000000 4.245604 0.849951
 1906.000000 5.810523 0.873466
 1907.000000 4.553251 0.821535
 1908.000000 5.071030 0.822892
 1909.000000 5.681680 0.802903
 1910.000000 6.042426 0.819452
 1911.000000 5.801879 0.860608
 1912.000000 5.529122 0.856624
 1913.000000 5.867901 0.875885
 1914.000000 5.675994 0.860644
 1915.000000 5.644272 0.838096
 1916.000000 5.196268 0.813545
 1917.000000 5.212271 0.783760
 1918.000000 4.305278 0.836110
 1919.000000 4.848533 0.806714
 1920.000000 4.628029 0.817941
 1921.000000 4.642106 0.835571
 1922.000000 5.093925 0.826729
 1923.000000 6.263256 0.809857
 1924.000000 6.423594 0.816434
 1925.000000 6.056807 0.802505
 1926.000000 6.893829 0.811778
 1927.000000 5.368759 0.843846
 1928.000000 5.236926 0.809440
 1929.000000 6.232206 0.805771
 1930.000000 4.891199 0.827336
 1931.000000 3.838611 0.827024
 1932.000000 2.932648 0.835685
 1933.000000 4.435109 0.850026
 1934.000000 5.177311 0.834592
 1935.000000 5.103707 0.832220
 1936.000000 5.053899 0.817972
 1937.000000 4.561688 0.796452
 1938.000000 4.305589 0.834523
 1939.000000 3.467342 0.835126
 1940.000000 1.796384 0.830958
 1941.000000 5.354256 0.836391
 1942.000000 5.320875 0.862372
 1943.000000 5.703235 0.872011
 1944.000000 4.197498 0.845983
 1945.000000 4.320126 0.845416
 1946.000000 6.645877 0.847094
 1947.000000 6.404961 0.838255
 1948.000000 6.603925 0.850681
 1949.000000 5.542057 0.841851
 1950.000000 3.915977 0.830155
 1951.000000 4.314140 0.848215
 1952.000000 5.031310 0.856646
 1953.000000 6.553753 0.846146
 1954.000000 7.172179 0.833656
 1955.000000 6.198797 0.894248
 1956.000000 6.483816 0.872433
 1957.000000 6.713984 0.848246
 1958.000000 5.168169 0.804307
 1959.000000 6.641108 0.793414
 1960.000000 6.079739 0.833043
 1961.000000 6.811781 0.867013
 1962.000000 3.613465 0.851149
 1963.000000 3.454195 0.858748
 1964.000000 4.705459 0.897231
 1965.000000 6.129358 0.870824
 1966.000000 7.175272 0.855977
 1967.000000 7.416265 0.848919
 1968.000000 7.866593 0.863114
 1969.000000 5.473495 0.859818
 1970.000000 7.343302 0.861532
 1971.000000 6.345746 0.831499
 1972.000000 4.581663 0.830547
 1973.000000 6.620336 0.811901
 1974.000000 2.744632 0.820598
 1975.000000 5.367372 0.859838
 1976.000000 2.319095 0.873389
 1977.000000 5.681563 0.859477
 1978.000000 4.489389 0.867721
 1979.000000 6.162320 0.866734
 1980.000000 6.142989 0.886563
 1981.000000 3.908591 0.844068
 1982.000000 6.939092 0.885560
 1983.000000 7.398474 0.847822
 1984.000000 7.336571 0.822287
 1985.000000 1.536544 0.838846
 1986.000000 6.708698 0.865783
 1987.000000 7.048804 0.880517
 1988.000000 6.361244 0.883640
 1989.000000 6.831960 0.870423
 1990.000000 6.213746 0.864090
 1991.000000 6.895776 0.872662
 1992.000000 6.753767 0.872076
 1993.000000 6.140083 0.878521
 1994.000000 6.559039 0.879167
 1995.000000 6.635506 0.863291
 1996.000000 6.011497 0.848336
 1997.000000 5.684344 0.865743
 1998.000000 4.992597 0.865982
 1999.000000 5.460405 0.870233
 2000.000000 5.121085 0.862043
 2001.000000 5.794341 0.871812
 2002.000000 5.666110 0.866614
 2003.000000 6.106064 0.833146
 2004.000000 5.125172 0.852132
 2005.000000 5.465403 0.866592
 2006.000000 5.753525 0.844991
 2007.000000 4.247307 0.837427
 2008.000000 3.393311 0.818982
 2009.000000 4.757560 0.852667
 2010.000000 5.253096 0.855218
 2011.000000 5.660023 0.838426
 2012.000000 6.169337 0.803014
 2013.000000 5.572089 0.787711
 2014.000000 6.543916 0.824792
 2015.000000 5.187007 0.811426
 2016.000000 4.763830 0.816487
 2017.000000 5.868600 0.841515
 2018.000000 4.907127 0.804369
 2019.000000 4.842410 0.808533
 2020.000000 7.392340 0.831558
 2021.000000 5.817495 0.832078
 2022.000000 3.719116 0.825834
 2023.000000 4.020154 0.817331
 2024.000000 3.640926 0.834794
