#! FIELDS time av
 0.000000 0.000000
 20.000000 0.564775
 40.000000 0.753686
 60.000000 1.288934
 80.000000 1.359820
 100.000000 2.082443
 120.000000 -0.168541
 140.000000 0.589645
 160.000000 0.594770
 180.000000 -0.114526
 200.000000 0.549785
 220.000000 0.866865
 240.000000 -0.490982
 260.000000 -1.352793
 280.000000 1.055928
 300.000000 1.159095
 320.000000 0.066855
 340.000000 0.854209
 360.000000 -0.615020
 380.000000 -0.881206
 400.000000 -0.758962
 420.000000 -0.537242
 440.000000 -0.750838
 460.000000 -0.315478
 480.000000 -0.129177
 500.000000 -0.063561
 520.000000 0.015376
 540.000000 -0.224822
 560.000000 1.334911
 580.000000 0.755710
 600.000000 0.594294
 620.000000 0.463989
 640.000000 -0.103699
 660.000000 0.022094
 680.000000 0.129739
 700.000000 0.300867
 720.000000 -0.041807
 740.000000 -0.223405
 760.000000 -1.656570
 780.000000 -0.335504
 800.000000 0.108217
 820.000000 1.364645
 840.000000 1.448274
 860.000000 1.411171
 880.000000 0.886464
 900.000000 -0.297916
 920.000000 0.042694
 940.000000 0.917925
 960.000000 -0.196161
 980.000000 0.060639
 1000.000000 -0.259098
 1020.000000 -0.348777
 1040.000000 1.609736
 1060.000000 1.318254
 1080.000000 2.099844
 1100.000000 1.212630
 1120.000000 0.463575
 1140.000000 0.105091
 1160.000000 1.708530
 1180.000000 0.906705
 1200.000000 -0.683351
 1220.000000 0.232997
 1240.000000 1.361166
 1260.000000 0.957035
 1280.000000 0.295642
 1300.000000 0.085607
 1320.000000 0.167977
 1340.000000 1.051934
 1360.000000 -0.065794
 1380.000000 -0.644790
 1400.000000 -0.431449
 1420.000000 1.480761
 1440.000000 1.774319
 1460.000000 0.475287
 1480.000000 0.302329
 1500.000000 0.724741
 1520.000000 0.718208
 1540.000000 0.628699
 1560.000000 -0.196731
 1580.000000 1.211179
 1600.000000 1.141835
 1620.000000 0.335485
 1640.000000 -0.692141
 1660.000000 -0.633064
 1680.000000 0.000558
 1700.000000 -0.274328
 1720.000000 -0.405612
 1740.000000 0.421251
 1760.000000 -0.072499
 1780.000000 0.479980
 1800.000000 0.808394
 1820.000000 1.295129
 1840.000000 2.480865
 1860.000000 1.448148
 1880.000000 1.691465
 1900.000000 1.495716
 1920.000000 0.933006
 1940.000000 1.644859
 1960.000000 2.012449
 1980.000000 2.123146
 2000.000000 0.216246
 2020.000000 0.644551
 2040.000000 -0.311037
 2060.000000 -0.194381
 2080.000000 -0.043069
 2100.000000 0.092185
 2120.000000 0.617092
 2140.000000 -0.953874
 2160.000000 -0.385414
 2180.000000 0.788588
 2200.000000 -0.030199
 2220.000000 0.927346
 2240.000000 0.917776
 2260.000000 0.600364
 2280.000000 0.650959
 2300.000000 1.355531
 2320.000000 0.622491
 2340.000000 0.549330
 2360.000000 0.190784
 2380.000000 1.512075
 2400.000000 0.510417
 2420.000000 0.582832
 2440.000000 -0.335516
 2460.000000 -1.670732
 2480.000000 -1.378708
 2500.000000 -1.325738
 2520.000000 -0.425986
 2540.000000 0.340997
 2560.000000 1.055127
 2580.000000 0.747431
 2600.000000 0.851620
 2620.000000 0.741255
 2640.000000 0.976417
 2660.000000 0.282530
 2680.000000 0.516512
 2700.000000 1.737808
 2720.000000 0.189727
 2740.000000 0.653865
 2760.000000 0.872131
 2780.000000 0.008383
 2800.000000 -0.631390
 2820.000000 0.095297
 2840.000000 0.320946
 2860.000000 0.164493
 2880.000000 -0.214096
 2900.000000 -0.253296
 2920.000000 0.119821
 2940.000000 0.536770
 2960.000000 0.404514
 2980.000000 0.143331
 3000.000000 -1.373760
 3020.000000 -1.072474
 3040.000000 -0.901424
 3060.000000 -0.125894
 3080.000000 0.695109
 3100.000000 -0.170479
 3120.000000 0.861035
 3140.000000 0.985575
 3160.000000 0.409783
 3180.000000 1.293366
 3200.000000 2.653719
 3220.000000 1.311442
 3240.000000 1.320359
 3260.000000 -0.094171
 3280.000000 -0.294928
 3300.000000 0.493988
 3320.000000 0.099911
 3340.000000 -0.353152
 3360.000000 0.309285
 3380.000000 0.572820
 3400.000000 0.768089
 3420.000000 1.540411
 3440.000000 1.702396
 3460.000000 0.701458
 3480.000000 0.774157
 3500.000000 0.823897
 3520.000000 0.924868
 3540.000000 1.026442
 3560.000000 1.419066
 3580.000000 0.384312
 3600.000000 -0.075424
 3620.000000 0.683167
 3640.000000 0.089014
 3660.000000 0.862559
 3680.000000 0.350963
 3700.000000 0.636541
 3720.000000 1.280542
 3740.000000 1.315923
 3760.000000 2.224608
 3780.000000 1.294045
 3800.000000 0.589412
 3820.000000 -0.601163
 3840.000000 0.762719
 3860.000000 1.462381
 3880.000000 0.889227
 3900.000000 1.497439
 3920.000000 1.929035
 3940.000000 0.904517
 3960.000000 -0.054310
 3980.000000 -0.181536
 4000.000000 0.926365
 4020.000000 0.232248
 4040.000000 0.015825
 4060.000000 -0.532552
 4080.000000 -1.571851
 4100.000000 -0.899187
 4120.000000 -0.335234
 4140.000000 0.472726
 4160.000000 1.788885
 4180.000000 0.630311
 4200.000000 0.597720
 4220.000000 1.084852
 4240.000000 1.544652
 4260.000000 1.406995
 4280.000000 0.915997
 4300.000000 1.921450
 4320.000000 1.996646
 4340.000000 2.856309
 4360.000000 2.700025
 4380.000000 1.986659
 4400.000000 0.962481
 4420.000000 0.835335
 4440.000000 0.843253
 4460.000000 1.401823
 4480.000000 1.484158
 4500.000000 2.150301
 4520.000000 2.078062
 4540.000000 0.824682
 4560.000000 0.906521
 4580.000000 0.935768
 4600.000000 0.411820
 4620.000000 0.838373
 4640.000000 0.155176
 4660.000000 0.168756
 4680.000000 0.770513
 4700.000000 1.277033
 4720.000000 0.735535
 4740.000000 1.731914
 4760.000000 1.089467
 4780.000000 0.814186
 4800.000000 1.134434
 4820.000000 0.716506
 4840.000000 1.185421
 4860.000000 1.514910
 4880.000000 0.556566
 4900.000000 0.804811
 4920.000000 0.615003
 4940.000000 0.920546
 4960.000000 -0.097968
 4980.000000 -0.703292
 5000.000000 -0.427274
 5020.000000 -0.039023
 5040.000000 0.493581
 5060.000000 -1.692080
 5080.000000 -1.349773
 5100.000000 -1.308062
 5120.000000 -0.840181
 5140.000000 -0.143678
 5160.000000 0.863958
 5180.000000 2.510217
 5200.000000 1.567185
 5220.000000 0.379298
 5240.000000 -0.028863
 5260.000000 -0.123803
 5280.000000 1.293756
 5300.000000 0.537764
 5320.000000 0.685571
 5340.000000 1.077985
 5360.000000 -0.217579
 5380.000000 -0.271008
 5400.000000 0.243623
 5420.000000 0.580265
 5440.000000 -0.023873
 5460.000000 0.074110
 5480.000000 1.596958
 5500.000000 0.516407
 5520.000000 0.916496
 5540.000000 -0.295946
 5560.000000 -0.291074
 5580.000000 1.487378
 5600.000000 1.182556
 5620.000000 0.384592
 5640.000000 -0.631378
 5660.000000 -0.889554
 5680.000000 -1.048440
 5700.000000 -1.074877
 5720.000000 -0.045559
 5740.000000 0.197595
 5760.000000 -0.586669
 5780.000000 -0.465403
 5800.000000 1.064791
 5820.000000 0.735247
 5840.000000 0.930810
 5860.000000 0.581509
 5880.000000 0.590902
 5900.000000 1.862314
 5920.000000 1.819929
 5940.000000 0.355485
 5960.000000 -1.360846
 5980.000000 -0.969333
 6000.000000 0.331691
 6020.000000 0.381303
 6040.000000 1.125316
 6060.000000 0.009466
 6080.000000 0.085241
 6100.000000 1.615979
 6120.000000 0.726981
 6140.000000 1.470180
 6160.000000 1.216699
 6180.000000 0.824859
 6200.000000 0.460911
 6220.000000 -1.044374
 6240.000000 -0.099068
 6260.000000 1.479130
 6280.000000 1.120637
 6300.000000 0.944045
 6320.000000 -0.361563
 6340.000000 -0.155208
 6360.000000 1.133514
 6380.000000 -0.061278
 6400.000000 -0.343700
 6420.000000 -0.626121
 6440.000000 -0.736395
 6460.000000 0.781433
 6480.000000 1.161730
 6500.000000 0.676990
 6520.000000 0.455314
 6540.000000 1.192389
 6560.000000 1.946768
 6580.000000 0.813579
 6600.000000 -0.342492
 6620.000000 0.993191
 6640.000000 1.635345
 6660.000000 1.558469
 6680.000000 1.584155
 6700.000000 0.539270
 6720.000000 0.723293
 6740.000000 0.128071
 6760.000000 1.704049
 6780.000000 1.443243
 6800.000000 0.647409
 6820.000000 0.800471
 6840.000000 0.411017
 6860.000000 0.596250
 6880.000000 -0.887974
 6900.000000 0.220220
 6920.000000 1.161470
 6940.000000 0.885419
 6960.000000 0.590973
 6980.000000 0.861185
 7000.000000 0.440225
 7020.000000 -0.222227
 7040.000000 0.474797
 7060.000000 0.094570
 7080.000000 -0.085497
 7100.000000 0.033070
 7120.000000 0.428163
 7140.000000 0.691414
 7160.000000 1.495432
 7180.000000 1.946868
 7200.000000 0.997610
 7220.000000 -0.096962
 7240.000000 -1.001860
 7260.000000 -0.171590
 7280.000000 -0.577340
 7300.000000 -0.522753
 7320.000000 -0.053827
 7340.000000 -0.615326
 7360.000000 0.831137
 7380.000000 0.999083
 7400.000000 1.083796
 7420.000000 0.990892
 7440.000000 1.510684
 7460.000000 2.772467
 7480.000000 1.719093
 7500.000000 1.814106
 7520.000000 2.063038
 7540.000000 1.947045
 7560.000000 2.302707
 7580.000000 1.113632
 7600.000000 0.666553
 7620.000000 0.217372
 7640.000000 0.994014
 7660.000000 1.799680
 7680.000000 0.626023
 7700.000000 2.099478
 7720.000000 2.407866
 7740.000000 1.767061
 7760.000000 1.927520
 7780.000000 0.126434
 7800.000000 -1.344463
 7820.000000 -0.580003
 7840.000000 0.288333
 7860.000000 0.338447
 7880.000000 -0.191339
 7900.000000 -0.041513
 7920.000000 0.458367
 7940.000000 -0.225989
 7960.000000 0.031999
 7980.000000 -0.856215
 8000.000000 -0.552912
 8020.000000 1.641828
 8040.000000 0.749989
 8060.000000 0.148695
 8080.000000 -0.725018
 8100.000000 -1.052875
 8120.000000 -0.589694
 8140.000000 -1.096976
 8160.000000 -0.878860
 8180.000000 0.358139
 8200.000000 1.264816
 8220.000000 0.412017
 8240.000000 0.703969
 8260.000000 1.714875
 8280.000000 0.727497
 8300.000000 1.221717
 8320.000000 0.449401
 8340.000000 -0.276699
 8360.000000 0.384367
 8380.000000 1.185587
 8400.000000 1.772462
 8420.000000 0.612953
 8440.000000 -0.257182
 8460.000000 0.033307
 8480.000000 0.096917
 8500.000000 1.060732
 8520.000000 0.785347
 8540.000000 0.517172
 8560.000000 0.042312
 8580.000000 -1.033890
 8600.000000 -1.384067
 8620.000000 0.004389
 8640.000000 -0.273520
 8660.000000 0.816084
 8680.000000 -0.208728
 8700.000000 0.276478
 8720.000000 0.316082
 8740.000000 0.533226
 8760.000000 0.199997
 8780.000000 -0.322259
 8800.000000 -0.572897
 8820.000000 -1.143174
 8840.000000 -0.659568
 8860.000000 -0.500520
 8880.000000 -0.369822
 8900.000000 0.634472
 8920.000000 0.692987
 8940.000000 0.385508
 8960.000000 0.796630
 8980.000000 1.119073
 9000.000000 0.217505
 9020.000000 0.295390
 9040.000000 0.644129
 9060.000000 0.709821
 9080.000000 1.339699
 9100.000000 1.221161
 9120.000000 0.990467
 9140.000000 0.352106
 9160.000000 0.492428
 9180.000000 0.004831
 9200.000000 -0.097361
 9220.000000 -0.790584
 9240.000000 -0.838635
 9260.000000 0.399661
 9280.000000 0.203631
 9300.000000 0.296470
 9320.000000 -0.673284
 9340.000000 -0.320272
 9360.000000 -0.296408
 9380.000000 -1.324876
 9400.000000 -0.956982
 9420.000000 -0.155416
 9440.000000 1.393468
 9460.000000 2.108059
 9480.000000 2.161777
 9500.000000 1.171447
 9520.000000 1.678039
 9540.000000 1.934196
 9560.000000 2.374670
 9580.000000 0.688374
 9600.000000 -0.297248
 9620.000000 0.094777
 9640.000000 0.001372
 9660.000000 0.148141
 9680.000000 -0.017803
 9700.000000 0.029663
 9720.000000 -1.040997
 9740.000000 -1.380790
 9760.000000 0.400200
 9780.000000 -0.262561
 9800.000000 -0.589324
 9820.000000 -0.661820
 9840.000000 0.078115
 9860.000000 0.706343
 9880.000000 0.595725
 9900.000000 1.171309
 9920.000000 0.708853
 9940.000000 -0.322401
 9960.000000 1.140064
 9980.000000 2.044651
 10000.000000 1.625007
