#! FIELDS time av
 0.000000 0.000000
 70.000000 0.898295
 140.000000 0.950494
 210.000000 0.397156
 280.000000 -0.080286
 350.000000 0.546966
 420.000000 -0.750472
 490.000000 -0.316296
 560.000000 0.278127
 630.000000 0.537474
 700.000000 0.080523
 770.000000 -0.681254
 840.000000 0.870926
 910.000000 0.509100
 980.000000 0.297990
 1050.000000 0.432229
 1120.000000 1.309532
 1190.000000 0.634799
 1260.000000 0.676108
 1330.000000 0.388633
 1400.000000 -0.257453
 1470.000000 1.079697
 1540.000000 0.664401
 1610.000000 0.766532
 1680.000000 -0.433069
 1750.000000 -0.093329
 1820.000000 0.736847
 1890.000000 1.839721
 1960.000000 1.504996
 2030.000000 0.780019
 2100.000000 -0.057836
 2170.000000 -0.135723
 2240.000000 0.673242
 2310.000000 0.944799
 2380.000000 0.621353
 2450.000000 -0.017045
 2520.000000 -1.138222
 2590.000000 0.668326
 2660.000000 0.758924
 2730.000000 0.765154
 2800.000000 0.191142
 2870.000000 0.157398
 2940.000000 0.062584
 3010.000000 -0.392707
 3080.000000 -0.244607
 3150.000000 0.613192
 3220.000000 1.485220
 3290.000000 0.255090
 3360.000000 0.168137
 3430.000000 1.017290
 3500.000000 0.949346
 3570.000000 1.011416
 3640.000000 0.260426
 3710.000000 0.745653
 3780.000000 1.530113
 3850.000000 0.429335
 3920.000000 1.436108
 3990.000000 0.317216
 4060.000000 0.057228
 4130.000000 -0.840763
 4200.000000 1.036012
 4270.000000 1.314414
 4340.000000 2.036130
 4410.000000 1.776065
 4480.000000 1.142145
 4550.000000 1.560819
 4620.000000 0.766474
 4690.000000 0.498491
 4760.000000 1.195336
 4830.000000 1.009996
 4900.000000 0.911957
 4970.000000 0.337327
 5040.000000 -0.119734
 5110.000000 -1.415547
 5180.000000 0.855661
 5250.000000 0.489871
 5320.000000 0.741817
 5390.000000 0.150414
 5460.000000 0.267736
 5530.000000 0.837591
 5600.000000 0.623201
 5670.000000 -0.414032
 5740.000000 -0.473860
 5810.000000 0.052717
 5880.000000 0.761908
 5950.000000 0.977934
 6020.000000 -0.286351
 6090.000000 0.626491
 6160.000000 1.159184
 6230.000000 0.055483
 6300.000000 0.997700
 6370.000000 0.240056
 6440.000000 -0.568842
 6510.000000 0.784444
 6580.000000 1.223614
 6650.000000 0.869522
 6720.000000 1.042258
 6790.000000 1.001293
 6860.000000 0.635996
 6930.000000 0.320239
 7000.000000 0.614481
 7070.000000 0.121040
 7140.000000 0.283043
 7210.000000 1.320024
 7280.000000 -0.579407
 7350.000000 -0.272604
 7420.000000 1.047747
 7490.000000 1.967554
 7560.000000 2.069343
 7630.000000 0.716152
 7700.000000 1.431492
 7770.000000 1.849628
 7840.000000 -0.537414
 7910.000000 0.119870
 7980.000000 -0.258797
 8050.000000 0.579915
 8120.000000 -0.688483
 8190.000000 -0.316148
 8260.000000 1.024142
 8330.000000 0.645772
 8400.000000 0.915465
 8470.000000 0.117652
 8540.000000 0.696418
 8610.000000 -0.647061
 8680.000000 0.064941
 8750.000000 0.452201
 8820.000000 -0.655785
 8890.000000 -0.375076
 8960.000000 0.654987
 9030.000000 0.517761
 9100.000000 1.067033
 9170.000000 0.602677
 9240.000000 -0.570319
 9310.000000 0.146240
 9380.000000 -0.636263
 9450.000000 0.367245
 9520.000000 1.747153
 9590.000000 1.317189
 9660.000000 0.095463
 9730.000000 -0.527645
 9800.000000 -0.289958
 9870.000000 0.080566
 9940.000000 0.569755
