#! FIELDS time av
 0.000000 0.000000
 45.000000 0.732244
 90.000000 1.556680
 135.000000 0.585320
 180.000000 0.215092
 225.000000 0.635290
 270.000000 -0.647462
 315.000000 0.777931
 360.000000 0.164881
 405.000000 -0.813266
 450.000000 -0.512100
 495.000000 -0.165553
 540.000000 -0.129486
 585.000000 1.009545
 630.000000 0.419820
 675.000000 -0.055333
 720.000000 0.162011
 765.000000 -0.955404
 810.000000 0.340514
 855.000000 1.426499
 900.000000 0.390781
 945.000000 0.487012
 990.000000 -0.138553
 1035.000000 0.262688
 1080.000000 1.719990
 1125.000000 0.827355
 1170.000000 1.084445
 1215.000000 -0.181814
 1260.000000 1.054182
 1305.000000 0.091142
 1350.000000 0.646584
 1395.000000 -0.556276
 1440.000000 1.469309
 1485.000000 0.383012
 1530.000000 0.794279
 1575.000000 0.298972
 1620.000000 0.897529
 1665.000000 -0.542277
 1710.000000 -0.414240
 1755.000000 0.214146
 1800.000000 0.579054
 1845.000000 1.864130
 1890.000000 1.573271
 1935.000000 1.265577
 1980.000000 2.019148
 2025.000000 0.357359
 2070.000000 -0.147870
 2115.000000 0.259229
 2160.000000 -0.609918
 2205.000000 0.395966
 2250.000000 0.937245
 2295.000000 0.772420
 2340.000000 0.730896
 2385.000000 0.823941
 2430.000000 0.441024
 2475.000000 -1.473797
 2520.000000 -0.831423
 2565.000000 0.656926
 2610.000000 0.880064
 2655.000000 0.687464
 2700.000000 0.997633
 2745.000000 0.556015
 2790.000000 0.038867
 2835.000000 0.022473
 2880.000000 0.031248
 2925.000000 -0.016880
 2970.000000 0.528725
 3015.000000 -1.078180
 3060.000000 -0.554737
 3105.000000 0.278814
 3150.000000 0.983977
 3195.000000 1.545361
 3240.000000 1.351807
 3285.000000 -0.199742
 3330.000000 0.197202
 3375.000000 0.244661
 3420.000000 1.109991
 3465.000000 1.105656
 3510.000000 0.882430
 3555.000000 1.084257
 3600.000000 0.341510
 3645.000000 0.368011
 3690.000000 0.589342
 3735.000000 1.186928
 3780.000000 1.738990
 3825.000000 0.047526
 3870.000000 1.109112
 3915.000000 1.508129
 3960.000000 0.614903
 4005.000000 0.337535
 4050.000000 0.004537
 4095.000000 -1.181142
 4140.000000 0.006539
 4185.000000 1.125628
 4230.000000 1.011275
 4275.000000 1.318819
 4320.000000 1.827615
 4365.000000 2.768340
 4410.000000 1.263898
 4455.000000 0.975370
 4500.000000 1.756988
 4545.000000 1.336292
 4590.000000 0.870086
 4635.000000 0.487030
 4680.000000 0.457558
 4725.000000 1.042217
 4770.000000 1.266032
 4815.000000 0.863718
 4860.000000 1.361103
 4905.000000 0.675460
 4950.000000 0.622155
 4995.000000 -0.565123
 5040.000000 0.211042
 5085.000000 -1.551556
 5130.000000 -0.742008
 5175.000000 1.166047
 5220.000000 1.121689
 5265.000000 -0.019790
 5310.000000 0.846361
 5355.000000 0.670076
 5400.000000 -0.075560
 5445.000000 0.312344
 5490.000000 0.801994
 5535.000000 0.394389
 5580.000000 0.518261
 5625.000000 0.711403
 5670.000000 -0.829872
 5715.000000 -0.850206
 5760.000000 -0.147652
 5805.000000 0.266155
 5850.000000 0.988391
 5895.000000 0.760494
 5940.000000 1.307442
 5985.000000 -0.989594
 6030.000000 0.681299
 6075.000000 0.070170
 6120.000000 1.102924
 6165.000000 1.278500
 6210.000000 0.214611
 6255.000000 0.236589
 6300.000000 1.102754
 6345.000000 -0.123340
 6390.000000 0.361145
 6435.000000 -0.757072
 6480.000000 0.871451
 6525.000000 0.575274
 6570.000000 1.632561
 6615.000000 0.238373
 6660.000000 1.522482
 6705.000000 1.024209
 6750.000000 0.601262
 6795.000000 1.281215
 6840.000000 0.640415
 6885.000000 -0.230681
 6930.000000 0.993830
 6975.000000 0.681734
 7020.000000 0.175357
 7065.000000 0.232358
 7110.000000 -0.005345
 7155.000000 0.958211
 7200.000000 1.515410
 7245.000000 -0.534833
 7290.000000 -0.565090
 7335.000000 -0.167407
 7380.000000 0.729803
 7425.000000 1.011560
 7470.000000 2.187519
 7515.000000 1.831638
 7560.000000 2.170985
 7605.000000 0.845240
 7650.000000 0.909654
 7695.000000 1.287078
 7740.000000 2.154331
 7785.000000 0.787534
 7830.000000 -0.771792
 7875.000000 0.256818
 7920.000000 0.163788
 7965.000000 -0.154060
 8010.000000 -0.116193
 8055.000000 0.733883
 8100.000000 -0.837185
 8145.000000 -0.858812
 8190.000000 0.104941
 8235.000000 0.761213
 8280.000000 1.155228
 8325.000000 0.722261
 8370.000000 0.355569
 8415.000000 1.315354
 8460.000000 -0.115001
 8505.000000 0.670446
 8550.000000 0.558650
 8595.000000 -1.118138
 8640.000000 -0.193007
 8685.000000 0.284455
 8730.000000 0.284736
 8775.000000 0.186779
 8820.000000 -0.802721
 8865.000000 -0.611315
 8910.000000 0.336641
 8955.000000 0.581752
 9000.000000 0.722372
 9045.000000 0.539667
 9090.000000 1.128412
 9135.000000 0.792854
 9180.000000 0.227971
 9225.000000 -0.594057
 9270.000000 0.026391
 9315.000000 -0.044475
 9360.000000 -0.328651
 9405.000000 -1.022486
 9450.000000 1.004923
 9495.000000 1.851495
 9540.000000 1.725941
 9585.000000 1.228586
 9630.000000 -0.093411
 9675.000000 0.188118
 9720.000000 -0.442871
 9765.000000 -0.460242
 9810.000000 -0.565987
 9855.000000 0.242474
 9900.000000 0.809176
 9945.000000 0.259793
 9990.000000 1.776955
