#! FIELDS time av
 0.000000 0.000000
 55.000000 0.817678
 110.000000 1.355207
 165.000000 0.422536
 220.000000 0.447363
 275.000000 -0.430718
 330.000000 0.780901
 385.000000 -0.464976
 440.000000 -0.703736
 495.000000 -0.155025
 550.000000 0.216445
 605.000000 0.694872
 660.000000 0.098121
 715.000000 0.149976
 770.000000 -0.860443
 825.000000 0.714762
 880.000000 1.229193
 935.000000 0.176202
 990.000000 0.000568
 1045.000000 0.508525
 1100.000000 1.554621
 1155.000000 0.570694
 1210.000000 0.380800
 1265.000000 0.953116
 1320.000000 0.132107
 1375.000000 0.177047
 1430.000000 0.761681
 1485.000000 0.525547
 1540.000000 0.722722
 1595.000000 0.680175
 1650.000000 -0.206310
 1705.000000 -0.258073
 1760.000000 0.088184
 1815.000000 0.822807
 1870.000000 1.804885
 1925.000000 1.347547
 1980.000000 1.993181
 2035.000000 0.208075
 2090.000000 -0.172204
 2145.000000 -0.064531
 2200.000000 0.188910
 2255.000000 0.888389
 2310.000000 0.985036
 2365.000000 0.389379
 2420.000000 0.798979
 2475.000000 -1.187629
 2530.000000 -0.650299
 2585.000000 0.771031
 2640.000000 0.912775
 2695.000000 0.806911
 2750.000000 0.670233
 2805.000000 -0.196530
 2860.000000 0.250404
 2915.000000 -0.127997
 2970.000000 0.468926
 3025.000000 -1.047264
 3080.000000 -0.035992
 3135.000000 0.573404
 3190.000000 1.230793
 3245.000000 1.385042
 3300.000000 -0.000261
 3355.000000 0.021975
 3410.000000 0.744550
 3465.000000 1.206234
 3520.000000 0.886927
 3575.000000 0.987744
 3630.000000 0.354011
 3685.000000 0.408775
 3740.000000 1.148781
 3795.000000 1.456938
 3850.000000 0.368999
 3905.000000 1.253193
 3960.000000 0.883747
 4015.000000 0.343885
 4070.000000 -0.441263
 4125.000000 -0.784393
 4180.000000 1.080316
 4235.000000 1.015020
 4290.000000 1.321410
 4345.000000 2.444218
 4400.000000 1.755274
 4455.000000 1.004235
 4510.000000 1.849019
 4565.000000 1.103822
 4620.000000 0.664778
 4675.000000 0.296064
 4730.000000 1.106938
 4785.000000 1.176224
 4840.000000 0.976753
 4895.000000 0.955196
 4950.000000 0.657365
 5005.000000 -0.443264
 5060.000000 -0.461741
 5115.000000 -1.219464
 5170.000000 0.666462
 5225.000000 1.208829
 5280.000000 0.369647
 5335.000000 0.805881
 5390.000000 -0.169597
 5445.000000 0.367035
 5500.000000 0.742216
 5555.000000 0.036824
 5610.000000 1.087176
 5665.000000 -0.479906
 5720.000000 -0.755297
 5775.000000 -0.348717
 5830.000000 0.782162
 5885.000000 0.713025
 5940.000000 1.430443
 5995.000000 -0.766279
 6050.000000 0.581322
 6105.000000 0.703969
 6160.000000 1.165598
 6215.000000 0.174348
 6270.000000 0.614642
 6325.000000 0.305814
 6380.000000 0.447599
 6435.000000 -0.626843
 6490.000000 0.810130
 6545.000000 0.929181
 6600.000000 0.698257
 6655.000000 1.399384
 6710.000000 1.056780
 6765.000000 0.915101
 6820.000000 0.903996
 6875.000000 0.176413
 6930.000000 0.597442
 6985.000000 0.657791
 7040.000000 0.216119
 7095.000000 0.021491
 7150.000000 0.654264
 7205.000000 1.406329
 7260.000000 -0.507094
 7315.000000 -0.372416
 7370.000000 0.221899
 7425.000000 1.000329
 7480.000000 2.109427
 7535.000000 1.968518
 7590.000000 1.584508
 7645.000000 0.643574
 7700.000000 1.492000
 7755.000000 2.086168
 7810.000000 -0.462898
 7865.000000 0.146416
 7920.000000 0.105482
 7975.000000 -0.221778
 8030.000000 0.443495
 8085.000000 -0.240535
 8140.000000 -0.900151
 8195.000000 0.133598
 8250.000000 0.802461
 8305.000000 1.172105
 8360.000000 0.103195
 8415.000000 1.311229
 8470.000000 -0.085835
 8525.000000 0.773960
 8580.000000 -0.248184
 8635.000000 -0.655203
 8690.000000 0.275691
 8745.000000 0.505280
 8800.000000 -0.349483
 8855.000000 -0.837305
 8910.000000 0.196873
 8965.000000 0.677665
 9020.000000 0.496760
 9075.000000 0.827721
 9130.000000 1.051142
 9185.000000 0.151010
 9240.000000 -0.565122
 9295.000000 0.360894
 9350.000000 -0.379492
 9405.000000 -0.959874
 9460.000000 1.223581
 9515.000000 1.613301
 9570.000000 2.058779
 9625.000000 -0.163601
 9680.000000 0.105246
 9735.000000 -0.751497
 9790.000000 -0.104894
 9845.000000 -0.294716
 9900.000000 0.804147
 9955.000000 0.438767
