#! FIELDS time av
 0.000000 0.000000
 5.000000 0.980475
 10.000000 1.135972
 15.000000 0.062468
 20.000000 0.080185
 25.000000 0.094113
 30.000000 0.824007
 35.000000 1.035132
 40.000000 1.061493
 45.000000 1.316348
 50.000000 0.970719
 55.000000 1.433544
 60.000000 1.435127
 65.000000 1.143641
 70.000000 1.002911
 75.000000 1.646172
 80.000000 1.646557
 85.000000 2.442251
 90.000000 2.289198
 95.000000 2.202764
 100.000000 1.395559
 105.000000 0.147165
 110.000000 -0.444065
 115.000000 -0.552603
 120.000000 0.175338
 125.000000 0.298292
 130.000000 1.291786
 135.000000 0.753645
 140.000000 0.014856
 145.000000 0.399630
 150.000000 0.642528
 155.000000 0.591875
 160.000000 0.745045
 165.000000 0.287503
 170.000000 0.019930
 175.000000 -0.133065
 180.000000 -0.632470
 185.000000 0.452549
 190.000000 0.841262
 195.000000 0.894728
 200.000000 0.010599
 205.000000 0.436488
 210.000000 1.003585
 215.000000 1.172880
 220.000000 0.854509
 225.000000 0.051012
 230.000000 -0.257513
 235.000000 -0.343405
 240.000000 -1.414022
 245.000000 -2.528599
 250.000000 -2.222047
 255.000000 -0.610884
 260.000000 -0.049642
 265.000000 0.909180
 270.000000 0.689777
 275.000000 1.038246
 280.000000 1.586510
 285.000000 1.854152
 290.000000 1.648926
 295.000000 1.087615
 300.000000 0.045686
 305.000000 -0.252831
 310.000000 -0.545767
 315.000000 0.538844
 320.000000 0.527175
 325.000000 0.928251
 330.000000 1.171349
 335.000000 1.066186
 340.000000 0.251049
 345.000000 0.029120
 350.000000 -0.692233
 355.000000 -0.865975
 360.000000 -0.930991
 365.000000 -0.544974
 370.000000 -0.661331
 375.000000 -1.169513
 380.000000 -1.149006
 385.000000 -0.447072
 390.000000 -0.522559
 395.000000 -0.910347
 400.000000 -1.155869
 405.000000 -0.758724
 410.000000 0.066707
 415.000000 -0.642802
 420.000000 -0.814149
 425.000000 -0.414963
 430.000000 -0.837985
 435.000000 -1.104393
 440.000000 -0.646013
 445.000000 -0.025375
 450.000000 -0.189929
 455.000000 -0.568076
 460.000000 -0.478532
 465.000000 -0.255971
 470.000000 -0.279246
 475.000000 0.011896
 480.000000 0.006612
 485.000000 0.529326
 490.000000 -0.175490
 495.000000 -0.280491
 500.000000 -0.327591
 505.000000 -0.413536
 510.000000 0.005933
 515.000000 0.247493
 520.000000 0.221614
 525.000000 -0.351703
 530.000000 -0.734020
 535.000000 -0.033222
 540.000000 0.219656
 545.000000 1.799365
 550.000000 1.746902
 555.000000 0.697821
 560.000000 1.095555
 565.000000 0.446053
 570.000000 0.461220
 575.000000 0.889280
 580.000000 1.226286
 585.000000 0.723425
 590.000000 0.971058
 595.000000 0.681711
 600.000000 0.000980
 605.000000 0.450205
 610.000000 0.773678
 615.000000 0.717282
 620.000000 -0.085210
 625.000000 -0.459325
 630.000000 0.727998
 635.000000 -0.047109
 640.000000 -0.636362
 645.000000 -0.831863
 650.000000 0.047526
 655.000000 0.803594
 660.000000 0.069121
 665.000000 0.065449
 670.000000 -0.081517
 675.000000 0.113161
 680.000000 0.421862
 685.000000 0.107898
 690.000000 0.731778
 695.000000 0.466392
 700.000000 -0.102601
 705.000000 -0.089872
 710.000000 0.312835
 715.000000 -0.295644
 720.000000 -0.094546
 725.000000 0.606885
 730.000000 -0.221324
 735.000000 -0.106829
 740.000000 -1.172351
 745.000000 -1.703275
 750.000000 -1.679316
 755.000000 -1.774169
 760.000000 -1.469519
 765.000000 -1.078737
 770.000000 -0.771693
 775.000000 0.528511
 780.000000 -0.020095
 785.000000 0.362947
 790.000000 0.112457
 795.000000 -0.106616
 800.000000 0.064080
 805.000000 1.071609
 810.000000 1.823431
 815.000000 1.590441
 820.000000 0.973101
 825.000000 1.462513
 830.000000 1.874253
 835.000000 1.343732
 840.000000 1.112597
 845.000000 1.715746
 850.000000 1.769043
 855.000000 0.997061
 860.000000 1.162832
 865.000000 1.557866
 870.000000 1.378792
 875.000000 0.853372
 880.000000 -0.244174
 885.000000 -0.526409
 890.000000 0.440448
 895.000000 -0.279679
 900.000000 -0.826023
 905.000000 -0.607486
 910.000000 -0.263987
 915.000000 0.660890
 920.000000 0.381361
 925.000000 0.577829
 930.000000 0.991073
 935.000000 1.390207
 940.000000 0.712590
 945.000000 0.540632
 950.000000 -0.199356
 955.000000 -0.474676
 960.000000 -0.651244
 965.000000 0.168291
 970.000000 -0.000699
 975.000000 0.002010
 980.000000 0.072953
 985.000000 -0.242025
 990.000000 0.077768
 995.000000 -0.311677
 1000.000000 -0.560457
 1005.000000 -0.435067
 1010.000000 -0.901415
 1015.000000 -0.391168
 1020.000000 0.332540
 1025.000000 1.052941
 1030.000000 1.618326
 1035.000000 1.960165
 1040.000000 1.807513
 1045.000000 1.422077
 1050.000000 0.621683
 1055.000000 1.394025
 1060.000000 1.835234
 1065.000000 2.159563
 1070.000000 2.046714
 1075.000000 1.843392
 1080.000000 2.349707
 1085.000000 1.886785
 1090.000000 1.659592
 1095.000000 0.688880
 1100.000000 0.615262
 1105.000000 0.293367
 1110.000000 0.071006
 1115.000000 0.770904
 1120.000000 0.719022
 1125.000000 0.741374
 1130.000000 -0.222975
 1135.000000 -0.508394
 1140.000000 0.410361
 1145.000000 0.808084
 1150.000000 1.201708
 1155.000000 1.993183
 1160.000000 2.831148
 1165.000000 2.338595
 1170.000000 0.908301
 1175.000000 0.778502
 1180.000000 -0.398577
 1185.000000 -1.063063
 1190.000000 -0.931062
 1195.000000 -0.634195
 1200.000000 -0.105086
 1205.000000 0.481783
 1210.000000 -0.017544
 1215.000000 0.252916
 1220.000000 0.214832
 1225.000000 1.397466
 1230.000000 1.438811
 1235.000000 1.272330
 1240.000000 1.336058
 1245.000000 1.072382
 1250.000000 0.934547
 1255.000000 1.033103
 1260.000000 0.788109
 1265.000000 0.743724
 1270.000000 0.286513
 1275.000000 -0.002819
 1280.000000 0.155152
 1285.000000 0.321312
 1290.000000 0.350076
 1295.000000 0.070836
 1300.000000 -0.399796
 1305.000000 -0.704722
 1310.000000 -0.256976
 1315.000000 0.430919
 1320.000000 1.202687
 1325.000000 1.857305
 1330.000000 1.386644
 1335.000000 0.589520
 1340.000000 0.374265
 1345.000000 0.176294
 1350.000000 0.058596
 1355.000000 -0.019734
 1360.000000 -0.478332
 1365.000000 -0.823181
 1370.000000 -0.793796
 1375.000000 -0.380063
 1380.000000 -0.582122
 1385.000000 -0.892154
 1390.000000 -1.146279
 1395.000000 0.109172
 1400.000000 0.203464
 1405.000000 0.408010
 1410.000000 0.632581
 1415.000000 2.007662
 1420.000000 2.874790
 1425.000000 2.450653
 1430.000000 2.312716
 1435.000000 1.418719
 1440.000000 0.915190
 1445.000000 1.110917
 1450.000000 0.664556
 1455.000000 -0.031655
 1460.000000 0.157330
 1465.000000 0.413898
 1470.000000 -0.219602
 1475.000000 0.362611
 1480.000000 0.652409
 1485.000000 0.336646
 1490.000000 0.457415
 1495.000000 1.065581
 1500.000000 1.039321
 1505.000000 1.084618
 1510.000000 0.631984
 1515.000000 0.618719
 1520.000000 0.537511
 1525.000000 0.911180
 1530.000000 0.802180
 1535.000000 0.330120
 1540.000000 0.471315
 1545.000000 -0.135192
 1550.000000 -0.083771
 1555.000000 -0.234836
 1560.000000 -0.333124
 1565.000000 0.237642
 1570.000000 0.757101
 1575.000000 1.681497
 1580.000000 2.168475
 1585.000000 1.239388
 1590.000000 1.035413
 1595.000000 1.149335
 1600.000000 1.143206
 1605.000000 1.486771
 1610.000000 0.619542
 1615.000000 -0.132855
 1620.000000 -0.631518
 1625.000000 -0.718825
 1630.000000 -0.531277
 1635.000000 -0.574445
 1640.000000 -0.944019
 1645.000000 -1.076394
 1650.000000 -0.909600
 1655.000000 -0.274323
 1660.000000 -0.271939
 1665.000000 0.420324
 1670.000000 0.525561
 1675.000000 -0.052699
 1680.000000 -0.890955
 1685.000000 -0.208856
 1690.000000 -0.376289
 1695.000000 -0.048223
 1700.000000 -0.463942
 1705.000000 -1.197464
 1710.000000 -1.015289
 1715.000000 -0.224064
 1720.000000 0.814369
 1725.000000 0.841046
 1730.000000 0.465252
 1735.000000 0.299846
 1740.000000 0.078860
 1745.000000 -0.288813
 1750.000000 0.016969
 1755.000000 -0.076149
 1760.000000 0.057995
 1765.000000 0.689796
 1770.000000 0.536060
 1775.000000 0.356727
 1780.000000 0.337336
 1785.000000 0.350328
 1790.000000 0.870276
 1795.000000 1.233118
 1800.000000 0.779853
 1805.000000 1.409699
 1810.000000 1.593156
 1815.000000 0.894533
 1820.000000 1.283126
 1825.000000 2.102244
 1830.000000 2.654606
 1835.000000 2.941049
 1840.000000 2.225563
 1845.000000 1.673195
 1850.000000 1.651231
 1855.000000 1.497347
 1860.000000 0.970820
 1865.000000 0.972712
 1870.000000 1.881840
 1875.000000 2.072285
 1880.000000 1.839025
 1885.000000 1.677706
 1890.000000 1.596469
 1895.000000 1.565929
 1900.000000 1.142760
 1905.000000 0.825635
 1910.000000 0.478232
 1915.000000 0.888526
 1920.000000 1.539632
 1925.000000 1.196822
 1930.000000 1.543821
 1935.000000 2.208839
 1940.000000 1.629956
 1945.000000 2.115656
 1950.000000 2.256320
 1955.000000 2.082405
 1960.000000 1.595414
 1965.000000 1.949376
 1970.000000 2.343496
 1975.000000 2.530042
 1980.000000 1.669670
 1985.000000 0.715578
 1990.000000 0.733437
 1995.000000 -0.117162
 2000.000000 -0.466869
 2005.000000 0.417467
 2010.000000 1.261897
 2015.000000 0.538408
 2020.000000 0.360431
 2025.000000 -0.226960
 2030.000000 -0.788539
 2035.000000 -0.138865
 2040.000000 -0.089784
 2045.000000 0.395616
 2050.000000 -0.259996
 2055.000000 -0.615367
 2060.000000 -0.297777
 2065.000000 0.241737
 2070.000000 0.222142
 2075.000000 0.107440
 2080.000000 -0.743597
 2085.000000 -0.913474
 2090.000000 0.058814
 2095.000000 0.484499
 2100.000000 0.738900
 2105.000000 0.944535
 2110.000000 1.169064
 2115.000000 0.486881
 2120.000000 -0.132113
 2125.000000 -0.687092
 2130.000000 -1.225635
 2135.000000 -1.110070
 2140.000000 -0.792699
 2145.000000 -0.586114
 2150.000000 -1.010937
 2155.000000 -0.118259
 2160.000000 0.173654
 2165.000000 0.308008
 2170.000000 0.680656
 2175.000000 1.147585
 2180.000000 1.018103
 2185.000000 0.575372
 2190.000000 -0.159113
 2195.000000 -0.152545
 2200.000000 -0.384509
 2205.000000 0.530135
 2210.000000 0.856889
 2215.000000 1.074462
 2220.000000 1.247899
 2225.000000 1.288839
 2230.000000 1.215579
 2235.000000 0.720892
 2240.000000 0.445793
 2245.000000 0.728198
 2250.000000 0.856650
 2255.000000 0.806944
 2260.000000 0.009663
 2265.000000 0.457823
 2270.000000 0.109677
 2275.000000 0.734610
 2280.000000 1.301725
 2285.000000 0.889394
 2290.000000 1.380981
 2295.000000 1.260964
 2300.000000 1.890784
 2305.000000 1.802190
 2310.000000 0.997583
 2315.000000 0.137007
 2320.000000 -0.446818
 2325.000000 -0.005268
 2330.000000 0.486921
 2335.000000 0.910838
 2340.000000 0.804828
 2345.000000 0.377451
 2350.000000 0.089693
 2355.000000 -0.438658
 2360.000000 0.734648
 2365.000000 1.632526
 2370.000000 1.327506
 2375.000000 1.362231
 2380.000000 1.726038
 2385.000000 0.604031
 2390.000000 1.045645
 2395.000000 0.546271
 2400.000000 -0.154281
 2405.000000 0.833191
 2410.000000 1.393081
 2415.000000 0.636385
 2420.000000 -0.531330
 2425.000000 -0.090738
 2430.000000 0.290992
 2435.000000 -0.074310
 2440.000000 -1.468007
 2445.000000 -1.592594
 2450.000000 -1.676960
 2455.000000 -1.632318
 2460.000000 -1.781057
 2465.000000 -2.340655
 2470.000000 -2.004875
 2475.000000 -0.693394
 2480.000000 -0.475909
 2485.000000 -1.010568
 2490.000000 -1.151652
 2495.000000 -1.499157
 2500.000000 -1.641574
 2505.000000 -1.227919
 2510.000000 -0.784156
 2515.000000 -0.254110
 2520.000000 0.562240
 2525.000000 0.220258
 2530.000000 0.109259
 2535.000000 0.516734
 2540.000000 0.517737
 2545.000000 1.054887
 2550.000000 1.568986
 2555.000000 1.174660
 2560.000000 0.421975
 2565.000000 0.327839
 2570.000000 0.133515
 2575.000000 1.331794
 2580.000000 1.196575
 2585.000000 0.236644
 2590.000000 0.545702
 2595.000000 0.864919
 2600.000000 1.759215
 2605.000000 1.351117
 2610.000000 0.501096
 2615.000000 0.485895
 2620.000000 0.626914
 2625.000000 1.174154
 2630.000000 0.977445
 2635.000000 0.783990
 2640.000000 0.970079
 2645.000000 1.273211
 2650.000000 0.193140
 2655.000000 -0.297653
 2660.000000 -0.038580
 2665.000000 0.171885
 2670.000000 0.512330
 2675.000000 0.391821
 2680.000000 0.990013
 2685.000000 1.829864
 2690.000000 2.098317
 2695.000000 1.751678
 2700.000000 1.271373
 2705.000000 0.560599
 2710.000000 -0.156079
 2715.000000 -0.176784
 2720.000000 0.531173
 2725.000000 0.877097
 2730.000000 0.058868
 2735.000000 0.407234
 2740.000000 1.272260
 2745.000000 1.629764
 2750.000000 1.097060
 2755.000000 0.440741
 2760.000000 0.320958
 2765.000000 0.393771
 2770.000000 0.410124
 2775.000000 -0.296950
 2780.000000 -0.473412
 2785.000000 -1.083336
 2790.000000 -0.459151
 2795.000000 -0.711902
 2800.000000 -0.271172
 2805.000000 -0.431505
 2810.000000 0.171771
 2815.000000 0.291804
 2820.000000 0.349118
 2825.000000 0.238135
 2830.000000 0.355763
 2835.000000 0.210243
 2840.000000 0.479642
 2845.000000 0.540251
 2850.000000 0.337065
 2855.000000 -0.148694
 2860.000000 -0.070650
 2865.000000 -0.001237
 2870.000000 -0.118139
 2875.000000 -0.203034
 2880.000000 -0.533972
 2885.000000 -0.450711
 2890.000000 -0.588688
 2895.000000 -0.538613
 2900.000000 0.564828
 2905.000000 0.288847
 2910.000000 -0.027249
 2915.000000 0.200002
 2920.000000 0.017685
 2925.000000 0.381982
 2930.000000 1.150915
 2935.000000 0.586218
 2940.000000 0.027964
 2945.000000 -0.496412
 2950.000000 0.030983
 2955.000000 0.643562
 2960.000000 1.439923
 2965.000000 1.319119
 2970.000000 0.056250
 2975.000000 -0.347860
 2980.000000 -0.454186
 2985.000000 -0.532898
 2990.000000 -1.189324
 2995.000000 -2.120125
 3000.000000 -1.652694
 3005.000000 -1.206032
 3010.000000 -0.988198
 3015.000000 -1.212308
 3020.000000 -0.883358
 3025.000000 -0.932927
 3030.000000 -0.379448
 3035.000000 -0.565679
 3040.000000 -1.727641
 3045.000000 -1.804444
 3050.000000 -0.076258
 3055.000000 0.579213
 3060.000000 0.797911
 3065.000000 0.797323
 3070.000000 0.235771
 3075.000000 1.069205
 3080.000000 0.678137
 3085.000000 -0.377333
 3090.000000 -0.540278
 3095.000000 0.096818
 3100.000000 0.138878
 3105.000000 0.410806
 3110.000000 0.678900
 3115.000000 1.165652
 3120.000000 1.188781
 3125.000000 1.489701
 3130.000000 1.387905
 3135.000000 0.667613
 3140.000000 0.397080
 3145.000000 1.098481
 3150.000000 0.781683
 3155.000000 0.315849
 3160.000000 -0.556880
 3165.000000 0.452674
 3170.000000 1.352200
 3175.000000 1.584494
 3180.000000 1.784094
 3185.000000 2.985019
 3190.000000 3.344027
 3195.000000 2.646768
 3200.000000 1.639060
 3205.000000 1.365635
 3210.000000 1.218771
 3215.000000 1.423296
 3220.000000 1.238065
 3225.000000 1.502315
 3230.000000 1.728835
 3235.000000 0.980640
 3240.000000 1.069645
 3245.000000 0.422428
 3250.000000 0.210598
 3255.000000 -0.466379
 3260.000000 -0.543331
 3265.000000 -0.363205
 3270.000000 -0.777422
 3275.000000 -0.069104
 3280.000000 0.030021
 3285.000000 -0.241281
 3290.000000 0.087497
 3295.000000 0.722071
 3300.000000 1.407667
 3305.000000 0.215872
 3310.000000 0.271162
 3315.000000 0.165258
 3320.000000 -0.252649
 3325.000000 -0.494036
 3330.000000 -0.348020
 3335.000000 0.071937
 3340.000000 -0.642487
 3345.000000 -0.323216
 3350.000000 0.527918
 3355.000000 1.049989
 3360.000000 -0.017553
 3365.000000 0.704996
 3370.000000 0.548098
 3375.000000 0.282266
 3380.000000 0.755921
 3385.000000 0.819248
 3390.000000 0.599781
 3395.000000 0.661405
 3400.000000 0.991924
 3405.000000 1.237638
 3410.000000 1.606328
 3415.000000 1.679518
 3420.000000 1.638158
 3425.000000 1.196222
 3430.000000 1.520560
 3435.000000 2.417736
 3440.000000 1.675067
 3445.000000 0.966766
 3450.000000 1.018456
 3455.000000 0.277644
 3460.000000 0.542965
 3465.000000 0.335486
 3470.000000 1.061239
 3475.000000 0.734230
 3480.000000 0.965673
 3485.000000 0.976997
 3490.000000 0.832373
 3495.000000 0.507865
 3500.000000 0.978351
 3505.000000 0.974231
 3510.000000 0.910913
 3515.000000 0.609670
 3520.000000 1.204656
 3525.000000 0.661801
 3530.000000 1.253990
 3535.000000 1.390025
 3540.000000 0.799951
 3545.000000 0.564979
 3550.000000 1.668685
 3555.000000 1.604560
 3560.000000 1.838041
 3565.000000 0.708989
 3570.000000 -0.030669
 3575.000000 0.404834
 3580.000000 0.454095
 3585.000000 -0.453843
 3590.000000 -0.238733
 3595.000000 0.081201
 3600.000000 0.309679
 3605.000000 0.590641
 3610.000000 0.255815
 3615.000000 0.709022
 3620.000000 1.177189
 3625.000000 1.037785
 3630.000000 -0.028734
 3635.000000 -0.379101
 3640.000000 -0.273894
 3645.000000 0.223378
 3650.000000 0.873425
 3655.000000 1.412161
 3660.000000 0.941274
 3665.000000 0.594106
 3670.000000 0.834527
 3675.000000 -0.007308
 3680.000000 -0.017472
 3685.000000 0.295425
 3690.000000 0.377944
 3695.000000 0.797664
 3700.000000 1.075130
 3705.000000 1.550025
 3710.000000 1.488869
 3715.000000 1.036730
 3720.000000 1.046544
 3725.000000 1.095343
 3730.000000 1.100739
 3735.000000 1.491309
 3740.000000 1.576299
 3745.000000 1.708406
 3750.000000 2.068277
 3755.000000 2.504088
 3760.000000 2.617662
 3765.000000 1.554134
 3770.000000 1.497560
 3775.000000 0.872844
 3780.000000 1.251644
 3785.000000 1.128955
 3790.000000 0.460754
 3795.000000 0.361995
 3800.000000 0.405946
 3805.000000 -0.122280
 3810.000000 -0.818459
 3815.000000 -1.024212
 3820.000000 -0.439700
 3825.000000 0.474736
 3830.000000 0.688523
 3835.000000 0.932505
 3840.000000 0.955113
 3845.000000 1.468268
 3850.000000 1.538549
 3855.000000 1.487773
 3860.000000 1.354936
 3865.000000 0.667457
 3870.000000 0.888886
 3875.000000 1.079651
 3880.000000 0.920916
 3885.000000 1.861687
 3890.000000 1.755544
 3895.000000 1.282048
 3900.000000 1.090477
 3905.000000 1.395750
 3910.000000 2.163924
 3915.000000 2.023166
 3920.000000 2.133300
 3925.000000 1.980972
 3930.000000 0.791372
 3935.000000 0.100146
 3940.000000 0.745577
 3945.000000 -0.151434
 3950.000000 -0.331890
 3955.000000 0.084015
 3960.000000 0.182068
 3965.000000 0.026447
 3970.000000 -0.530781
 3975.000000 -0.422628
 3980.000000 0.200819
 3985.000000 0.886436
 3990.000000 0.879909
 3995.000000 0.826403
 4000.000000 1.112712
 4005.000000 0.058494
 4010.000000 0.410723
 4015.000000 0.334206
 4020.000000 0.125569
 4025.000000 -0.218132
 4030.000000 0.195965
 4035.000000 0.175575
 4040.000000 -0.090109
 4045.000000 -0.595143
 4050.000000 -0.297822
 4055.000000 -0.588073
 4060.000000 -0.649171
 4065.000000 -1.255919
 4070.000000 -1.656632
 4075.000000 -1.583073
 4080.000000 -1.791780
 4085.000000 -1.578520
 4090.000000 -1.130755
 4095.000000 -0.396354
 4100.000000 -0.491120
 4105.000000 -0.420040
 4110.000000 -0.521308
 4115.000000 -0.239249
 4120.000000 -0.160341
 4125.000000 -0.315786
 4130.000000 -0.229811
 4135.000000 0.869214
 4140.000000 1.567288
 4145.000000 2.148512
 4150.000000 2.097761
 4155.000000 1.515557
 4160.000000 1.393708
 4165.000000 0.755027
 4170.000000 -0.060319
 4175.000000 0.509456
 4180.000000 1.317079
 4185.000000 0.453874
 4190.000000 1.162736
 4195.000000 0.357991
 4200.000000 0.416279
 4205.000000 0.722047
 4210.000000 0.580087
 4215.000000 1.346892
 4220.000000 1.690380
 4225.000000 1.181346
 4230.000000 1.643718
 4235.000000 1.609868
 4240.000000 1.743676
 4245.000000 1.299020
 4250.000000 1.639291
 4255.000000 1.413913
 4260.000000 1.275757
 4265.000000 1.203200
 4270.000000 1.052600
 4275.000000 0.632042
 4280.000000 0.776147
 4285.000000 1.748820
 4290.000000 1.751041
 4295.000000 2.154459
 4300.000000 2.031481
 4305.000000 2.373615
 4310.000000 1.814663
 4315.000000 1.913551
 4320.000000 1.884757
 4325.000000 2.675558
 4330.000000 2.815306
 4335.000000 3.388459
 4340.000000 2.545915
 4345.000000 3.288639
 4350.000000 2.392900
 4355.000000 2.709605
 4360.000000 2.408955
 4365.000000 2.689725
 4370.000000 1.986689
 4375.000000 1.750488
 4380.000000 1.519733
 4385.000000 1.171474
 4390.000000 0.786663
 4395.000000 1.001983
 4400.000000 0.889804
 4405.000000 1.255218
 4410.000000 1.013032
 4415.000000 0.107074
 4420.000000 0.966018
 4425.000000 0.558579
 4430.000000 0.145296
 4435.000000 1.185556
 4440.000000 1.483580
 4445.000000 1.607981
 4450.000000 1.215497
 4455.000000 1.508754
 4460.000000 1.275060
 4465.000000 1.185863
 4470.000000 1.250852
 4475.000000 1.194440
 4480.000000 2.305476
 4485.000000 2.020354
 4490.000000 2.402335
 4495.000000 2.266233
 4500.000000 1.912281
 4505.000000 2.579096
 4510.000000 1.947214
 4515.000000 1.812556
 4520.000000 1.973380
 4525.000000 0.870595
 4530.000000 0.989837
 4535.000000 0.693163
 4540.000000 0.745136
 4545.000000 0.415648
 4550.000000 1.223645
 4555.000000 0.984556
 4560.000000 1.002236
 4565.000000 1.431293
 4570.000000 0.720421
 4575.000000 0.707233
 4580.000000 0.884126
 4585.000000 0.778942
 4590.000000 0.098318
 4595.000000 0.049454
 4600.000000 0.720567
 4605.000000 0.648338
 4610.000000 1.023304
 4615.000000 0.998450
 4620.000000 0.683399
 4625.000000 0.407374
 4630.000000 -0.186397
 4635.000000 0.038782
 4640.000000 0.360943
 4645.000000 0.581717
 4650.000000 0.177990
 4655.000000 -0.133470
 4660.000000 0.048789
 4665.000000 0.223014
 4670.000000 0.442103
 4675.000000 1.295858
 4680.000000 1.121077
 4685.000000 1.301164
 4690.000000 1.299930
 4695.000000 1.009715
 4700.000000 1.497323
 4705.000000 0.873426
 4710.000000 0.960092
 4715.000000 0.414259
 4720.000000 0.694362
 4725.000000 1.329681
 4730.000000 1.675285
 4735.000000 2.511312
 4740.000000 1.411379
 4745.000000 1.218198
 4750.000000 0.785388
 4755.000000 1.214052
 4760.000000 1.140230
 4765.000000 0.644417
 4770.000000 0.794025
 4775.000000 0.984018
 4780.000000 0.834285
 4785.000000 1.401157
 4790.000000 1.411059
 4795.000000 0.678777
 4800.000000 1.046743
 4805.000000 0.633696
 4810.000000 0.131057
 4815.000000 0.652666
 4820.000000 1.448603
 4825.000000 1.892226
 4830.000000 1.587212
 4835.000000 0.595669
 4840.000000 0.666579
 4845.000000 0.980263
 4850.000000 1.171399
 4855.000000 2.180319
 4860.000000 1.727658
 4865.000000 1.142068
 4870.000000 0.744236
 4875.000000 0.273652
 4880.000000 0.066308
 4885.000000 -0.041360
 4890.000000 0.842984
 4895.000000 1.419632
 4900.000000 0.997990
 4905.000000 0.633630
 4910.000000 0.499522
 4915.000000 0.499092
 4920.000000 0.827769
 4925.000000 0.653635
 4930.000000 0.911030
 4935.000000 0.955435
 4940.000000 1.162083
 4945.000000 0.536074
 4950.000000 -0.445242
 4955.000000 -0.449873
 4960.000000 -0.032831
 4965.000000 -0.091389
 4970.000000 -0.936362
 4975.000000 -1.071284
 4980.000000 -0.714133
 4985.000000 -0.317645
 4990.000000 -0.895196
 4995.000000 -0.577398
 5000.000000 0.081143
 5005.000000 0.129068
 5010.000000 -0.277484
 5015.000000 -0.058732
 5020.000000 0.051055
 5025.000000 0.389683
 5030.000000 0.777056
 5035.000000 0.564257
 5040.000000 0.243329
 5045.000000 -0.640791
 5050.000000 -1.747082
 5055.000000 -2.176927
 5060.000000 -2.203518
 5065.000000 -1.584963
 5070.000000 -1.468757
 5075.000000 -1.084447
 5080.000000 -1.260927
 5085.000000 -1.796597
 5090.000000 -1.517827
 5095.000000 -1.094144
 5100.000000 -0.823679
 5105.000000 -1.205358
 5110.000000 -1.212637
 5115.000000 -0.364771
 5120.000000 -0.577957
 5125.000000 0.219201
 5130.000000 -0.100899
 5135.000000 -0.724666
 5140.000000 0.031652
 5145.000000 0.903161
 5150.000000 0.827712
 5155.000000 0.218690
 5160.000000 1.506269
 5165.000000 2.271897
 5170.000000 2.756021
 5175.000000 2.703684
 5180.000000 2.309265
 5185.000000 2.226504
 5190.000000 1.680976
 5195.000000 1.584151
 5200.000000 0.777109
 5205.000000 0.242319
 5210.000000 0.407822
 5215.000000 0.705970
 5220.000000 0.161081
 5225.000000 0.498240
 5230.000000 0.330605
 5235.000000 -0.247291
 5240.000000 -0.697008
 5245.000000 -0.602650
 5250.000000 -0.209641
 5255.000000 0.265109
 5260.000000 0.051971
 5265.000000 0.432555
 5270.000000 1.293260
 5275.000000 1.372481
 5280.000000 2.076725
 5285.000000 1.463187
 5290.000000 0.414703
 5295.000000 0.276682
 5300.000000 -0.003517
 5305.000000 0.442361
 5310.000000 0.281363
 5315.000000 0.847008
 5320.000000 1.171551
 5325.000000 1.391357
 5330.000000 1.302179
 5335.000000 1.277818
 5340.000000 0.340586
 5345.000000 0.255920
 5350.000000 -0.265958
 5355.000000 -0.289778
 5360.000000 -0.570499
 5365.000000 -0.302282
 5370.000000 -0.105230
 5375.000000 -0.543778
 5380.000000 -0.132741
 5385.000000 -0.115944
 5390.000000 -0.135859
 5395.000000 0.470877
 5400.000000 0.755416
 5405.000000 0.549470
 5410.000000 1.060896
 5415.000000 0.817316
 5420.000000 -0.106620
 5425.000000 -0.026689
 5430.000000 -0.062242
 5435.000000 -0.072255
 5440.000000 0.065694
 5445.000000 0.585522
 5450.000000 -0.159806
 5455.000000 -0.202131
 5460.000000 0.072856
 5465.000000 0.730512
 5470.000000 1.645006
 5475.000000 2.332428
 5480.000000 1.679886
 5485.000000 0.943678
 5490.000000 0.175514
 5495.000000 0.358376
 5500.000000 0.588059
 5505.000000 1.009936
 5510.000000 1.192431
 5515.000000 0.917824
 5520.000000 0.545794
 5525.000000 -0.020848
 5530.000000 -0.372318
 5535.000000 -0.669750
 5540.000000 -0.120868
 5545.000000 -0.842588
 5550.000000 -1.119988
 5555.000000 -0.114565
 5560.000000 0.912844
 5565.000000 1.374490
 5570.000000 1.874503
 5575.000000 1.526036
 5580.000000 1.174483
 5585.000000 1.404147
 5590.000000 0.790484
 5595.000000 1.201651
 5600.000000 1.333941
 5605.000000 0.273239
 5610.000000 0.093121
 5615.000000 0.331001
 5620.000000 0.841006
 5625.000000 0.134038
 5630.000000 -1.199340
 5635.000000 -0.940220
 5640.000000 -0.519992
 5645.000000 -0.218526
 5650.000000 -0.966770
 5655.000000 -1.481880
 5660.000000 -0.891041
 5665.000000 -0.367240
 5670.000000 -0.883841
 5675.000000 -1.527437
 5680.000000 -1.415242
 5685.000000 -1.706074
 5690.000000 -1.890445
 5695.000000 -0.507160
 5700.000000 -0.195829
 5705.000000 -0.247880
 5710.000000 -0.657892
 5715.000000 0.496103
 5720.000000 0.227433
 5725.000000 0.412902
 5730.000000 0.503490
 5735.000000 -0.230448
 5740.000000 0.104436
 5745.000000 -0.255768
 5750.000000 -0.689940
 5755.000000 -0.525741
 5760.000000 -0.875229
 5765.000000 -1.118811
 5770.000000 -0.868324
 5775.000000 -0.292458
 5780.000000 0.417981
 5785.000000 1.029273
 5790.000000 1.229107
 5795.000000 1.321303
 5800.000000 0.679482
 5805.000000 -0.002162
 5810.000000 0.689321
 5815.000000 1.500987
 5820.000000 0.752841
 5825.000000 0.374270
 5830.000000 0.611375
 5835.000000 0.920414
 5840.000000 1.817178
 5845.000000 1.713690
 5850.000000 0.515438
 5855.000000 0.172546
 5860.000000 -0.075639
 5865.000000 0.260413
 5870.000000 0.961784
 5875.000000 0.984824
 5880.000000 0.156589
 5885.000000 0.416041
 5890.000000 1.857440
 5895.000000 2.110448
 5900.000000 3.065327
 5905.000000 2.834919
 5910.000000 1.469919
 5915.000000 1.570759
 5920.000000 1.404117
 5925.000000 0.712390
 5930.000000 0.079600
 5935.000000 0.409719
 5940.000000 0.220231
 5945.000000 -1.123381
 5950.000000 -1.336450
 5955.000000 -1.287236
 5960.000000 -1.696319
 5965.000000 -1.633834
 5970.000000 -1.598294
 5975.000000 -0.602206
 5980.000000 -0.042996
 5985.000000 0.414371
 5990.000000 -0.042330
 5995.000000 0.519601
 6000.000000 0.435121
 6005.000000 0.128149
 6010.000000 -0.343965
 6015.000000 0.521472
 6020.000000 1.219558
 6025.000000 1.800616
 6030.000000 1.893468
 6035.000000 0.652288
 6040.000000 0.154894
 6045.000000 -0.078641
 6050.000000 0.011580
 6055.000000 -0.228808
 6060.000000 0.333735
 6065.000000 0.250678
 6070.000000 -0.288580
 6075.000000 -0.175617
 6080.000000 0.554482
 6085.000000 1.607403
 6090.000000 2.283380
 6095.000000 1.742065
 6100.000000 0.831067
 6105.000000 0.833858
 6110.000000 0.956579
 6115.000000 0.514844
 6120.000000 0.602642
 6125.000000 1.188552
 6130.000000 1.545511
 6135.000000 1.337357
 6140.000000 1.809301
 6145.000000 2.060422
 6150.000000 1.513216
 6155.000000 0.843922
 6160.000000 0.449236
 6165.000000 0.758979
 6170.000000 0.547723
 6175.000000 0.545916
 6180.000000 1.446820
 6185.000000 1.436993
 6190.000000 0.581090
 6195.000000 0.168928
 6200.000000 -0.343367
 6205.000000 -1.185714
 6210.000000 -1.266888
 6215.000000 -0.772657
 6220.000000 -0.952237
 6225.000000 -0.409235
 6230.000000 0.220413
 6235.000000 -0.098907
 6240.000000 -0.108541
 6245.000000 1.099250
 6250.000000 1.693597
 6255.000000 1.457619
 6260.000000 1.666053
 6265.000000 1.332066
 6270.000000 0.860984
 6275.000000 1.366940
 6280.000000 0.922557
 6285.000000 1.218163
 6290.000000 1.240043
 6295.000000 0.668259
 6300.000000 0.649717
 6305.000000 0.259348
 6310.000000 -0.196108
 6315.000000 -0.435894
 6320.000000 -1.073597
 6325.000000 -1.255475
 6330.000000 -0.207908
 6335.000000 0.566485
 6340.000000 0.276068
 6345.000000 0.957017
 6350.000000 0.977801
 6355.000000 1.377921
 6360.000000 1.221317
 6365.000000 0.379239
 6370.000000 0.514570
 6375.000000 -0.478638
 6380.000000 -0.660283
 6385.000000 -0.306859
 6390.000000 0.225234
 6395.000000 -0.245662
 6400.000000 -1.047513
 6405.000000 -1.003814
 6410.000000 -0.648807
 6415.000000 -0.129126
 6420.000000 -0.722737
 6425.000000 -1.060222
 6430.000000 -1.347405
 6435.000000 -0.608362
 6440.000000 0.070407
 6445.000000 0.708390
 6450.000000 0.155600
 6455.000000 0.921545
 6460.000000 1.340197
 6465.000000 2.114436
 6470.000000 2.158661
 6475.000000 0.829821
 6480.000000 -0.455997
 6485.000000 0.112328
 6490.000000 0.956042
 6495.000000 0.809469
 6500.000000 0.830120
 6505.000000 0.626887
 6510.000000 -0.125282
 6515.000000 0.345961
 6520.000000 0.973690
 6525.000000 0.648252
 6530.000000 1.027877
 6535.000000 1.575843
 6540.000000 1.517583
 6545.000000 1.990593
 6550.000000 2.375596
 6555.000000 1.923725
 6560.000000 1.497158
 6565.000000 1.291343
 6570.000000 1.493336
 6575.000000 0.586646
 6580.000000 -0.117007
 6585.000000 0.065897
 6590.000000 -0.566148
 6595.000000 -0.910089
 6600.000000 0.040371
 6605.000000 1.057700
 6610.000000 1.090171
 6615.000000 0.897812
 6620.000000 0.927082
 6625.000000 1.788672
 6630.000000 1.293376
 6635.000000 1.941732
 6640.000000 1.517598
 6645.000000 1.416147
 6650.000000 1.612993
 6655.000000 1.849939
 6660.000000 1.354797
 6665.000000 1.786100
 6670.000000 1.912209
 6675.000000 1.341118
 6680.000000 1.297191
 6685.000000 1.111157
 6690.000000 0.653938
 6695.000000 0.065536
 6700.000000 0.326450
 6705.000000 0.724183
 6710.000000 1.051904
 6715.000000 0.963943
 6720.000000 0.153140
 6725.000000 -0.358997
 6730.000000 -0.493742
 6735.000000 0.141493
 6740.000000 1.223530
 6745.000000 1.491003
 6750.000000 1.239083
 6755.000000 1.935839
 6760.000000 2.150272
 6765.000000 1.620544
 6770.000000 1.835795
 6775.000000 1.512924
 6780.000000 0.803710
 6785.000000 0.234401
 6790.000000 0.682251
 6795.000000 0.755203
 6800.000000 0.917783
 6805.000000 1.714836
 6810.000000 1.183329
 6815.000000 0.715341
 6820.000000 -0.411622
 6825.000000 -0.248442
 6830.000000 0.351926
 6835.000000 0.697363
 6840.000000 0.843221
 6845.000000 0.777299
 6850.000000 0.571018
 6855.000000 0.559226
 6860.000000 0.477456
 6865.000000 -0.013142
 6870.000000 -0.604438
 6875.000000 -1.470940
 6880.000000 -1.463376
 6885.000000 -0.909229
 6890.000000 -0.097866
 6895.000000 0.876126
 6900.000000 1.011850
 6905.000000 0.837847
 6910.000000 1.158496
 6915.000000 1.386039
 6920.000000 1.263496
 6925.000000 1.519438
 6930.000000 0.989041
 6935.000000 0.822491
 6940.000000 0.210705
 6945.000000 -0.024366
 6950.000000 0.192416
 6955.000000 0.978705
 6960.000000 1.217139
 6965.000000 0.775423
 6970.000000 1.000315
 6975.000000 0.962777
 6980.000000 0.706223
 6985.000000 0.393868
 6990.000000 0.194644
 6995.000000 0.789593
 7000.000000 0.382795
 7005.000000 0.227392
 7010.000000 -0.272360
 7015.000000 -0.494846
 7020.000000 -0.349095
 7025.000000 -0.502977
 7030.000000 0.647847
 7035.000000 1.221845
 7040.000000 0.532472
 7045.000000 0.412646
 7050.000000 0.034621
 7055.000000 0.129300
 7060.000000 -0.198286
 7065.000000 -0.186246
 7070.000000 0.492241
 7075.000000 -0.361104
 7080.000000 -0.286881
 7085.000000 -0.099957
 7090.000000 0.211341
 7095.000000 0.088722
 7100.000000 -0.067825
 7105.000000 -0.250515
 7110.000000 0.225868
 7115.000000 0.465122
 7120.000000 1.272178
 7125.000000 1.255682
 7130.000000 0.665505
 7135.000000 0.515992
 7140.000000 0.328475
 7145.000000 1.115869
 7150.000000 1.670548
 7155.000000 1.334532
 7160.000000 1.860782
 7165.000000 2.518695
 7170.000000 2.480283
 7175.000000 1.498854
 7180.000000 1.289640
 7185.000000 1.620964
 7190.000000 1.069079
 7195.000000 0.606117
 7200.000000 0.694280
 7205.000000 0.496391
 7210.000000 0.224303
 7215.000000 -0.242269
 7220.000000 -0.866272
 7225.000000 -0.842078
 7230.000000 -1.173330
 7235.000000 -1.391738
 7240.000000 -0.600292
 7245.000000 -0.418216
 7250.000000 -0.342384
 7255.000000 0.229486
 7260.000000 -0.155248
 7265.000000 -0.494744
 7270.000000 -0.711469
 7275.000000 -0.506598
 7280.000000 -0.596548
 7285.000000 -1.605691
 7290.000000 -0.902612
 7295.000000 0.101995
 7300.000000 0.315298
 7305.000000 0.366079
 7310.000000 0.217787
 7315.000000 -0.280072
 7320.000000 -0.519102
 7325.000000 -0.609309
 7330.000000 -0.250128
 7335.000000 -0.849213
 7340.000000 -0.752653
 7345.000000 -0.052498
 7350.000000 1.003667
 7355.000000 1.110630
 7360.000000 1.262747
 7365.000000 1.143009
 7370.000000 0.953737
 7375.000000 1.027924
 7380.000000 0.871660
 7385.000000 0.672364
 7390.000000 0.989384
 7395.000000 1.152988
 7400.000000 1.520449
 7405.000000 1.647536
 7410.000000 1.212818
 7415.000000 0.857075
 7420.000000 0.246138
 7425.000000 0.805285
 7430.000000 1.848838
 7435.000000 1.458380
 7440.000000 1.930234
 7445.000000 2.524023
 7450.000000 3.144540
 7455.000000 3.190277
 7460.000000 2.231030
 7465.000000 1.737272
 7470.000000 1.623075
 7475.000000 1.737868
 7480.000000 1.778158
 7485.000000 1.655661
 7490.000000 1.881119
 7495.000000 2.050164
 7500.000000 1.669479
 7505.000000 1.387310
 7510.000000 1.830734
 7515.000000 2.494250
 7520.000000 2.539859
 7525.000000 2.391896
 7530.000000 1.622074
 7535.000000 2.131148
 7540.000000 1.643061
 7545.000000 1.994746
 7550.000000 2.751791
 7555.000000 2.357977
 7560.000000 2.106314
 7565.000000 1.130429
 7570.000000 1.152140
 7575.000000 0.929462
 7580.000000 1.242496
 7585.000000 1.134590
 7590.000000 0.986577
 7595.000000 0.585141
 7600.000000 -0.040097
 7605.000000 0.486418
 7610.000000 0.531311
 7615.000000 -0.090549
 7620.000000 -0.057692
 7625.000000 0.872966
 7630.000000 1.162929
 7635.000000 0.904720
 7640.000000 1.035441
 7645.000000 1.688726
 7650.000000 2.139031
 7655.000000 1.852765
 7660.000000 1.518197
 7665.000000 0.884664
 7670.000000 0.648340
 7675.000000 0.129960
 7680.000000 0.841129
 7685.000000 1.539409
 7690.000000 1.792259
 7695.000000 2.376977
 7700.000000 2.689269
 7705.000000 2.741107
 7710.000000 2.790528
 7715.000000 2.401707
 7720.000000 1.698122
 7725.000000 1.696022
 7730.000000 1.411240
 7735.000000 2.042695
 7740.000000 1.918286
 7745.000000 2.240723
 7750.000000 2.191056
 7755.000000 1.816363
 7760.000000 1.461939
 7765.000000 0.992641
 7770.000000 0.492357
 7775.000000 0.034273
 7780.000000 -1.013533
 7785.000000 -1.128014
 7790.000000 -1.141835
 7795.000000 -1.604958
 7800.000000 -1.503045
 7805.000000 -1.264376
 7810.000000 -0.417327
 7815.000000 -0.340088
 7820.000000 -0.298221
 7825.000000 -0.230577
 7830.000000 -0.145701
 7835.000000 0.219834
 7840.000000 1.309774
 7845.000000 1.459038
 7850.000000 0.567895
 7855.000000 -0.339837
 7860.000000 -0.333307
 7865.000000 -0.258238
 7870.000000 -0.328033
 7875.000000 0.014235
 7880.000000 -0.193320
 7885.000000 -0.342261
 7890.000000 -0.342350
 7895.000000 -0.010742
 7900.000000 0.529302
 7905.000000 0.772737
 7910.000000 0.483067
 7915.000000 0.752132
 7920.000000 -0.174469
 7925.000000 -0.467853
 7930.000000 -0.218476
 7935.000000 -0.072639
 7940.000000 -0.144986
 7945.000000 0.401803
 7950.000000 0.252516
 7955.000000 -0.111072
 7960.000000 -0.415250
 7965.000000 -0.610578
 7970.000000 -0.392188
 7975.000000 -0.660840
 7980.000000 -1.761255
 7985.000000 -1.776923
 7990.000000 -1.142969
 7995.000000 -0.176755
 8000.000000 0.884998
 8005.000000 1.712869
 8010.000000 2.267322
 8015.000000 1.435252
 8020.000000 1.151869
 8025.000000 1.234875
 8030.000000 1.049157
 8035.000000 0.717627
 8040.000000 -0.001702
 8045.000000 0.283880
 8050.000000 0.479310
 8055.000000 0.254680
 8060.000000 -0.423092
 8065.000000 -0.806208
 8070.000000 -0.404436
 8075.000000 -0.791687
 8080.000000 -0.897739
 8085.000000 -1.056515
 8090.000000 -1.185291
 8095.000000 -0.923273
 8100.000000 -1.046421
 8105.000000 -0.210080
 8110.000000 -0.540156
 8115.000000 -0.708414
 8120.000000 -0.900124
 8125.000000 -0.621089
 8130.000000 -1.231198
 8135.000000 -1.120377
 8140.000000 -1.415239
 8145.000000 -0.982634
 8150.000000 -0.693891
 8155.000000 -1.293990
 8160.000000 -0.544925
 8165.000000 -0.049796
 8170.000000 0.818806
 8175.000000 0.386722
 8180.000000 0.276823
 8185.000000 0.633173
 8190.000000 1.411547
 8195.000000 1.507740
 8200.000000 1.506805
 8205.000000 0.324610
 8210.000000 0.359865
 8215.000000 0.270267
 8220.000000 0.693324
 8225.000000 0.644654
 8230.000000 1.105329
 8235.000000 0.438323
 8240.000000 0.627570
 8245.000000 1.091607
 8250.000000 1.764717
 8255.000000 2.131214
 8260.000000 1.871961
 8265.000000 1.840382
 8270.000000 0.592017
 8275.000000 0.351973
 8280.000000 0.125615
 8285.000000 0.878531
 8290.000000 1.040801
 8295.000000 1.766657
 8300.000000 1.200879
 8305.000000 1.093125
 8310.000000 0.586854
 8315.000000 0.358711
 8320.000000 -0.241085
 8325.000000 -0.184122
 8330.000000 -0.369530
 8335.000000 -0.264333
 8340.000000 -0.288812
 8345.000000 0.153849
 8350.000000 0.732439
 8355.000000 0.359258
 8360.000000 0.291920
 8365.000000 0.912743
 8370.000000 1.672588
 8375.000000 0.975750
 8380.000000 1.181266
 8385.000000 0.738823
 8390.000000 1.813618
 8395.000000 2.444748
 8400.000000 2.092659
 8405.000000 1.219683
 8410.000000 0.885251
 8415.000000 0.486386
 8420.000000 -0.139507
 8425.000000 0.066045
 8430.000000 -0.588180
 8435.000000 -0.395566
 8440.000000 -0.111029
 8445.000000 0.341764
 8450.000000 0.356151
 8455.000000 -0.450645
 8460.000000 -0.114041
 8465.000000 0.212693
 8470.000000 -0.121872
 8475.000000 -0.161049
 8480.000000 0.457894
 8485.000000 0.710069
 8490.000000 1.262208
 8495.000000 1.127242
 8500.000000 1.143408
 8505.000000 1.403421
 8510.000000 0.979643
 8515.000000 0.536955
 8520.000000 0.221371
 8525.000000 0.832399
 8530.000000 0.301675
 8535.000000 0.387752
 8540.000000 0.546862
 8545.000000 0.570983
 8550.000000 0.650214
 8555.000000 -0.149566
 8560.000000 -0.902382
 8565.000000 -0.884150
 8570.000000 -0.828856
 8575.000000 -1.162377
 8580.000000 -1.260177
 8585.000000 -1.462567
 8590.000000 -1.805034
 8595.000000 -1.608131
 8600.000000 -0.660537
 8605.000000 -0.157460
 8610.000000 0.601181
 8615.000000 0.303662
 8620.000000 -0.729827
 8625.000000 -0.554220
 8630.000000 -0.704341
 8635.000000 -0.429960
 8640.000000 0.594443
 8645.000000 0.475665
 8650.000000 0.815802
 8655.000000 1.327661
 8660.000000 0.645209
 8665.000000 0.086553
 8670.000000 -0.083286
 8675.000000 -0.280117
 8680.000000 -0.558063
 8685.000000 0.130670
 8690.000000 -0.121933
 8695.000000 0.127298
 8700.000000 0.969879
 8705.000000 0.721654
 8710.000000 0.085981
 8715.000000 0.229163
 8720.000000 0.227530
 8725.000000 0.197313
 8730.000000 0.125741
 8735.000000 0.583400
 8740.000000 1.226448
 8745.000000 1.063677
 8750.000000 0.763991
 8755.000000 -0.328978
 8760.000000 -0.698700
 8765.000000 0.122378
 8770.000000 -0.473726
 8775.000000 -0.577481
 8780.000000 -0.360208
 8785.000000 -0.930721
 8790.000000 -0.252536
 8795.000000 -0.286443
 8800.000000 -0.821887
 8805.000000 -1.337732
 8810.000000 -1.391348
 8815.000000 -1.057922
 8820.000000 -0.785692
 8825.000000 -0.705228
 8830.000000 -0.653707
 8835.000000 -0.745954
 8840.000000 -0.533384
 8845.000000 -0.594885
 8850.000000 -0.698237
 8855.000000 -0.706269
 8860.000000 -0.002690
 8865.000000 -0.861478
 8870.000000 -1.176017
 8875.000000 -0.000607
 8880.000000 0.558814
 8885.000000 0.444725
 8890.000000 0.423849
 8895.000000 0.717812
 8900.000000 0.951503
 8905.000000 0.970797
 8910.000000 0.138895
 8915.000000 0.909664
 8920.000000 0.752592
 8925.000000 1.068957
 8930.000000 0.143384
 8935.000000 0.006960
 8940.000000 0.322732
 8945.000000 0.722652
 8950.000000 0.574349
 8955.000000 0.734479
 8960.000000 1.155040
 8965.000000 1.063509
 8970.000000 1.153879
 8975.000000 1.390269
 8980.000000 0.868634
 8985.000000 0.899183
 8990.000000 0.573439
 8995.000000 0.186631
 9000.000000 -0.789235
 9005.000000 -0.728628
 9010.000000 0.155594
 9015.000000 0.873204
 9020.000000 0.881390
 9025.000000 0.702848
 9030.000000 0.017932
 9035.000000 0.417177
 9040.000000 1.438561
 9045.000000 1.098926
 9050.000000 0.138019
 9055.000000 0.503953
 9060.000000 1.098389
 9065.000000 0.557480
 9070.000000 1.257063
 9075.000000 1.874582
 9080.000000 1.669672
 9085.000000 1.618345
 9090.000000 1.438202
 9095.000000 0.980996
 9100.000000 0.847101
 9105.000000 1.230414
 9110.000000 1.103483
 9115.000000 0.904231
 9120.000000 0.723738
 9125.000000 0.406728
 9130.000000 0.639646
 9135.000000 0.299348
 9140.000000 0.062702
 9145.000000 0.293021
 9150.000000 0.814522
 9155.000000 0.292380
 9160.000000 0.569787
 9165.000000 1.064270
 9170.000000 0.033203
 9175.000000 -0.099469
 9180.000000 -0.978679
 9185.000000 -0.689974
 9190.000000 -0.520467
 9195.000000 0.361016
 9200.000000 0.459982
 9205.000000 -0.029006
 9210.000000 -0.489188
 9215.000000 -1.122789
 9220.000000 -1.521353
 9225.000000 -1.794732
 9230.000000 -0.939158
 9235.000000 -0.747461
 9240.000000 0.126812
 9245.000000 0.313073
 9250.000000 0.517486
 9255.000000 0.345009
 9260.000000 0.423075
 9265.000000 0.385638
 9270.000000 -0.186956
 9275.000000 0.271865
 9280.000000 0.343975
 9285.000000 0.618337
 9290.000000 0.532572
 9295.000000 0.405758
 9300.000000 -0.370788
 9305.000000 -0.778930
 9310.000000 -0.772752
 9315.000000 -0.650312
 9320.000000 -0.491142
 9325.000000 0.013366
 9330.000000 -0.561048
 9335.000000 -0.291173
 9340.000000 -0.442232
 9345.000000 0.021077
 9350.000000 0.149525
 9355.000000 -0.451213
 9360.000000 -0.905022
 9365.000000 -0.770808
 9370.000000 -1.460030
 9375.000000 -1.504018
 9380.000000 -1.564649
 9385.000000 -1.352560
 9390.000000 -1.133776
 9395.000000 -0.889255
 9400.000000 -0.452335
 9405.000000 -0.074948
 9410.000000 -0.503225
 9415.000000 -0.167538
 9420.000000 0.124046
 9425.000000 1.421739
 9430.000000 1.172055
 9435.000000 1.366398
 9440.000000 1.613679
 9445.000000 1.709590
 9450.000000 2.307560
 9455.000000 2.363339
 9460.000000 2.051748
 9465.000000 2.351357
 9470.000000 2.509354
 9475.000000 2.050509
 9480.000000 1.735887
 9485.000000 1.641894
 9490.000000 1.171214
 9495.000000 0.788152
 9500.000000 1.084530
 9505.000000 1.617787
 9510.000000 1.426642
 9515.000000 1.368981
 9520.000000 2.298743
 9525.000000 2.076469
 9530.000000 1.848667
 9535.000000 1.981547
 9540.000000 1.830100
 9545.000000 2.675324
 9550.000000 2.399531
 9555.000000 2.599376
 9560.000000 1.824448
 9565.000000 1.886789
 9570.000000 1.225575
 9575.000000 -0.032298
 9580.000000 -0.326567
 9585.000000 -1.194906
 9590.000000 -0.353407
 9595.000000 0.264378
 9600.000000 0.094942
 9605.000000 0.048659
 9610.000000 0.028007
 9615.000000 0.276233
 9620.000000 0.026209
 9625.000000 -0.630863
 9630.000000 -0.594856
 9635.000000 0.424512
 9640.000000 0.806696
 9645.000000 0.993363
 9650.000000 0.795278
 9655.000000 -0.446473
 9660.000000 -0.749605
 9665.000000 -0.379332
 9670.000000 -0.030095
 9675.000000 0.278717
 9680.000000 0.059496
 9685.000000 0.348665
 9690.000000 0.233350
 9695.000000 0.055846
 9700.000000 -0.519208
 9705.000000 -0.874733
 9710.000000 -1.150220
 9715.000000 -0.931958
 9720.000000 -1.207078
 9725.000000 -1.740631
 9730.000000 -1.529853
 9735.000000 -0.950640
 9740.000000 -1.302035
 9745.000000 -0.078846
 9750.000000 0.776812
 9755.000000 0.591189
 9760.000000 0.311646
 9765.000000 -0.219820
 9770.000000 -0.690169
 9775.000000 -0.581924
 9780.000000 0.441669
 9785.000000 0.244864
 9790.000000 -0.647217
 9795.000000 -1.006847
 9800.000000 -0.948096
 9805.000000 -1.121412
 9810.000000 -0.784752
 9815.000000 -0.487032
 9820.000000 -0.254085
 9825.000000 0.274876
 9830.000000 0.432870
 9835.000000 -0.345100
 9840.000000 -0.050186
 9845.000000 1.047890
 9850.000000 1.211472
 9855.000000 0.351559
 9860.000000 0.214450
 9865.000000 0.079557
 9870.000000 0.557815
 9875.000000 0.811401
 9880.000000 0.934125
 9885.000000 1.189996
 9890.000000 1.411742
 9895.000000 1.037067
 9900.000000 1.046432
 9905.000000 1.057663
 9910.000000 0.646799
 9915.000000 1.072731
 9920.000000 0.058220
 9925.000000 -0.707835
 9930.000000 -0.835094
 9935.000000 -0.365572
 9940.000000 0.618896
 9945.000000 0.792332
 9950.000000 1.072169
 9955.000000 1.416132
 9960.000000 1.279621
 9965.000000 1.733754
 9970.000000 2.222927
 9975.000000 2.283321
 9980.000000 1.938602
 9985.000000 2.057604
 9990.000000 1.988465
 9995.000000 1.490581
 10000.000000 0.963378
