#! FIELDS time av
 0.000000 0.000000
 50.000000 0.756091
 100.000000 1.663772
 150.000000 0.272657
 200.000000 0.307796
 250.000000 -0.324711
 300.000000 0.819957
 350.000000 0.302114
 400.000000 -0.835764
 450.000000 -0.536762
 500.000000 -0.181756
 550.000000 0.270848
 600.000000 0.719339
 650.000000 0.065682
 700.000000 0.259514
 750.000000 -0.444344
 800.000000 -0.415283
 850.000000 1.473647
 900.000000 0.451409
 950.000000 0.418375
 1000.000000 -0.191976
 1050.000000 0.708760
 1100.000000 1.647915
 1150.000000 0.428445
 1200.000000 0.571775
 1250.000000 0.838358
 1300.000000 0.334621
 1350.000000 0.511453
 1400.000000 -0.480302
 1450.000000 1.479579
 1500.000000 0.423395
 1550.000000 0.516866
 1600.000000 0.884410
 1650.000000 -0.341262
 1700.000000 -0.164134
 1750.000000 -0.020929
 1800.000000 0.513534
 1850.000000 1.842840
 1900.000000 1.521689
 1950.000000 1.468344
 2000.000000 1.303539
 2050.000000 0.146968
 2100.000000 -0.071668
 2150.000000 -0.294418
 2200.000000 0.308895
 2250.000000 0.896534
 2300.000000 0.884257
 2350.000000 0.515443
 2400.000000 0.838596
 2450.000000 -0.228029
 2500.000000 -1.423116
 2550.000000 0.228392
 2600.000000 0.799284
 2650.000000 0.833704
 2700.000000 0.868105
 2750.000000 0.610119
 2800.000000 -0.173033
 2850.000000 0.254229
 2900.000000 -0.208891
 2950.000000 0.216094
 3000.000000 -0.283823
 3050.000000 -0.977629
 3100.000000 0.347565
 3150.000000 0.926660
 3200.000000 1.554731
 3250.000000 1.116023
 3300.000000 -0.021347
 3350.000000 -0.080826
 3400.000000 0.639607
 3450.000000 1.495645
 3500.000000 0.721282
 3550.000000 1.003890
 3600.000000 0.467815
 3650.000000 0.418553
 3700.000000 0.630345
 3750.000000 1.416254
 3800.000000 1.265558
 3850.000000 0.365304
 3900.000000 1.238937
 3950.000000 1.085088
 4000.000000 0.324540
 4050.000000 0.009933
 4100.000000 -1.112140
 4150.000000 0.479624
 4200.000000 0.782139
 4250.000000 1.345633
 4300.000000 1.403946
 4350.000000 2.509336
 4400.000000 1.691512
 4450.000000 0.953783
 4500.000000 1.732165
 4550.000000 1.325027
 4600.000000 0.737715
 4650.000000 0.473390
 4700.000000 0.810550
 4750.000000 1.187338
 4800.000000 1.014876
 4850.000000 0.975937
 4900.000000 0.935349
 4950.000000 0.623303
 5000.000000 -0.500497
 5050.000000 -0.056964
 5100.000000 -1.501179
 5150.000000 -0.220456
 5200.000000 1.803457
 5250.000000 0.058945
 5300.000000 0.764316
 5350.000000 0.704419
 5400.000000 -0.096982
 5450.000000 0.265129
 5500.000000 0.832418
 5550.000000 0.051962
 5600.000000 1.147801
 5650.000000 -0.217244
 5700.000000 -1.086619
 5750.000000 -0.033756
 5800.000000 0.099658
 5850.000000 0.889335
 5900.000000 0.990977
 5950.000000 0.624182
 6000.000000 -0.553412
 6050.000000 0.595942
 6100.000000 0.690980
 6150.000000 1.236228
 6200.000000 0.643624
 6250.000000 -0.178092
 6300.000000 1.138240
 6350.000000 -0.013226
 6400.000000 0.097933
 6450.000000 -0.458608
 6500.000000 0.961662
 6550.000000 1.095700
 6600.000000 0.530523
 6650.000000 1.354328
 6700.000000 1.169844
 6750.000000 0.613554
 6800.000000 1.244872
 6850.000000 0.619427
 6900.000000 -0.163433
 6950.000000 0.835560
 7000.000000 0.740148
 7050.000000 0.145754
 7100.000000 -0.027869
 7150.000000 0.726472
 7200.000000 1.497323
 7250.000000 -0.515589
 7300.000000 -0.432613
 7350.000000 -0.172544
 7400.000000 1.070489
 7450.000000 1.567487
 7500.000000 1.955410
 7550.000000 2.078687
 7600.000000 1.158503
 7650.000000 0.867330
 7700.000000 1.427297
 7750.000000 2.113149
 7800.000000 -0.159381
 7850.000000 0.086025
 7900.000000 -0.160455
 7950.000000 0.158383
 8000.000000 -0.616283
 8050.000000 1.033046
 8100.000000 -0.727998
 8150.000000 -0.842320
 8200.000000 0.465290
 8250.000000 0.732027
 8300.000000 1.180003
 8350.000000 0.157710
 8400.000000 1.248337
 8450.000000 0.212100
 8500.000000 0.406591
 8550.000000 0.643127
 8600.000000 -1.072378
 8650.000000 0.021495
 8700.000000 0.224387
 8750.000000 0.522490
 8800.000000 -0.460830
 8850.000000 -0.850409
 8900.000000 0.034964
 8950.000000 0.561098
 9000.000000 0.723583
 9050.000000 0.499502
 9100.000000 1.184578
 9150.000000 0.647783
 9200.000000 0.049205
 9250.000000 -0.568632
 9300.000000 0.276849
 9350.000000 -0.380362
 9400.000000 -1.048367
 9450.000000 0.896936
 9500.000000 1.774798
 9550.000000 1.952379
 9600.000000 0.598833
 9650.000000 0.217324
 9700.000000 -0.114864
 9750.000000 -0.898918
 9800.000000 -0.250470
 9850.000000 -0.007546
 9900.000000 0.763414
 9950.000000 0.341031
 10000.000000 1.737439
