#! FIELDS time av
 0.000000 0.000000
 25.000000 0.470643
 50.000000 1.041540
 75.000000 1.332279
 100.000000 1.995266
 125.000000 -0.075174
 150.000000 0.620489
 175.000000 0.302258
 200.000000 0.313334
 225.000000 0.703695
 250.000000 -1.353117
 275.000000 0.395335
 300.000000 1.244578
 325.000000 0.239134
 350.000000 0.365094
 375.000000 -0.834557
 400.000000 -0.836970
 425.000000 -0.512786
 450.000000 -0.560739
 475.000000 -0.313986
 500.000000 -0.049527
 525.000000 -0.058040
 550.000000 0.599736
 575.000000 0.717986
 600.000000 0.720692
 625.000000 0.279326
 650.000000 -0.147962
 675.000000 0.193961
 700.000000 0.325066
 725.000000 0.087931
 750.000000 -0.976619
 775.000000 -0.913121
 800.000000 0.082554
 825.000000 1.384219
 850.000000 1.563074
 875.000000 1.189985
 900.000000 -0.287167
 925.000000 0.149721
 950.000000 0.687029
 975.000000 -0.191264
 1000.000000 -0.192687
 1025.000000 -0.068434
 1050.000000 1.485953
 1075.000000 1.855785
 1100.000000 1.440045
 1125.000000 0.519134
 1150.000000 0.337756
 1175.000000 1.769946
 1200.000000 -0.626396
 1225.000000 0.465891
 1250.000000 1.210826
 1275.000000 0.569726
 1300.000000 0.099516
 1325.000000 0.505843
 1350.000000 0.517064
 1375.000000 -0.499021
 1400.000000 -0.461584
 1425.000000 1.674739
 1450.000000 1.284419
 1475.000000 0.136516
 1500.000000 0.710274
 1525.000000 0.756803
 1550.000000 0.276930
 1575.000000 0.421656
 1600.000000 1.347163
 1625.000000 0.124623
 1650.000000 -0.807147
 1675.000000 0.069385
 1700.000000 -0.397653
 1725.000000 -0.156281
 1750.000000 0.114423
 1775.000000 0.312886
 1800.000000 0.714182
 1825.000000 1.456552
 1850.000000 2.229129
 1875.000000 1.479001
 1900.000000 1.564378
 1925.000000 0.985769
 1950.000000 1.950918
 1975.000000 2.100147
 2000.000000 0.506931
 2025.000000 0.470248
 2050.000000 -0.176313
 2075.000000 -0.068365
 2100.000000 -0.074971
 2125.000000 0.356255
 2150.000000 -0.945091
 2175.000000 0.438329
 2200.000000 0.179461
 2225.000000 0.999645
 2250.000000 0.793422
 2275.000000 0.423744
 2300.000000 1.344770
 2325.000000 0.496939
 2350.000000 0.533946
 2375.000000 0.923651
 2400.000000 0.753541
 2425.000000 0.448118
 2450.000000 -0.904176
 2475.000000 -1.690460
 2500.000000 -1.155772
 2525.000000 -0.296738
 2550.000000 0.753521
 2575.000000 0.677957
 2600.000000 0.920611
 2625.000000 0.827835
 2650.000000 0.839573
 2675.000000 0.147961
 2700.000000 1.588249
 2725.000000 0.327201
 2750.000000 0.893037
 2775.000000 0.253729
 2800.000000 -0.599795
 2825.000000 0.123865
 2850.000000 0.384593
 2875.000000 -0.108351
 2900.000000 -0.309431
 2925.000000 0.172254
 2950.000000 0.259934
 2975.000000 0.622199
 3000.000000 -1.189845
 3025.000000 -1.044564
 3050.000000 -0.910694
 3075.000000 0.695885
 3100.000000 -0.000755
 3125.000000 0.986768
 3150.000000 0.866552
 3175.000000 0.629668
 3200.000000 2.479794
 3225.000000 1.349616
 3250.000000 0.882429
 3275.000000 -0.443888
 3300.000000 0.401195
 3325.000000 -0.018879
 3350.000000 -0.142774
 3375.000000 0.513559
 3400.000000 0.765656
 3425.000000 1.471573
 3450.000000 1.519717
 3475.000000 0.590313
 3500.000000 0.852252
 3525.000000 0.872254
 3550.000000 1.135526
 3575.000000 0.905151
 3600.000000 0.030480
 3625.000000 0.754090
 3650.000000 0.083015
 3675.000000 0.754952
 3700.000000 0.505738
 3725.000000 1.243502
 3750.000000 1.589006
 3775.000000 1.809258
 3800.000000 0.721859
 3825.000000 -0.385983
 3850.000000 1.116592
 3875.000000 1.095741
 3900.000000 1.382134
 3925.000000 1.939423
 3950.000000 0.230754
 3975.000000 -0.132176
 4000.000000 0.781256
 4025.000000 0.142172
 4050.000000 -0.122307
 4075.000000 -1.146574
 4100.000000 -1.077706
 4125.000000 -0.331345
 4150.000000 1.290593
 4175.000000 0.822686
 4200.000000 0.741592
 4225.000000 1.104151
 4250.000000 1.587114
 4275.000000 1.115502
 4300.000000 1.692390
 4325.000000 2.132429
 4350.000000 2.886244
 4375.000000 2.309093
 4400.000000 1.073931
 4425.000000 0.779984
 4450.000000 1.127582
 4475.000000 1.282994
 4500.000000 2.181336
 4525.000000 1.836568
 4550.000000 0.813486
 4575.000000 0.969148
 4600.000000 0.506281
 4625.000000 0.752173
 4650.000000 0.194607
 4675.000000 0.375259
 4700.000000 1.245842
 4725.000000 0.854364
 4750.000000 1.520312
 4775.000000 0.955348
 4800.000000 1.074404
 4825.000000 0.951650
 4850.000000 1.000224
 4875.000000 1.213587
 4900.000000 0.657111
 4925.000000 0.622730
 4950.000000 0.623876
 4975.000000 -0.516348
 5000.000000 -0.484646
 5025.000000 0.046718
 5050.000000 -0.160646
 5075.000000 -1.703722
 5100.000000 -1.298635
 5125.000000 -0.628304
 5150.000000 0.187392
 5175.000000 1.891312
 5200.000000 1.715601
 5225.000000 0.403086
 5250.000000 -0.285197
 5275.000000 0.683075
 5300.000000 0.845556
 5325.000000 0.826728
 5350.000000 0.582109
 5375.000000 -0.362313
 5400.000000 0.168350
 5425.000000 0.458875
 5450.000000 0.071382
 5475.000000 0.915734
 5500.000000 0.749103
 5525.000000 0.729027
 5550.000000 -0.625102
 5575.000000 1.114662
 5600.000000 1.180941
 5625.000000 0.334481
 5650.000000 -0.768970
 5675.000000 -1.030288
 5700.000000 -1.142950
 5725.000000 0.046133
 5750.000000 -0.113646
 5775.000000 -0.736113
 5800.000000 0.935429
 5825.000000 0.663051
 5850.000000 1.115619
 5875.000000 0.460786
 5900.000000 1.521169
 5925.000000 1.598421
 5950.000000 -0.350056
 5975.000000 -1.363578
 6000.000000 0.256753
 6025.000000 0.665166
 6050.000000 0.526718
 6075.000000 -0.021719
 6100.000000 1.403679
 6125.000000 0.819295
 6150.000000 1.653161
 6175.000000 0.629155
 6200.000000 0.658093
 6225.000000 -0.917346
 6250.000000 0.561163
 6275.000000 1.336732
 6300.000000 0.939748
 6325.000000 -0.540345
 6350.000000 0.513893
 6375.000000 0.602882
 6400.000000 -0.407016
 6425.000000 -0.712941
 6450.000000 -0.204274
 6475.000000 1.472932
 6500.000000 0.450393
 6525.000000 0.493902
 6550.000000 1.697498
 6575.000000 1.358441
 6600.000000 -0.297395
 6625.000000 1.152287
 6650.000000 1.556369
 6675.000000 1.648833
 6700.000000 0.690854
 6725.000000 0.506835
 6750.000000 0.720273
 6775.000000 1.811075
 6800.000000 0.678670
 6825.000000 0.590688
 6850.000000 0.648165
 6875.000000 -0.210367
 6900.000000 -0.116499
 6925.000000 1.233063
 6950.000000 0.438057
 6975.000000 0.986872
 7000.000000 0.493425
 7025.000000 -0.278377
 7050.000000 0.569886
 7075.000000 -0.024819
 7100.000000 -0.030920
 7125.000000 0.593667
 7150.000000 0.859278
 7175.000000 1.938629
 7200.000000 1.056016
 7225.000000 -0.245985
 7250.000000 -0.785192
 7275.000000 -0.327715
 7300.000000 -0.537512
 7325.000000 -0.164923
 7350.000000 -0.180165
 7375.000000 1.099609
 7400.000000 1.041369
 7425.000000 0.953771
 7450.000000 2.181203
 7475.000000 2.103904
 7500.000000 1.806916
 7525.000000 2.128810
 7550.000000 2.028564
 7575.000000 1.535264
 7600.000000 0.781742
 7625.000000 0.348491
 7650.000000 1.386169
 7675.000000 1.006785
 7700.000000 1.847808
 7725.000000 2.265497
 7750.000000 1.960800
 7775.000000 0.959515
 7800.000000 -1.278277
 7825.000000 -0.510118
 7850.000000 0.682168
 7875.000000 -0.249036
 7900.000000 -0.071874
 7925.000000 0.273123
 7950.000000 0.043644
 7975.000000 -0.437986
 8000.000000 -0.794581
 8025.000000 1.560438
 8050.000000 0.505654
 8075.000000 -0.434149
 8100.000000 -1.021848
 8125.000000 -0.595973
 8150.000000 -1.088668
 8175.000000 -0.136636
 8200.000000 1.067217
 8225.000000 0.458544
 8250.000000 1.005509
 8275.000000 1.357509
 8300.000000 1.002497
 8325.000000 0.322697
 8350.000000 -0.007277
 8375.000000 0.842452
 8400.000000 1.654223
 8425.000000 0.503571
 8450.000000 -0.079372
 8475.000000 -0.126983
 8500.000000 0.940164
 8525.000000 0.794758
 8550.000000 0.491497
 8575.000000 -0.785466
 8600.000000 -1.359289
 8625.000000 -0.107333
 8650.000000 0.150322
 8675.000000 0.339204
 8700.000000 0.109570
 8725.000000 0.292328
 8750.000000 0.752651
 8775.000000 -0.391301
 8800.000000 -0.530359
 8825.000000 -1.055584
 8850.000000 -0.645233
 8875.000000 -0.549412
 8900.000000 0.619341
 8925.000000 0.768181
 8950.000000 0.354015
 8975.000000 1.099435
 9000.000000 0.347730
 9025.000000 0.376882
 9050.000000 0.622123
 9075.000000 1.058293
 9100.000000 1.310863
 9125.000000 0.873719
 9150.000000 0.421848
 9175.000000 0.372034
 9200.000000 -0.273624
 9225.000000 -0.991414
 9250.000000 -0.145850
 9275.000000 0.247726
 9300.000000 0.305971
 9325.000000 -0.535954
 9350.000000 -0.224770
 9375.000000 -1.018218
 9400.000000 -1.078515
 9425.000000 0.160015
 9450.000000 1.633856
 9475.000000 2.265261
 9500.000000 1.284335
 9525.000000 1.757725
 9550.000000 2.147034
 9575.000000 1.500778
 9600.000000 -0.303112
 9625.000000 -0.050351
 9650.000000 0.484999
 9675.000000 -0.265358
 9700.000000 0.035630
 9725.000000 -1.180924
 9750.000000 -0.616912
 9775.000000 -0.117816
 9800.000000 -0.383125
 9825.000000 -0.474481
 9850.000000 0.459389
 9875.000000 0.402956
 9900.000000 1.123872
 9925.000000 0.425516
 9950.000000 0.256546
 9975.000000 1.787151
 10000.000000 1.687726
