#! FIELDS time av
 0.000000 0.000000
 65.000000 0.890248
 130.000000 1.041640
 195.000000 0.375232
 260.000000 -0.299772
 325.000000 0.773520
 390.000000 -0.343535
 455.000000 -0.615532
 520.000000 -0.091383
 585.000000 0.629740
 650.000000 0.177736
 715.000000 0.194035
 780.000000 -0.688958
 845.000000 1.030792
 910.000000 0.416281
 975.000000 0.315301
 1040.000000 0.313877
 1105.000000 1.447406
 1170.000000 0.927870
 1235.000000 0.206701
 1300.000000 0.514554
 1365.000000 0.291791
 1430.000000 0.554203
 1495.000000 0.561847
 1560.000000 0.433848
 1625.000000 0.771936
 1690.000000 -0.397301
 1755.000000 -0.061354
 1820.000000 0.799385
 1885.000000 1.858433
 1950.000000 1.460661
 2015.000000 1.173320
 2080.000000 -0.141040
 2145.000000 -0.120346
 2210.000000 0.266541
 2275.000000 0.745925
 2340.000000 0.877779
 2405.000000 0.745099
 2470.000000 -0.836337
 2535.000000 -0.563842
 2600.000000 0.856496
 2665.000000 0.628669
 2730.000000 0.810790
 2795.000000 0.226705
 2860.000000 0.157829
 2925.000000 -0.077561
 2990.000000 0.171866
 3055.000000 -0.997684
 3120.000000 0.487736
 3185.000000 1.056916
 3250.000000 1.445391
 3315.000000 0.033756
 3380.000000 0.143320
 3445.000000 1.308488
 3510.000000 0.778186
 3575.000000 0.975347
 3640.000000 0.249317
 3705.000000 0.688483
 3770.000000 1.598920
 3835.000000 0.321019
 3900.000000 1.257793
 3965.000000 0.857186
 4030.000000 0.296900
 4095.000000 -0.879829
 4160.000000 0.554953
 4225.000000 0.802529
 4290.000000 1.368392
 4355.000000 2.460685
 4420.000000 1.349758
 4485.000000 1.302868
 4550.000000 1.525471
 4615.000000 0.772865
 4680.000000 0.389321
 4745.000000 1.245856
 4810.000000 0.899916
 4875.000000 1.158658
 4940.000000 0.725212
 5005.000000 -0.368082
 5070.000000 -0.625606
 5135.000000 -0.888055
 5200.000000 1.522853
 5265.000000 0.103006
 5330.000000 0.948411
 5395.000000 -0.008990
 5460.000000 0.252110
 5525.000000 0.930661
 5590.000000 0.447455
 5655.000000 -0.086056
 5720.000000 -0.735888
 5785.000000 -0.183741
 5850.000000 0.932557
 5915.000000 1.214259
 5980.000000 -0.499589
 6045.000000 0.559585
 6110.000000 0.670140
 6175.000000 1.055202
 6240.000000 -0.098715
 6305.000000 1.110354
 6370.000000 0.238572
 6435.000000 -0.618015
 6500.000000 0.811617
 6565.000000 1.205325
 6630.000000 0.588294
 6695.000000 1.373881
 6760.000000 0.811392
 6825.000000 0.870466
 6890.000000 -0.021652
 6955.000000 0.863253
 7020.000000 0.425682
 7085.000000 0.141194
 7150.000000 0.576689
 7215.000000 1.188589
 7280.000000 -0.605341
 7345.000000 -0.370778
 7410.000000 1.120686
 7475.000000 1.794926
 7540.000000 1.928840
 7605.000000 1.293691
 7670.000000 1.006988
 7735.000000 1.857725
 7800.000000 0.365866
 7865.000000 -0.005472
 7930.000000 0.036459
 7995.000000 -0.508549
 8060.000000 0.849773
 8125.000000 -0.776264
 8190.000000 -0.292691
 8255.000000 0.958925
 8320.000000 0.882032
 8385.000000 0.454757
 8450.000000 0.651694
 8515.000000 0.537379
 8580.000000 -0.128942
 8645.000000 -0.472087
 8710.000000 0.297485
 8775.000000 0.189289
 8840.000000 -0.758674
 8905.000000 0.002101
 8970.000000 0.672853
 9035.000000 0.419111
 9100.000000 1.117022
 9165.000000 0.646482
 9230.000000 -0.563893
 9295.000000 0.257630
 9360.000000 -0.425434
 9425.000000 -0.640566
 9490.000000 1.849583
 9555.000000 1.845835
 9620.000000 0.289851
 9685.000000 0.067346
 9750.000000 -0.709169
 9815.000000 -0.376762
 9880.000000 0.405126
 9945.000000 0.540260
