#! FIELDS time av
 0.000000 0.000000
 60.000000 0.869132
 120.000000 1.091241
 180.000000 0.356630
 240.000000 0.308556
 300.000000 0.287410
 360.000000 0.102015
 420.000000 -0.725803
 480.000000 -0.398498
 540.000000 -0.091003
 600.000000 0.894971
 660.000000 0.127461
 720.000000 0.129599
 780.000000 -0.738493
 840.000000 0.973712
 900.000000 0.666573
 960.000000 0.254819
 1020.000000 -0.182412
 1080.000000 1.675945
 1140.000000 0.593765
 1200.000000 0.643961
 1260.000000 0.850399
 1320.000000 0.183075
 1380.000000 0.113783
 1440.000000 0.941210
 1500.000000 0.500786
 1560.000000 0.383392
 1620.000000 0.896166
 1680.000000 -0.441549
 1740.000000 -0.086230
 1800.000000 0.405291
 1860.000000 1.741381
 1920.000000 1.373396
 1980.000000 1.926818
 2040.000000 0.183253
 2100.000000 -0.048422
 2160.000000 -0.240732
 2220.000000 0.561912
 2280.000000 0.723033
 2340.000000 0.842450
 2400.000000 0.737758
 2460.000000 -0.474472
 2520.000000 -1.043477
 2580.000000 0.714518
 2640.000000 0.856431
 2700.000000 0.845617
 2760.000000 0.571908
 2820.000000 -0.175903
 2880.000000 0.090448
 2940.000000 0.134432
 3000.000000 -0.275305
 3060.000000 -0.699931
 3120.000000 0.461889
 3180.000000 0.896241
 3240.000000 1.761840
 3300.000000 0.034963
 3360.000000 0.018681
 3420.000000 0.960440
 3480.000000 1.059337
 3540.000000 0.925069
 3600.000000 0.575985
 3660.000000 0.544913
 3720.000000 0.756015
 3780.000000 1.611525
 3840.000000 0.250323
 3900.000000 1.283016
 3960.000000 0.926414
 4020.000000 0.325692
 4080.000000 -0.696193
 4140.000000 -0.253898
 4200.000000 1.005638
 4260.000000 1.345500
 4320.000000 1.611365
 4380.000000 2.514331
 4440.000000 0.880356
 4500.000000 1.678761
 4560.000000 1.269755
 4620.000000 0.728654
 4680.000000 0.364815
 4740.000000 1.248161
 4800.000000 1.012696
 4860.000000 1.138946
 4920.000000 0.658794
 4980.000000 0.039762
 5040.000000 0.009095
 5100.000000 -1.449972
 5160.000000 -0.039967
 5220.000000 1.485567
 5280.000000 0.380363
 5340.000000 0.767107
 5400.000000 -0.081655
 5460.000000 0.210167
 5520.000000 1.009954
 5580.000000 0.300119
 5640.000000 0.311923
 5700.000000 -1.004290
 5760.000000 -0.144878
 5820.000000 0.444878
 5880.000000 0.701074
 5940.000000 1.345909
 6000.000000 -0.666163
 6060.000000 0.505362
 6120.000000 0.809400
 6180.000000 1.170580
 6240.000000 -0.227510
 6300.000000 1.181271
 6360.000000 0.205581
 6420.000000 -0.343700
 6480.000000 0.402256
 6540.000000 0.774898
 6600.000000 0.805952
 6660.000000 1.395668
 6720.000000 0.948906
 6780.000000 1.091788
 6840.000000 0.619633
 6900.000000 -0.023835
 6960.000000 0.879287
 7020.000000 0.359728
 7080.000000 0.161290
 7140.000000 0.384216
 7200.000000 1.479970
 7260.000000 -0.423471
 7320.000000 -0.384640
 7380.000000 0.404964
 7440.000000 1.195124
 7500.000000 2.101889
 7560.000000 2.104263
 7620.000000 0.665852
 7680.000000 1.139906
 7740.000000 2.091468
 7800.000000 0.236497
 7860.000000 0.015592
 7920.000000 0.075172
 7980.000000 -0.350068
 8040.000000 0.612968
 8100.000000 -0.543066
 8160.000000 -0.855177
 8220.000000 0.678324
 8280.000000 1.048780
 8340.000000 0.464806
 8400.000000 1.114138
 8460.000000 0.129693
 8520.000000 0.647665
 8580.000000 -0.158135
 8640.000000 -0.551066
 8700.000000 0.294611
 8760.000000 0.349768
 8820.000000 -0.679443
 8880.000000 -0.509970
 8940.000000 0.570989
 9000.000000 0.711069
 9060.000000 0.549780
 9120.000000 1.183776
 9180.000000 0.283122
 9240.000000 -0.575527
 9300.000000 0.299920
 9360.000000 -0.429988
 9420.000000 -0.812425
 9480.000000 1.887768
 9540.000000 1.594561
 9600.000000 0.921932
 9660.000000 0.081430
 9720.000000 -0.343046
 9780.000000 -0.414384
 9840.000000 -0.391010
 9900.000000 0.824459
 9960.000000 0.508839
