#! FIELDS time av
 0.000000 0.000000
 10.000000 1.058224
 20.000000 0.071327
 30.000000 0.459060
 40.000000 1.048312
 50.000000 1.143534
 60.000000 1.434335
 70.000000 1.073276
 80.000000 1.646365
 90.000000 2.365725
 100.000000 1.799162
 110.000000 -0.148450
 120.000000 -0.188633
 130.000000 0.795039
 140.000000 0.384250
 150.000000 0.521079
 160.000000 0.668460
 170.000000 0.153716
 180.000000 -0.382768
 190.000000 0.646906
 200.000000 0.452664
 210.000000 0.720037
 220.000000 1.013694
 230.000000 -0.103251
 240.000000 -0.878713
 250.000000 -2.375323
 260.000000 -0.330263
 270.000000 0.799478
 280.000000 1.312378
 290.000000 1.751539
 300.000000 0.566650
 310.000000 -0.399299
 320.000000 0.533010
 330.000000 1.049800
 340.000000 0.658617
 350.000000 -0.331556
 360.000000 -0.898483
 370.000000 -0.603152
 380.000000 -1.159259
 390.000000 -0.484816
 400.000000 -1.033108
 410.000000 -0.346008
 420.000000 -0.728476
 430.000000 -0.626474
 440.000000 -0.875203
 450.000000 -0.107652
 460.000000 -0.523304
 470.000000 -0.267609
 480.000000 0.009254
 490.000000 0.176918
 500.000000 -0.304041
 510.000000 -0.203802
 520.000000 0.234553
 530.000000 -0.542862
 540.000000 0.093217
 550.000000 1.773134
 560.000000 0.896688
 570.000000 0.453636
 580.000000 1.057783
 590.000000 0.847242
 600.000000 0.341346
 610.000000 0.611941
 620.000000 0.316036
 630.000000 0.134336
 640.000000 -0.341735
 650.000000 -0.392169
 660.000000 0.436357
 670.000000 -0.008034
 680.000000 0.267511
 690.000000 0.419838
 700.000000 0.181895
 710.000000 0.111481
 720.000000 -0.195095
 730.000000 0.192780
 740.000000 -0.639590
 750.000000 -1.691295
 760.000000 -1.621844
 770.000000 -0.925215
 780.000000 0.254208
 790.000000 0.237702
 800.000000 -0.021268
 810.000000 1.447520
 820.000000 1.281771
 830.000000 1.668383
 840.000000 1.228164
 850.000000 1.742395
 860.000000 1.079947
 870.000000 1.468329
 880.000000 0.304599
 890.000000 -0.042981
 900.000000 -0.552851
 910.000000 -0.435737
 920.000000 0.521125
 930.000000 0.784451
 940.000000 1.051398
 950.000000 0.170638
 960.000000 -0.562960
 970.000000 0.083796
 980.000000 0.037481
 990.000000 -0.082128
 1000.000000 -0.436067
 1010.000000 -0.668241
 1020.000000 -0.029314
 1030.000000 1.335633
 1040.000000 1.883839
 1050.000000 1.021880
 1060.000000 1.614629
 1070.000000 2.103138
 1080.000000 2.096549
 1090.000000 1.773188
 1100.000000 0.652071
 1110.000000 0.182186
 1120.000000 0.744963
 1130.000000 0.259199
 1140.000000 -0.049017
 1150.000000 1.004896
 1160.000000 2.412165
 1170.000000 1.623448
 1180.000000 0.189963
 1190.000000 -0.997063
 1200.000000 -0.369640
 1210.000000 0.232120
 1220.000000 0.233874
 1230.000000 1.418138
 1240.000000 1.304194
 1250.000000 1.003465
 1260.000000 0.910606
 1270.000000 0.515118
 1280.000000 0.076167
 1290.000000 0.335694
 1300.000000 -0.164480
 1310.000000 -0.480849
 1320.000000 0.816803
 1330.000000 1.621975
 1340.000000 0.481893
 1350.000000 0.117445
 1360.000000 -0.249033
 1370.000000 -0.808488
 1380.000000 -0.481092
 1390.000000 -1.019216
 1400.000000 0.156318
 1410.000000 0.520295
 1420.000000 2.441226
 1430.000000 2.381684
 1440.000000 1.166954
 1450.000000 0.887736
 1460.000000 0.062838
 1470.000000 0.097148
 1480.000000 0.507510
 1490.000000 0.397030
 1500.000000 1.052451
 1510.000000 0.858301
 1520.000000 0.578115
 1530.000000 0.856680
 1540.000000 0.400717
 1550.000000 -0.109482
 1560.000000 -0.283980
 1570.000000 0.497372
 1580.000000 1.924986
 1590.000000 1.137400
 1600.000000 1.146270
 1610.000000 1.053157
 1620.000000 -0.382187
 1630.000000 -0.625051
 1640.000000 -0.759232
 1650.000000 -0.992997
 1660.000000 -0.273131
 1670.000000 0.472943
 1680.000000 -0.471827
 1690.000000 -0.292573
 1700.000000 -0.256083
 1710.000000 -1.106377
 1720.000000 0.295152
 1730.000000 0.653149
 1740.000000 0.189353
 1750.000000 -0.135922
 1760.000000 -0.009077
 1770.000000 0.612928
 1780.000000 0.347032
 1790.000000 0.610302
 1800.000000 1.006486
 1810.000000 1.501427
 1820.000000 1.088830
 1830.000000 2.378425
 1840.000000 2.583306
 1850.000000 1.662213
 1860.000000 1.234084
 1870.000000 1.427276
 1880.000000 1.955655
 1890.000000 1.637088
 1900.000000 1.354345
 1910.000000 0.651933
 1920.000000 1.214079
 1930.000000 1.370322
 1940.000000 1.919397
 1950.000000 2.185988
 1960.000000 1.838909
 1970.000000 2.146436
 1980.000000 2.099856
 1990.000000 0.724508
 2000.000000 -0.292016
 2010.000000 0.839682
 2020.000000 0.449419
 2030.000000 -0.507749
 2040.000000 -0.114324
 2050.000000 0.067810
 2060.000000 -0.456572
 2070.000000 0.231940
 2080.000000 -0.318079
 2090.000000 -0.427330
 2100.000000 0.611700
 2110.000000 1.056799
 2120.000000 0.177384
 2130.000000 -0.956364
 2140.000000 -0.951384
 2150.000000 -0.798525
 2160.000000 0.027697
 2170.000000 0.494332
 2180.000000 1.082844
 2190.000000 0.208130
 2200.000000 -0.268527
 2210.000000 0.693512
 2220.000000 1.161181
 2230.000000 1.252209
 2240.000000 0.583343
 2250.000000 0.792424
 2260.000000 0.408304
 2270.000000 0.283750
 2280.000000 1.018167
 2290.000000 1.135188
 2300.000000 1.575874
 2310.000000 1.399887
 2320.000000 -0.154905
 2330.000000 0.240826
 2340.000000 0.857833
 2350.000000 0.233572
 2360.000000 0.147995
 2370.000000 1.480016
 2380.000000 1.544134
 2390.000000 0.824838
 2400.000000 0.195995
 2410.000000 1.113136
 2420.000000 0.052528
 2430.000000 0.100127
 2440.000000 -0.771159
 2450.000000 -1.634777
 2460.000000 -1.706687
 2470.000000 -2.172765
 2480.000000 -0.584651
 2490.000000 -1.081110
 2500.000000 -1.570366
 2510.000000 -1.006038
 2520.000000 0.154065
 2530.000000 0.164758
 2540.000000 0.517235
 2550.000000 1.311937
 2560.000000 0.798317
 2570.000000 0.230677
 2580.000000 1.264184
 2590.000000 0.391173
 2600.000000 1.312067
 2610.000000 0.926106
 2620.000000 0.556404
 2630.000000 1.075800
 2640.000000 0.877034
 2650.000000 0.733176
 2660.000000 -0.168116
 2670.000000 0.342108
 2680.000000 0.690917
 2690.000000 1.964090
 2700.000000 1.511526
 2710.000000 0.202260
 2720.000000 0.177195
 2730.000000 0.467982
 2740.000000 0.839747
 2750.000000 1.363412
 2760.000000 0.380849
 2770.000000 0.401948
 2780.000000 -0.385181
 2790.000000 -0.771244
 2800.000000 -0.491537
 2810.000000 -0.129867
 2820.000000 0.320461
 2830.000000 0.296949
 2840.000000 0.344942
 2850.000000 0.438658
 2860.000000 -0.109672
 2870.000000 -0.059688
 2880.000000 -0.368503
 2890.000000 -0.519700
 2900.000000 0.013108
 2910.000000 0.130799
 2920.000000 0.108844
 2930.000000 0.766449
 2940.000000 0.307091
 2950.000000 -0.232714
 2960.000000 1.041742
 2970.000000 0.687685
 2980.000000 -0.401023
 2990.000000 -0.861111
 3000.000000 -1.886409
 3010.000000 -1.097115
 3020.000000 -1.047833
 3030.000000 -0.656187
 3040.000000 -1.146660
 3050.000000 -0.940351
 3060.000000 0.688562
 3070.000000 0.516547
 3080.000000 0.873671
 3090.000000 -0.458806
 3100.000000 0.117848
 3110.000000 0.544853
 3120.000000 1.177217
 3130.000000 1.438803
 3140.000000 0.532346
 3150.000000 0.940082
 3160.000000 -0.120515
 3170.000000 0.902437
 3180.000000 1.684294
 3190.000000 3.164523
 3200.000000 2.142914
 3210.000000 1.292203
 3220.000000 1.330681
 3230.000000 1.615575
 3240.000000 1.025142
 3250.000000 0.316513
 3260.000000 -0.504855
 3270.000000 -0.570314
 3280.000000 -0.019542
 3290.000000 -0.076892
 3300.000000 1.064869
 3310.000000 0.243517
 3320.000000 -0.043695
 3330.000000 -0.421028
 3340.000000 -0.285275
 3350.000000 0.102351
 3360.000000 0.516218
 3370.000000 0.626547
 3380.000000 0.519094
 3390.000000 0.709514
 3400.000000 0.826664
 3410.000000 1.421983
 3420.000000 1.658838
 3430.000000 1.358391
 3440.000000 2.046401
 3450.000000 0.992611
 3460.000000 0.410304
 3470.000000 0.698362
 3480.000000 0.849951
 3490.000000 0.904685
 3500.000000 0.743108
 3510.000000 0.942572
 3520.000000 0.907163
 3530.000000 0.957895
 3540.000000 1.094988
 3550.000000 1.116832
 3560.000000 1.721301
 3570.000000 0.339160
 3580.000000 0.429465
 3590.000000 -0.346288
 3600.000000 0.195440
 3610.000000 0.423228
 3620.000000 0.943105
 3630.000000 0.504526
 3640.000000 -0.326497
 3650.000000 0.548401
 3660.000000 1.176717
 3670.000000 0.714317
 3680.000000 -0.012390
 3690.000000 0.336684
 3700.000000 0.936397
 3710.000000 1.519447
 3720.000000 1.041637
 3730.000000 1.098041
 3740.000000 1.533804
 3750.000000 1.888342
 3760.000000 2.560875
 3770.000000 1.525847
 3780.000000 1.062244
 3790.000000 0.794854
 3800.000000 0.383970
 3810.000000 -0.470370
 3820.000000 -0.731956
 3830.000000 0.581629
 3840.000000 0.943809
 3850.000000 1.503409
 3860.000000 1.421354
 3870.000000 0.778171
 3880.000000 1.000283
 3890.000000 1.808616
 3900.000000 1.186263
 3910.000000 1.779837
 3920.000000 2.078233
 3930.000000 1.386172
 3940.000000 0.422862
 3950.000000 -0.241662
 3960.000000 0.133042
 3970.000000 -0.252167
 3980.000000 -0.110904
 3990.000000 0.883172
 4000.000000 0.969558
 4010.000000 0.234609
 4020.000000 0.229887
 4030.000000 -0.011083
 4040.000000 0.042733
 4050.000000 -0.446483
 4060.000000 -0.618622
 4070.000000 -1.456276
 4080.000000 -1.687427
 4090.000000 -1.354637
 4100.000000 -0.443737
 4110.000000 -0.470674
 4120.000000 -0.199795
 4130.000000 -0.272799
 4140.000000 1.218251
 4150.000000 2.123137
 4160.000000 1.454632
 4170.000000 0.347354
 4180.000000 0.913267
 4190.000000 0.808305
 4200.000000 0.387135
 4210.000000 0.651067
 4220.000000 1.518636
 4230.000000 1.412532
 4240.000000 1.676772
 4250.000000 1.469156
 4260.000000 1.344835
 4270.000000 1.127900
 4280.000000 0.704095
 4290.000000 1.749931
 4300.000000 2.092970
 4310.000000 2.094139
 4320.000000 1.899154
 4330.000000 2.745432
 4340.000000 2.967187
 4350.000000 2.840769
 4360.000000 2.559280
 4370.000000 2.338207
 4380.000000 1.635110
 4390.000000 0.979068
 4400.000000 0.945894
 4410.000000 1.134125
 4420.000000 0.536546
 4430.000000 0.351938
 4440.000000 1.334568
 4450.000000 1.411739
 4460.000000 1.391907
 4470.000000 1.218358
 4480.000000 1.749958
 4490.000000 2.211344
 4500.000000 2.089257
 4510.000000 2.263155
 4520.000000 1.892968
 4530.000000 0.930216
 4540.000000 0.719149
 4550.000000 0.819647
 4560.000000 0.993396
 4570.000000 1.075857
 4580.000000 0.795680
 4590.000000 0.438630
 4600.000000 0.385011
 4610.000000 0.835821
 4620.000000 0.840924
 4630.000000 0.110489
 4640.000000 0.199862
 4650.000000 0.379853
 4660.000000 -0.042341
 4670.000000 0.332558
 4680.000000 1.208467
 4690.000000 1.300547
 4700.000000 1.253519
 4710.000000 0.916759
 4720.000000 0.554310
 4730.000000 1.502483
 4740.000000 1.961346
 4750.000000 1.001793
 4760.000000 1.177141
 4770.000000 0.719221
 4780.000000 0.909152
 4790.000000 1.406108
 4800.000000 0.862760
 4810.000000 0.382376
 4820.000000 1.050635
 4830.000000 1.739719
 4840.000000 0.631124
 4850.000000 1.075831
 4860.000000 1.953989
 4870.000000 0.943152
 4880.000000 0.169980
 4890.000000 0.400812
 4900.000000 1.208811
 4910.000000 0.566576
 4920.000000 0.663430
 4930.000000 0.782333
 4940.000000 1.058759
 4950.000000 0.045416
 4960.000000 -0.241352
 4970.000000 -0.513876
 4980.000000 -0.892708
 4990.000000 -0.606421
 5000.000000 -0.248127
 5010.000000 -0.074208
 5020.000000 -0.003838
 5030.000000 0.583370
 5040.000000 0.403793
 5050.000000 -1.193937
 5060.000000 -2.190222
 5070.000000 -1.526860
 5080.000000 -1.172687
 5090.000000 -1.657212
 5100.000000 -0.958912
 5110.000000 -1.208998
 5120.000000 -0.471364
 5130.000000 0.059151
 5140.000000 -0.346507
 5150.000000 0.865437
 5160.000000 0.862480
 5170.000000 2.513959
 5180.000000 2.506475
 5190.000000 1.953740
 5200.000000 1.180630
 5210.000000 0.325070
 5220.000000 0.433525
 5230.000000 0.414423
 5240.000000 -0.472149
 5250.000000 -0.406146
 5260.000000 0.158540
 5270.000000 0.862908
 5280.000000 1.724603
 5290.000000 0.938945
 5300.000000 0.136583
 5310.000000 0.361862
 5320.000000 1.009280
 5330.000000 1.346768
 5340.000000 0.809202
 5350.000000 -0.005019
 5360.000000 -0.430138
 5370.000000 -0.203756
 5380.000000 -0.338260
 5390.000000 -0.125901
 5400.000000 0.613147
 5410.000000 0.805183
 5420.000000 0.355348
 5430.000000 -0.044465
 5440.000000 -0.003281
 5450.000000 0.212858
 5460.000000 -0.064638
 5470.000000 1.187759
 5480.000000 2.006157
 5490.000000 0.559596
 5500.000000 0.473218
 5510.000000 1.101183
 5520.000000 0.731809
 5530.000000 -0.196583
 5540.000000 -0.395309
 5550.000000 -0.981288
 5560.000000 0.399140
 5570.000000 1.624497
 5580.000000 1.350260
 5590.000000 1.097315
 5600.000000 1.267796
 5610.000000 0.183180
 5620.000000 0.586004
 5630.000000 -0.532651
 5640.000000 -0.730106
 5650.000000 -0.592648
 5660.000000 -1.186460
 5670.000000 -0.625541
 5680.000000 -1.471340
 5690.000000 -1.798259
 5700.000000 -0.351494
 5710.000000 -0.452886
 5720.000000 0.361768
 5730.000000 0.458196
 5740.000000 -0.063006
 5750.000000 -0.472854
 5760.000000 -0.700485
 5770.000000 -0.993567
 5780.000000 0.062761
 5790.000000 1.129190
 5800.000000 1.000392
 5810.000000 0.343579
 5820.000000 1.126914
 5830.000000 0.492823
 5840.000000 1.368796
 5850.000000 1.114564
 5860.000000 0.048454
 5870.000000 0.611098
 5880.000000 0.570706
 5890.000000 1.136741
 5900.000000 2.587888
 5910.000000 2.152419
 5920.000000 1.487438
 5930.000000 0.395995
 5940.000000 0.314975
 5950.000000 -1.229915
 5960.000000 -1.491778
 5970.000000 -1.616064
 5980.000000 -0.322601
 5990.000000 0.186020
 6000.000000 0.477361
 6010.000000 -0.107908
 6020.000000 0.870515
 6030.000000 1.847042
 6040.000000 0.403591
 6050.000000 -0.033531
 6060.000000 0.052463
 6070.000000 -0.018951
 6080.000000 0.189432
 6090.000000 1.945392
 6100.000000 1.286566
 6110.000000 0.895219
 6120.000000 0.558743
 6130.000000 1.367032
 6140.000000 1.573329
 6150.000000 1.786819
 6160.000000 0.646579
 6170.000000 0.653351
 6180.000000 0.996368
 6190.000000 1.009041
 6200.000000 -0.087219
 6210.000000 -1.226301
 6220.000000 -0.862447
 6230.000000 -0.094411
 6240.000000 -0.103724
 6250.000000 1.396424
 6260.000000 1.561836
 6270.000000 1.096525
 6280.000000 1.144748
 6290.000000 1.229103
 6300.000000 0.658988
 6310.000000 0.031620
 6320.000000 -0.754745
 6330.000000 -0.731692
 6340.000000 0.421277
 6350.000000 0.967409
 6360.000000 1.299619
 6370.000000 0.446905
 6380.000000 -0.569461
 6390.000000 -0.040812
 6400.000000 -0.646587
 6410.000000 -0.826311
 6420.000000 -0.425932
 6430.000000 -1.203814
 6440.000000 -0.268977
 6450.000000 0.431995
 6460.000000 1.130871
 6470.000000 2.136548
 6480.000000 0.186912
 6490.000000 0.534185
 6500.000000 0.819795
 6510.000000 0.250802
 6520.000000 0.659825
 6530.000000 0.838064
 6540.000000 1.546713
 6550.000000 2.183095
 6560.000000 1.710441
 6570.000000 1.392339
 6580.000000 0.234820
 6590.000000 -0.250126
 6600.000000 -0.434859
 6610.000000 1.073935
 6620.000000 0.912447
 6630.000000 1.541024
 6640.000000 1.729665
 6650.000000 1.514570
 6660.000000 1.602368
 6670.000000 1.849155
 6680.000000 1.319154
 6690.000000 0.882547
 6700.000000 0.195993
 6710.000000 0.888044
 6720.000000 0.558542
 6730.000000 -0.426369
 6740.000000 0.682511
 6750.000000 1.365043
 6760.000000 2.043056
 6770.000000 1.728170
 6780.000000 1.158317
 6790.000000 0.458326
 6800.000000 0.836493
 6810.000000 1.449082
 6820.000000 0.151860
 6830.000000 0.051742
 6840.000000 0.770292
 6850.000000 0.674158
 6860.000000 0.518341
 6870.000000 -0.308790
 6880.000000 -1.467158
 6890.000000 -0.503548
 6900.000000 0.943988
 6910.000000 0.998172
 6920.000000 1.324767
 6930.000000 1.254239
 6940.000000 0.516598
 6950.000000 0.084025
 6960.000000 1.097922
 6970.000000 0.887869
 6980.000000 0.834500
 6990.000000 0.294256
 7000.000000 0.586194
 7010.000000 -0.022484
 7020.000000 -0.421971
 7030.000000 0.072435
 7040.000000 0.877158
 7050.000000 0.223634
 7060.000000 -0.034493
 7070.000000 0.152998
 7080.000000 -0.323992
 7090.000000 0.055692
 7100.000000 0.010449
 7110.000000 -0.012323
 7120.000000 0.868650
 7130.000000 0.960594
 7140.000000 0.422234
 7150.000000 1.393208
 7160.000000 1.597657
 7170.000000 2.499489
 7180.000000 1.394247
 7190.000000 1.345022
 7200.000000 0.650199
 7210.000000 0.360347
 7220.000000 -0.554270
 7230.000000 -1.007704
 7240.000000 -0.996015
 7250.000000 -0.380300
 7260.000000 0.037119
 7270.000000 -0.603106
 7280.000000 -0.551573
 7290.000000 -1.254151
 7300.000000 0.208646
 7310.000000 0.291933
 7320.000000 -0.399587
 7330.000000 -0.429719
 7340.000000 -0.800933
 7350.000000 0.475585
 7360.000000 1.186688
 7370.000000 1.048373
 7380.000000 0.949792
 7390.000000 0.830874
 7400.000000 1.336718
 7410.000000 1.430177
 7420.000000 0.551607
 7430.000000 1.327062
 7440.000000 1.694307
 7450.000000 2.834281
 7460.000000 2.710653
 7470.000000 1.680173
 7480.000000 1.758013
 7490.000000 1.768390
 7500.000000 1.859822
 7510.000000 1.609022
 7520.000000 2.517054
 7530.000000 2.006985
 7540.000000 1.887105
 7550.000000 2.373268
 7560.000000 2.232145
 7570.000000 1.141284
 7580.000000 1.085979
 7590.000000 1.060584
 7600.000000 0.272522
 7610.000000 0.508865
 7620.000000 -0.074121
 7630.000000 1.017947
 7640.000000 0.970081
 7650.000000 1.913878
 7660.000000 1.685481
 7670.000000 0.766502
 7680.000000 0.485544
 7690.000000 1.665834
 7700.000000 2.533123
 7710.000000 2.765817
 7720.000000 2.049915
 7730.000000 1.553631
 7740.000000 1.980490
 7750.000000 2.215890
 7760.000000 1.639151
 7770.000000 0.742499
 7780.000000 -0.489630
 7790.000000 -1.134924
 7800.000000 -1.554001
 7810.000000 -0.840851
 7820.000000 -0.319154
 7830.000000 -0.188139
 7840.000000 0.764804
 7850.000000 1.013466
 7860.000000 -0.336572
 7870.000000 -0.293135
 7880.000000 -0.089543
 7890.000000 -0.342306
 7900.000000 0.259280
 7910.000000 0.627902
 7920.000000 0.288831
 7930.000000 -0.343165
 7940.000000 -0.108812
 7950.000000 0.327160
 7960.000000 -0.263161
 7970.000000 -0.501383
 7980.000000 -1.211047
 7990.000000 -1.459946
 8000.000000 0.354121
 8010.000000 1.990096
 8020.000000 1.293561
 8030.000000 1.142016
 8040.000000 0.357962
 8050.000000 0.381595
 8060.000000 -0.084206
 8070.000000 -0.605322
 8080.000000 -0.844713
 8090.000000 -1.120903
 8100.000000 -0.984847
 8110.000000 -0.375118
 8120.000000 -0.804269
 8130.000000 -0.926143
 8140.000000 -1.267808
 8150.000000 -0.838263
 8160.000000 -0.919458
 8170.000000 0.384505
 8180.000000 0.331773
 8190.000000 1.022360
 8200.000000 1.507272
 8210.000000 0.342238
 8220.000000 0.481796
 8230.000000 0.874991
 8240.000000 0.532947
 8250.000000 1.428162
 8260.000000 2.001587
 8270.000000 1.216199
 8280.000000 0.238794
 8290.000000 0.959666
 8300.000000 1.483768
 8310.000000 0.839990
 8320.000000 0.058813
 8330.000000 -0.276826
 8340.000000 -0.276573
 8350.000000 0.443144
 8360.000000 0.325589
 8370.000000 1.292666
 8380.000000 1.078508
 8390.000000 1.276220
 8400.000000 2.268703
 8410.000000 1.052467
 8420.000000 0.173440
 8430.000000 -0.261068
 8440.000000 -0.253297
 8450.000000 0.348957
 8460.000000 -0.282343
 8470.000000 0.045411
 8480.000000 0.148423
 8490.000000 0.986139
 8500.000000 1.135325
 8510.000000 1.191532
 8520.000000 0.379163
 8530.000000 0.567037
 8540.000000 0.467307
 8550.000000 0.610599
 8560.000000 -0.525974
 8570.000000 -0.856503
 8580.000000 -1.211277
 8590.000000 -1.633800
 8600.000000 -1.134334
 8610.000000 0.221861
 8620.000000 -0.213082
 8630.000000 -0.629281
 8640.000000 0.082241
 8650.000000 0.645734
 8660.000000 0.986435
 8670.000000 0.001633
 8680.000000 -0.419090
 8690.000000 0.004368
 8700.000000 0.548588
 8710.000000 0.403817
 8720.000000 0.228346
 8730.000000 0.161527
 8740.000000 0.904924
 8750.000000 0.913834
 8760.000000 -0.513839
 8770.000000 -0.175674
 8780.000000 -0.468845
 8790.000000 -0.591629
 8800.000000 -0.554165
 8810.000000 -1.364540
 8820.000000 -0.921807
 8830.000000 -0.679468
 8840.000000 -0.639669
 8850.000000 -0.646561
 8860.000000 -0.354480
 8870.000000 -1.018747
 8880.000000 0.279103
 8890.000000 0.434287
 8900.000000 0.834657
 8910.000000 0.554846
 8920.000000 0.831128
 8930.000000 0.606171
 8940.000000 0.164846
 8950.000000 0.648500
 8960.000000 0.944759
 8970.000000 1.108694
 8980.000000 1.129451
 8990.000000 0.736311
 9000.000000 -0.301302
 9010.000000 -0.286517
 9020.000000 0.877297
 9030.000000 0.360390
 9040.000000 0.927869
 9050.000000 0.618472
 9060.000000 0.801171
 9070.000000 0.907271
 9080.000000 1.772127
 9090.000000 1.528274
 9100.000000 0.914049
 9110.000000 1.166949
 9120.000000 0.813984
 9130.000000 0.523187
 9140.000000 0.181025
 9150.000000 0.553772
 9160.000000 0.431083
 9170.000000 0.548737
 9180.000000 -0.539074
 9190.000000 -0.605221
 9200.000000 0.410499
 9210.000000 -0.259097
 9220.000000 -1.322071
 9230.000000 -1.366945
 9240.000000 -0.310325
 9250.000000 0.415279
 9260.000000 0.384042
 9270.000000 0.099341
 9280.000000 0.307920
 9290.000000 0.575454
 9300.000000 0.017485
 9310.000000 -0.775841
 9320.000000 -0.570727
 9330.000000 -0.273841
 9340.000000 -0.366702
 9350.000000 0.085301
 9360.000000 -0.678118
 9370.000000 -1.115419
 9380.000000 -1.534333
 9390.000000 -1.243168
 9400.000000 -0.670795
 9410.000000 -0.289087
 9420.000000 -0.021746
 9430.000000 1.296897
 9440.000000 1.490039
 9450.000000 2.008575
 9460.000000 2.207543
 9470.000000 2.430356
 9480.000000 1.893198
 9490.000000 1.406554
 9500.000000 0.936341
 9510.000000 1.522215
 9520.000000 1.833862
 9530.000000 1.962568
 9540.000000 1.905824
 9550.000000 2.537427
 9560.000000 2.211912
 9570.000000 1.556182
 9580.000000 -0.179433
 9590.000000 -0.774157
 9600.000000 0.179660
 9610.000000 0.038333
 9620.000000 0.151221
 9630.000000 -0.612859
 9640.000000 0.615604
 9650.000000 0.894321
 9660.000000 -0.598039
 9670.000000 -0.204714
 9680.000000 0.169107
 9690.000000 0.291007
 9700.000000 -0.231681
 9710.000000 -1.012476
 9720.000000 -1.069518
 9730.000000 -1.635242
 9740.000000 -1.126337
 9750.000000 0.348983
 9760.000000 0.451418
 9770.000000 -0.454995
 9780.000000 -0.070127
 9790.000000 -0.201177
 9800.000000 -0.977471
 9810.000000 -0.953082
 9820.000000 -0.370558
 9830.000000 0.353873
 9840.000000 -0.197643
 9850.000000 1.129681
 9860.000000 0.283005
 9870.000000 0.318686
 9880.000000 0.872763
 9890.000000 1.300869
 9900.000000 1.041749
 9910.000000 0.852231
 9920.000000 0.565475
 9930.000000 -0.771465
 9940.000000 0.126662
 9950.000000 0.932251
 9960.000000 1.347877
 9970.000000 1.978341
 9980.000000 2.110962
 9990.000000 2.023034
 10000.000000 1.226979
