#! FIELDS time av
 0.000000 0.000000
 30.000000 0.529537
 60.000000 1.208727
 90.000000 1.695122
 120.000000 0.487360
 150.000000 0.566789
 180.000000 0.146470
 210.000000 0.606535
 240.000000 0.010577
 270.000000 -0.635369
 300.000000 1.210189
 330.000000 0.394503
 360.000000 -0.190474
 390.000000 -0.749076
 420.000000 -0.702531
 450.000000 -0.536443
 480.000000 -0.260553
 510.000000 -0.110308
 540.000000 -0.071697
 570.000000 1.041153
 600.000000 0.748790
 630.000000 0.354105
 660.000000 -0.099182
 690.000000 0.226438
 720.000000 0.032760
 750.000000 -0.712702
 780.000000 -0.764284
 810.000000 0.554651
 840.000000 1.392773
 870.000000 1.430224
 900.000000 -0.097078
 930.000000 0.289947
 960.000000 0.219692
 990.000000 0.013050
 1020.000000 -0.377874
 1050.000000 1.413784
 1080.000000 1.938106
 1110.000000 0.869149
 1140.000000 0.318382
 1170.000000 1.680170
 1200.000000 -0.392247
 1230.000000 0.628044
 1260.000000 1.072755
 1290.000000 0.308993
 1320.000000 0.057158
 1350.000000 0.740438
 1380.000000 -0.512871
 1410.000000 -0.114201
 1440.000000 1.996622
 1470.000000 0.349241
 1500.000000 0.652331
 1530.000000 0.764365
 1560.000000 0.002419
 1590.000000 1.186586
 1620.000000 0.605747
 1650.000000 -0.792427
 1680.000000 -0.090672
 1710.000000 -0.551677
 1740.000000 0.379218
 1770.000000 0.155976
 1800.000000 0.654606
 1830.000000 1.656227
 1860.000000 1.826534
 1890.000000 1.673340
 1920.000000 1.073452
 1950.000000 1.825236
 1980.000000 2.028401
 2010.000000 0.424058
 2040.000000 -0.057551
 2070.000000 -0.052274
 2100.000000 -0.044570
 2130.000000 0.092607
 2160.000000 -0.574071
 2190.000000 0.595102
 2220.000000 0.528722
 2250.000000 0.875992
 2280.000000 0.570074
 2310.000000 1.370316
 2340.000000 0.314585
 2370.000000 0.620528
 2400.000000 0.854989
 2430.000000 0.421930
 2460.000000 -1.370874
 2490.000000 -1.279509
 2520.000000 -0.807446
 2550.000000 0.664643
 2580.000000 0.764393
 2610.000000 0.876449
 2640.000000 0.836413
 2670.000000 0.302389
 2700.000000 1.388844
 2730.000000 0.282479
 2760.000000 0.861336
 2790.000000 -0.251492
 2820.000000 -0.100314
 2850.000000 0.360183
 2880.000000 -0.179288
 2910.000000 -0.125264
 2940.000000 0.394128
 2970.000000 0.498904
 3000.000000 -1.049514
 3030.000000 -0.933712
 3060.000000 -0.466150
 3090.000000 0.310471
 3120.000000 0.613306
 3150.000000 0.970410
 3180.000000 0.822072
 3210.000000 2.199880
 3240.000000 1.323799
 3270.000000 -0.252885
 3300.000000 0.322812
 3330.000000 -0.073736
 3360.000000 0.111098
 3390.000000 0.618385
 3420.000000 1.302495
 3450.000000 1.465801
 3480.000000 0.652873
 3510.000000 0.863455
 3540.000000 0.986682
 3570.000000 1.059097
 3600.000000 0.092872
 3630.000000 0.623620
 3660.000000 0.466207
 3690.000000 0.346204
 3720.000000 1.165827
 3750.000000 1.506729
 3780.000000 1.716322
 3810.000000 0.236152
 3840.000000 0.264494
 3870.000000 1.234311
 3900.000000 1.331720
 3930.000000 1.748081
 3960.000000 0.104747
 3990.000000 0.173367
 4020.000000 0.478018
 4050.000000 -0.138278
 4080.000000 -1.254108
 4110.000000 -0.756350
 4140.000000 0.248553
 4170.000000 1.308374
 4200.000000 0.702902
 4230.000000 1.194079
 4260.000000 1.496921
 4290.000000 1.193975
 4320.000000 2.028754
 4350.000000 2.851129
 4380.000000 2.177533
 4410.000000 1.019696
 4440.000000 0.741017
 4470.000000 1.340668
 4500.000000 2.016853
 4530.000000 1.695446
 4560.000000 0.844064
 4590.000000 0.770056
 4620.000000 0.687252
 4650.000000 0.230068
 4680.000000 0.499562
 4710.000000 1.156942
 4740.000000 1.339380
 4770.000000 0.966052
 4800.000000 1.059340
 4830.000000 1.057577
 4860.000000 1.220315
 4890.000000 0.504648
 4920.000000 0.812939
 4950.000000 0.628836
 4980.000000 -0.549312
 5010.000000 -0.309585
 5040.000000 0.327775
 5070.000000 -1.637006
 5100.000000 -1.262937
 5130.000000 -0.540404
 5160.000000 0.460470
 5190.000000 2.324724
 5220.000000 0.646409
 5250.000000 -0.154624
 5280.000000 0.915350
 5310.000000 0.479130
 5340.000000 1.055083
 5370.000000 -0.212971
 5400.000000 0.049662
 5430.000000 0.372022
 5460.000000 0.048313
 5490.000000 1.251171
 5520.000000 0.768737
 5550.000000 -0.524393
 5580.000000 1.124632
 5610.000000 0.849431
 5640.000000 -0.225584
 5670.000000 -0.801550
 5700.000000 -1.207031
 5730.000000 0.122359
 5760.000000 -0.412115
 5790.000000 0.066128
 5820.000000 0.823629
 5850.000000 0.992061
 5880.000000 0.410086
 5910.000000 1.959016
 5940.000000 0.732803
 5970.000000 -1.445919
 6000.000000 0.113594
 6030.000000 0.869883
 6060.000000 0.140841
 6090.000000 0.705291
 6120.000000 0.913509
 6150.000000 1.575726
 6180.000000 0.765433
 6210.000000 -0.101493
 6240.000000 -0.353527
 6270.000000 1.351595
 6300.000000 1.010946
 6330.000000 -0.484939
 6360.000000 0.896102
 6390.000000 -0.054456
 6420.000000 -0.632943
 6450.000000 -0.346932
 6480.000000 1.151444
 6510.000000 0.534927
 6540.000000 1.014868
 6570.000000 1.761958
 6600.000000 -0.150055
 6630.000000 1.175802
 6660.000000 1.615534
 6690.000000 1.350286
 6720.000000 0.547526
 6750.000000 0.540395
 6780.000000 1.643181
 6810.000000 0.914634
 6840.000000 0.324631
 6870.000000 0.294570
 6900.000000 -0.342239
 6930.000000 1.192393
 6960.000000 0.566182
 6990.000000 0.672208
 7020.000000 0.047247
 7050.000000 0.391076
 7080.000000 -0.068496
 7110.000000 0.017939
 7140.000000 0.750492
 7170.000000 1.830118
 7200.000000 1.129822
 7230.000000 -0.400542
 7260.000000 -0.446399
 7290.000000 -0.802944
 7320.000000 0.033664
 7350.000000 -0.251689
 7380.000000 1.061618
 7410.000000 1.199256
 7440.000000 1.190992
 7470.000000 2.408369
 7500.000000 1.795408
 7530.000000 2.044354
 7560.000000 2.164173
 7590.000000 1.095949
 7620.000000 0.235755
 7650.000000 1.300635
 7680.000000 0.979176
 7710.000000 2.321591
 7740.000000 1.861345
 7770.000000 1.532513
 7800.000000 -1.059519
 7830.000000 -0.449382
 7860.000000 0.480566
 7890.000000 -0.241661
 7920.000000 0.392004
 7950.000000 -0.041606
 7980.000000 -0.658530
 8010.000000 0.294757
 8040.000000 0.931180
 8070.000000 -0.102644
 8100.000000 -0.983488
 8130.000000 -0.701844
 8160.000000 -1.008509
 8190.000000 0.579546
 8220.000000 0.777102
 8250.000000 0.945367
 8280.000000 1.152194
 8310.000000 1.094474
 8340.000000 -0.164862
 8370.000000 0.687133
 8400.000000 1.541144
 8430.000000 0.321613
 8460.000000 -0.062228
 8490.000000 0.393324
 8520.000000 0.902007
 8550.000000 0.548314
 8580.000000 -0.864585
 8610.000000 -0.848758
 8640.000000 -0.253374
 8670.000000 0.544601
 8700.000000 0.044622
 8730.000000 0.264564
 8760.000000 0.434973
 8790.000000 -0.412049
 8820.000000 -0.946837
 8850.000000 -0.655232
 8880.000000 -0.364708
 8910.000000 0.607930
 8940.000000 0.534048
 8970.000000 0.900651
 9000.000000 0.521487
 9030.000000 0.317057
 9060.000000 0.782504
 9090.000000 1.402557
 9120.000000 0.964994
 9150.000000 0.419328
 9180.000000 0.146915
 9210.000000 -0.151273
 9240.000000 -0.999780
 9270.000000 0.299554
 9300.000000 0.300287
 9330.000000 -0.540136
 9360.000000 -0.319840
 9390.000000 -1.297640
 9420.000000 -0.327209
 9450.000000 1.598504
 9480.000000 2.177032
 9510.000000 1.288370
 9540.000000 1.900751
 9570.000000 2.101840
 9600.000000 -0.257976
 9630.000000 -0.141102
 9660.000000 0.303962
 9690.000000 0.085133
 9720.000000 -0.771225
 9750.000000 -0.804199
 9780.000000 -0.024568
 9810.000000 -0.710577
 9840.000000 -0.071443
 9870.000000 0.577124
 9900.000000 1.071794
 9930.000000 0.215414
 9960.000000 0.802263
 9990.000000 2.037445
