#! FIELDS time av
 0.000000 0.000000
 15.000000 0.726305
 30.000000 0.332768
 45.000000 1.137657
 60.000000 1.279797
 75.000000 1.264242
 90.000000 2.126002
 105.000000 1.248496
 120.000000 -0.273777
 135.000000 0.781241
 150.000000 0.352338
 165.000000 0.541475
 180.000000 -0.248535
 195.000000 0.729513
 210.000000 0.483557
 225.000000 0.692800
 240.000000 -0.671647
 255.000000 -1.787177
 270.000000 0.516438
 285.000000 1.492969
 300.000000 0.927409
 315.000000 -0.086585
 330.000000 0.875592
 345.000000 0.448785
 360.000000 -0.829733
 375.000000 -0.791939
 390.000000 -0.706212
 405.000000 -0.941646
 420.000000 -0.463415
 435.000000 -0.785780
 450.000000 -0.287105
 465.000000 -0.434193
 480.000000 -0.086913
 495.000000 0.024448
 510.000000 -0.245065
 525.000000 0.039134
 540.000000 -0.182528
 555.000000 1.414696
 570.000000 0.667609
 585.000000 0.946331
 600.000000 0.551250
 615.000000 0.647055
 630.000000 0.061154
 645.000000 -0.505111
 660.000000 0.306747
 675.000000 0.032364
 690.000000 0.420513
 705.000000 0.091306
 720.000000 -0.025785
 735.000000 0.092911
 750.000000 -1.518314
 765.000000 -1.440808
 780.000000 -0.087759
 795.000000 0.122929
 810.000000 0.986373
 825.000000 1.342018
 840.000000 1.443527
 855.000000 1.493950
 870.000000 1.366497
 885.000000 0.027596
 900.000000 -0.221751
 915.000000 -0.070194
 930.000000 0.650088
 945.000000 0.881143
 960.000000 -0.441759
 975.000000 0.056534
 990.000000 -0.030434
 1005.000000 -0.435734
 1020.000000 -0.320014
 1035.000000 1.543811
 1050.000000 1.283757
 1065.000000 1.796274
 1080.000000 2.079938
 1095.000000 1.411752
 1110.000000 0.326545
 1125.000000 0.743767
 1140.000000 -0.107003
 1155.000000 1.334325
 1170.000000 2.026015
 1185.000000 -0.227713
 1200.000000 -0.556781
 1215.000000 0.239052
 1230.000000 1.017036
 1245.000000 1.226924
 1260.000000 0.918586
 1275.000000 0.342472
 1290.000000 0.275513
 1305.000000 -0.344561
 1320.000000 0.458877
 1335.000000 1.277823
 1350.000000 0.203052
 1365.000000 -0.440415
 1380.000000 -0.585327
 1395.000000 -0.643087
 1410.000000 0.414685
 1425.000000 2.444368
 1440.000000 1.548875
 1455.000000 0.581273
 1470.000000 0.117209
 1485.000000 0.450556
 1500.000000 0.854105
 1515.000000 0.778440
 1530.000000 0.750290
 1545.000000 0.222081
 1560.000000 -0.217244
 1575.000000 0.892080
 1590.000000 1.481092
 1605.000000 1.259771
 1620.000000 -0.048277
 1635.000000 -0.608182
 1650.000000 -0.976671
 1665.000000 -0.041979
 1680.000000 -0.139364
 1695.000000 -0.211123
 1710.000000 -0.892232
 1725.000000 0.477117
 1740.000000 0.281319
 1755.000000 -0.115998
 1770.000000 0.427950
 1785.000000 0.348130
 1800.000000 0.961082
 1815.000000 1.299129
 1830.000000 2.013325
 1845.000000 2.279936
 1860.000000 1.373133
 1875.000000 1.642279
 1890.000000 1.704400
 1905.000000 1.178108
 1920.000000 0.968797
 1935.000000 1.649827
 1950.000000 2.000644
 1965.000000 1.875732
 1980.000000 2.181069
 1995.000000 0.443951
 2010.000000 0.404165
 2025.000000 0.223960
 2040.000000 -0.339062
 2055.000000 -0.159916
 2070.000000 0.055367
 2085.000000 -0.516544
 2100.000000 0.427405
 2115.000000 0.866827
 2130.000000 -0.681614
 2145.000000 -0.829627
 2160.000000 -0.318514
 2175.000000 0.712083
 2190.000000 0.478121
 2205.000000 -0.002307
 2220.000000 1.059750
 2235.000000 1.075103
 2250.000000 0.676880
 2265.000000 0.424810
 2280.000000 0.715337
 2295.000000 1.177113
 2310.000000 1.563519
 2325.000000 -0.105026
 2340.000000 0.734196
 2355.000000 0.009495
 2370.000000 1.231560
 2385.000000 1.230766
 2400.000000 0.479212
 2415.000000 0.954219
 2430.000000 -0.110359
 2445.000000 -1.044971
 2460.000000 -1.696778
 2475.000000 -1.679641
 2490.000000 -0.879376
 2505.000000 -1.456217
 2520.000000 -0.158675
 2535.000000 0.282084
 2550.000000 1.047203
 2565.000000 0.641491
 2580.000000 0.887295
 2595.000000 0.549088
 2610.000000 1.203809
 2625.000000 0.762321
 2640.000000 0.910505
 2655.000000 0.389566
 2670.000000 0.215212
 2685.000000 1.070566
 2700.000000 1.707123
 2715.000000 0.075912
 2730.000000 0.489046
 2745.000000 1.103086
 2760.000000 0.619586
 2775.000000 0.168982
 2790.000000 -0.671966
 2805.000000 -0.471526
 2820.000000 0.270898
 2835.000000 0.268047
 2850.000000 0.452319
 2865.000000 -0.073527
 2880.000000 -0.285048
 2895.000000 -0.526004
 2910.000000 0.275475
 2925.000000 0.199890
 2940.000000 0.588366
 2955.000000 0.059378
 2970.000000 0.938431
 2985.000000 -0.444981
 3000.000000 -1.654048
 3015.000000 -1.135513
 3030.000000 -0.731911
 3045.000000 -1.365921
 3060.000000 0.433622
 3075.000000 0.700767
 3090.000000 -0.079825
 3105.000000 0.215501
 3120.000000 1.011111
 3135.000000 1.181740
 3150.000000 0.759081
 3165.000000 0.070548
 3180.000000 1.573596
 3195.000000 2.991938
 3210.000000 1.407822
 3225.000000 1.387892
 3240.000000 1.259707
 3255.000000 0.055549
 3270.000000 -0.561319
 3285.000000 -0.093455
 3300.000000 0.739078
 3315.000000 0.217431
 3330.000000 -0.364902
 3345.000000 -0.297922
 3360.000000 0.520118
 3375.000000 0.511787
 3390.000000 0.724983
 3405.000000 0.963655
 3420.000000 1.641335
 3435.000000 1.711506
 3450.000000 1.220096
 3465.000000 0.385365
 3480.000000 0.920381
 3495.000000 0.772412
 3510.000000 0.954498
 3525.000000 0.825376
 3540.000000 1.147989
 3555.000000 1.279408
 3570.000000 0.838787
 3585.000000 0.135029
 3600.000000 0.050715
 3615.000000 0.518493
 3630.000000 0.728747
 3645.000000 -0.143206
 3660.000000 1.075620
 3675.000000 0.473775
 3690.000000 0.218632
 3705.000000 1.140940
 3720.000000 1.190714
 3735.000000 1.229131
 3750.000000 1.784327
 3765.000000 2.225295
 3780.000000 1.207349
 3795.000000 0.650568
 3810.000000 -0.178264
 3825.000000 -0.329725
 3840.000000 0.858714
 3855.000000 1.498197
 3870.000000 0.970426
 3885.000000 1.287418
 3900.000000 1.376023
 3915.000000 1.860947
 3930.000000 1.635215
 3945.000000 0.231430
 3960.000000 -0.021936
 3975.000000 -0.308987
 3990.000000 0.655721
 4005.000000 0.665870
 4020.000000 0.290166
 4035.000000 0.051136
 4050.000000 -0.327691
 4065.000000 -0.831054
 4080.000000 -1.677162
 4095.000000 -1.035210
 4110.000000 -0.477490
 4125.000000 -0.238458
 4140.000000 0.735564
 4155.000000 1.920610
 4170.000000 0.696139
 4185.000000 0.760136
 4200.000000 0.645669
 4215.000000 0.883009
 4230.000000 1.505148
 4245.000000 1.550855
 4260.000000 1.442987
 4275.000000 0.962614
 4290.000000 1.425336
 4305.000000 2.186518
 4320.000000 1.870990
 4335.000000 2.959774
 4350.000000 2.742484
 4365.000000 2.602762
 4380.000000 1.752303
 4395.000000 0.986707
 4410.000000 1.052685
 4425.000000 0.543890
 4440.000000 0.938144
 4455.000000 1.444077
 4470.000000 1.237258
 4485.000000 1.840090
 4500.000000 2.193617
 4515.000000 2.112956
 4530.000000 1.277937
 4545.000000 0.617982
 4560.000000 1.070146
 4575.000000 0.952983
 4590.000000 0.587128
 4605.000000 0.472787
 4620.000000 0.901718
 4635.000000 0.086586
 4650.000000 0.373550
 4665.000000 0.046111
 4680.000000 0.953013
 4695.000000 1.203603
 4710.000000 1.110280
 4725.000000 0.812767
 4740.000000 1.865992
 4755.000000 1.072546
 4770.000000 0.859557
 4785.000000 1.073154
 4800.000000 1.045526
 4815.000000 0.472473
 4830.000000 1.642680
 4845.000000 0.747504
 4860.000000 1.693125
 4875.000000 0.719986
 4890.000000 0.289310
 4905.000000 1.017084
 4920.000000 0.608794
 4935.000000 0.840033
 4950.000000 0.417638
 4965.000000 -0.191364
 4980.000000 -0.907259
 4995.000000 -0.596746
 5010.000000 -0.022424
 5025.000000 0.127336
 5040.000000 0.528214
 5055.000000 -1.521600
 5070.000000 -1.752413
 5085.000000 -1.380657
 5100.000000 -1.145217
 5115.000000 -0.927589
 5130.000000 -0.153218
 5145.000000 0.070049
 5160.000000 0.850891
 5175.000000 2.577200
 5190.000000 2.072248
 5205.000000 0.867860
 5220.000000 0.424957
 5235.000000 0.193852
 5250.000000 -0.503100
 5265.000000 0.249878
 5280.000000 1.580822
 5295.000000 0.718191
 5310.000000 0.240069
 5325.000000 1.136639
 5340.000000 0.973528
 5355.000000 -0.099939
 5370.000000 -0.326003
 5385.000000 -0.264154
 5400.000000 0.363478
 5415.000000 0.809227
 5430.000000 -0.065184
 5445.000000 0.192987
 5460.000000 -0.096361
 5475.000000 1.569316
 5490.000000 0.933026
 5505.000000 0.652124
 5520.000000 0.885350
 5535.000000 -0.354305
 5550.000000 -0.694481
 5565.000000 0.724256
 5580.000000 1.525008
 5595.000000 1.132094
 5610.000000 0.566767
 5625.000000 0.435349
 5640.000000 -0.886517
 5655.000000 -0.889059
 5670.000000 -0.714041
 5685.000000 -1.549584
 5700.000000 -0.864478
 5715.000000 -0.136556
 5730.000000 0.381275
 5745.000000 -0.127260
 5760.000000 -0.696970
 5775.000000 -0.759864
 5790.000000 0.892120
 5805.000000 0.666207
 5820.000000 0.981050
 5835.000000 0.635353
 5850.000000 1.348769
 5865.000000 0.119107
 5880.000000 0.701066
 5895.000000 1.461310
 5910.000000 2.456722
 5925.000000 1.229089
 5940.000000 0.236517
 5955.000000 -1.249022
 5970.000000 -1.642816
 5985.000000 -0.076944
 6000.000000 0.304131
 6015.000000 0.101885
 6030.000000 1.637881
 6045.000000 0.242847
 6060.000000 0.038836
 6075.000000 -0.071173
 6090.000000 1.481755
 6105.000000 1.135663
 6120.000000 0.691355
 6135.000000 1.357140
 6150.000000 1.794313
 6165.000000 0.684046
 6180.000000 0.846820
 6195.000000 0.729004
 6210.000000 -0.931989
 6225.000000 -0.711376
 6240.000000 0.004322
 6255.000000 1.416822
 6270.000000 1.286368
 6285.000000 1.169220
 6300.000000 0.852673
 6315.000000 -0.124218
 6330.000000 -0.845660
 6345.000000 0.599857
 6360.000000 1.192346
 6375.000000 0.138390
 6390.000000 -0.247303
 6405.000000 -0.765663
 6420.000000 -0.500224
 6435.000000 -1.005330
 6450.000000 0.311466
 6465.000000 1.458726
 6480.000000 0.844161
 6495.000000 0.625947
 6510.000000 0.443908
 6525.000000 0.655968
 6540.000000 1.373768
 6555.000000 2.096638
 6570.000000 1.427279
 6585.000000 0.178512
 6600.000000 -0.478622
 6615.000000 1.015228
 6630.000000 1.336377
 6645.000000 1.625159
 6660.000000 1.605910
 6675.000000 1.679809
 6690.000000 1.020762
 6705.000000 0.372056
 6720.000000 0.722996
 6735.000000 -0.237082
 6750.000000 1.317872
 6765.000000 1.902219
 6780.000000 1.384143
 6795.000000 0.557285
 6810.000000 1.271983
 6825.000000 0.018426
 6840.000000 0.630837
 6855.000000 0.635848
 6870.000000 -0.046708
 6885.000000 -1.281182
 6900.000000 0.596703
 6915.000000 1.127461
 6930.000000 1.257325
 6945.000000 0.336277
 6960.000000 0.796086
 6975.000000 0.912838
 6990.000000 0.431578
 7005.000000 0.466593
 7020.000000 -0.372100
 7035.000000 0.455571
 7050.000000 0.326580
 7065.000000 -0.085077
 7080.000000 -0.051915
 7095.000000 0.066702
 7110.000000 -0.030824
 7125.000000 0.997661
 7140.000000 0.503324
 7155.000000 1.373649
 7170.000000 2.286587
 7185.000000 1.469820
 7200.000000 0.789825
 7215.000000 0.159475
 7230.000000 -0.960560
 7245.000000 -0.803416
 7260.000000 -0.089382
 7275.000000 -0.570937
 7290.000000 -1.034950
 7305.000000 0.261124
 7320.000000 -0.193796
 7335.000000 -0.569550
 7350.000000 0.066172
 7365.000000 1.172128
 7380.000000 0.951107
 7395.000000 0.938245
 7410.000000 1.460268
 7425.000000 0.636166
 7440.000000 1.745817
 7455.000000 2.952946
 7470.000000 1.863792
 7485.000000 1.723896
 7500.000000 1.866921
 7515.000000 1.904098
 7530.000000 2.184610
 7545.000000 1.922985
 7560.000000 2.405360
 7575.000000 1.070677
 7590.000000 1.121221
 7605.000000 0.343821
 7620.000000 0.127690
 7635.000000 0.980205
 7650.000000 1.621066
 7665.000000 1.418542
 7680.000000 0.539810
 7695.000000 1.902882
 7710.000000 2.740301
 7725.000000 1.931951
 7740.000000 1.790740
 7755.000000 2.082714
 7770.000000 0.982313
 7785.000000 -0.702425
 7800.000000 -1.416612
 7815.000000 -0.673930
 7830.000000 -0.224833
 7845.000000 0.996216
 7860.000000 -0.035083
 7875.000000 -0.190678
 7890.000000 -0.292644
 7905.000000 0.430432
 7920.000000 0.353577
 7935.000000 -0.252989
 7950.000000 0.169778
 7965.000000 -0.378967
 7980.000000 -0.938094
 7995.000000 -1.032216
 8010.000000 1.621730
 8025.000000 1.273999
 8040.000000 0.588360
 8055.000000 0.339290
 8070.000000 -0.544579
 8085.000000 -0.915314
 8100.000000 -1.051661
 8115.000000 -0.486217
 8130.000000 -0.917470
 8145.000000 -1.172750
 8160.000000 -0.844269
 8175.000000 0.385244
 8190.000000 0.773847
 8205.000000 1.113052
 8220.000000 0.441152
 8235.000000 0.729435
 8250.000000 1.161298
 8265.000000 1.947852
 8280.000000 0.356535
 8295.000000 1.228663
 8310.000000 0.960286
 8325.000000 -0.022165
 8340.000000 -0.307558
 8355.000000 0.415182
 8370.000000 0.959084
 8385.000000 0.965279
 8400.000000 2.117008
 8415.000000 0.863773
 8430.000000 -0.220548
 8445.000000 -0.054943
 8460.000000 -0.069512
 8475.000000 -0.023409
 8490.000000 0.810057
 8505.000000 1.224690
 8520.000000 0.579323
 8535.000000 0.507276
 8550.000000 0.589353
 8565.000000 -0.645366
 8580.000000 -1.083803
 8595.000000 -1.625244
 8610.000000 -0.072272
 8625.000000 -0.326795
 8640.000000 -0.179953
 8655.000000 0.873043
 8670.000000 0.216159
 8685.000000 -0.235837
 8700.000000 0.325081
 8715.000000 0.345599
 8730.000000 0.183528
 8745.000000 0.957842
 8760.000000 -0.087896
 8775.000000 -0.309610
 8790.000000 -0.514488
 8805.000000 -0.815354
 8820.000000 -1.078321
 8835.000000 -0.701630
 8850.000000 -0.608835
 8865.000000 -0.523479
 8880.000000 -0.205937
 8895.000000 0.528795
 8910.000000 0.687065
 8925.000000 0.910404
 8940.000000 0.157692
 8955.000000 0.677160
 8970.000000 1.124143
 8985.000000 1.052695
 9000.000000 -0.009722
 9015.000000 0.100057
 9030.000000 0.534057
 9045.000000 0.984888
 9060.000000 0.580120
 9075.000000 1.229708
 9090.000000 1.575407
 9105.000000 1.019504
 9120.000000 0.910484
 9135.000000 0.448574
 9150.000000 0.390082
 9165.000000 0.642146
 9180.000000 -0.348315
 9195.000000 -0.283142
 9210.000000 -0.019404
 9225.000000 -1.479625
 9240.000000 -0.519936
 9255.000000 0.391856
 9270.000000 0.207253
 9285.000000 0.411393
 9300.000000 0.189180
 9315.000000 -0.733998
 9330.000000 -0.346275
 9345.000000 -0.237442
 9360.000000 -0.402237
 9375.000000 -1.244952
 9390.000000 -1.350328
 9405.000000 -0.472179
 9420.000000 -0.182239
 9435.000000 1.320064
 9450.000000 1.876943
 9465.000000 2.255481
 9480.000000 2.098583
 9495.000000 1.200420
 9510.000000 1.376320
 9525.000000 1.914731
 9540.000000 1.886772
 9555.000000 2.558077
 9570.000000 1.645604
 9585.000000 -0.517924
 9600.000000 0.001971
 9615.000000 0.117633
 9630.000000 -0.399837
 9645.000000 0.741524
 9660.000000 -0.133600
 9675.000000 -0.043570
 9690.000000 0.213837
 9705.000000 -0.446032
 9720.000000 -1.096419
 9735.000000 -1.407041
 9750.000000 -0.201356
 9765.000000 0.227672
 9780.000000 -0.276808
 9795.000000 -0.469733
 9810.000000 -0.951420
 9825.000000 -0.155414
 9840.000000 0.012528
 9855.000000 0.870307
 9870.000000 0.283941
 9885.000000 0.978507
 9900.000000 1.165080
 9915.000000 0.925731
 9930.000000 -0.494903
 9945.000000 0.348552
 9960.000000 1.255974
 9975.000000 2.080001
 9990.000000 1.994890
