#! FIELDS time av
 0.000000 0.000000
 40.000000 0.659231
 80.000000 1.324377
 120.000000 0.956951
 160.000000 0.592207
 200.000000 0.217630
 240.000000 0.187942
 280.000000 -0.148432
 320.000000 0.612975
 360.000000 0.119594
 400.000000 -0.820084
 440.000000 -0.644040
 480.000000 -0.222328
 520.000000 -0.024093
 560.000000 0.555044
 600.000000 0.675002
 640.000000 0.180145
 680.000000 0.075916
 720.000000 0.129530
 760.000000 -0.939987
 800.000000 -0.113643
 840.000000 1.406460
 880.000000 1.148817
 920.000000 -0.127611
 960.000000 0.360882
 1000.000000 -0.099230
 1040.000000 0.630479
 1080.000000 1.709049
 1120.000000 0.838102
 1160.000000 0.906811
 1200.000000 0.111677
 1240.000000 0.797082
 1280.000000 0.626339
 1320.000000 0.126792
 1360.000000 0.493070
 1400.000000 -0.538120
 1440.000000 1.627540
 1480.000000 0.388808
 1520.000000 0.721474
 1560.000000 0.215984
 1600.000000 1.176507
 1640.000000 -0.178328
 1680.000000 -0.316253
 1720.000000 -0.339970
 1760.000000 0.174376
 1800.000000 0.644187
 1840.000000 1.887997
 1880.000000 1.569807
 1920.000000 1.214361
 1960.000000 1.828654
 2000.000000 1.169696
 2040.000000 0.166757
 2080.000000 -0.118725
 2120.000000 0.354638
 2160.000000 -0.669644
 2200.000000 0.379195
 2240.000000 0.922561
 2280.000000 0.625661
 2320.000000 0.989011
 2360.000000 0.370057
 2400.000000 1.011246
 2440.000000 0.123658
 2480.000000 -1.524720
 2520.000000 -0.875862
 2560.000000 0.698062
 2600.000000 0.799525
 2640.000000 0.858836
 2680.000000 0.399521
 2720.000000 0.963768
 2760.000000 0.762998
 2800.000000 -0.311503
 2840.000000 0.208121
 2880.000000 -0.024801
 2920.000000 -0.066737
 2960.000000 0.470642
 3000.000000 -0.615215
 3040.000000 -0.986949
 3080.000000 0.284607
 3120.000000 0.345278
 3160.000000 0.697679
 3200.000000 1.973542
 3240.000000 1.315900
 3280.000000 -0.194549
 3320.000000 0.296950
 3360.000000 -0.021934
 3400.000000 0.670455
 3440.000000 1.621403
 3480.000000 0.737807
 3520.000000 0.874382
 3560.000000 1.222754
 3600.000000 0.154444
 3640.000000 0.386091
 3680.000000 0.606761
 3720.000000 0.958541
 3760.000000 1.770265
 3800.000000 0.941729
 3840.000000 0.080778
 3880.000000 1.175804
 3920.000000 1.713237
 3960.000000 0.425103
 4000.000000 0.372415
 4040.000000 0.124036
 4080.000000 -1.052202
 4120.000000 -0.617211
 4160.000000 1.130805
 4200.000000 0.614015
 4240.000000 1.314752
 4280.000000 1.161496
 4320.000000 1.959048
 4360.000000 2.778167
 4400.000000 1.474570
 4440.000000 0.839294
 4480.000000 1.442990
 4520.000000 2.114181
 4560.000000 0.865602
 4600.000000 0.673794
 4640.000000 0.496774
 4680.000000 0.469635
 4720.000000 1.006284
 4760.000000 1.410691
 4800.000000 0.974310
 4840.000000 0.950963
 4880.000000 1.035738
 4920.000000 0.709907
 4960.000000 0.411289
 5000.000000 -0.565283
 5040.000000 0.227279
 5080.000000 -1.520926
 5120.000000 -1.074121
 5160.000000 0.360140
 5200.000000 2.038701
 5240.000000 0.175217
 5280.000000 0.584976
 5320.000000 0.611667
 5360.000000 0.430203
 5400.000000 -0.013693
 5440.000000 0.278196
 5480.000000 0.835534
 5520.000000 0.716451
 5560.000000 -0.293510
 5600.000000 1.334967
 5640.000000 -0.123393
 5680.000000 -0.968997
 5720.000000 -0.560218
 5760.000000 -0.194537
 5800.000000 0.299694
 5840.000000 0.833028
 5880.000000 0.586206
 5920.000000 1.841121
 5960.000000 -0.502681
 6000.000000 -0.318821
 6040.000000 0.753310
 6080.000000 0.047353
 6120.000000 1.171480
 6160.000000 1.343440
 6200.000000 0.642885
 6240.000000 -0.571721
 6280.000000 1.299883
 6320.000000 0.291241
 6360.000000 0.489153
 6400.000000 -0.202489
 6440.000000 -0.681258
 6480.000000 0.971582
 6520.000000 0.566152
 6560.000000 1.569578
 6600.000000 0.235544
 6640.000000 1.314268
 6680.000000 1.571312
 6720.000000 0.631281
 6760.000000 0.916060
 6800.000000 1.045326
 6840.000000 0.605744
 6880.000000 -0.145862
 6920.000000 0.690845
 6960.000000 0.738196
 7000.000000 0.650705
 7040.000000 0.126285
 7080.000000 0.004537
 7120.000000 0.230617
 7160.000000 1.093423
 7200.000000 1.472239
 7240.000000 -0.549411
 7280.000000 -0.374465
 7320.000000 -0.288290
 7360.000000 0.107905
 7400.000000 1.041439
 7440.000000 1.250788
 7480.000000 2.245780
 7520.000000 1.938572
 7560.000000 2.124876
 7600.000000 0.890092
 7640.000000 0.605693
 7680.000000 1.212851
 7720.000000 2.253672
 7760.000000 1.847290
 7800.000000 -0.609014
 7840.000000 -0.145835
 7880.000000 0.073554
 7920.000000 0.208427
 7960.000000 -0.096995
 8000.000000 -0.704564
 8040.000000 1.195909
 8080.000000 -0.288161
 8120.000000 -0.821284
 8160.000000 -0.987918
 8200.000000 0.811478
 8240.000000 0.557993
 8280.000000 1.221186
 8320.000000 0.835559
 8360.000000 0.053834
 8400.000000 1.479024
 8440.000000 0.177885
 8480.000000 0.065112
 8520.000000 0.923040
 8560.000000 0.279742
 8600.000000 -1.208979
 8640.000000 -0.134565
 8680.000000 0.303678
 8720.000000 0.296280
 8760.000000 0.366612
 8800.000000 -0.447578
 8840.000000 -0.901371
 8880.000000 -0.435171
 8920.000000 0.663730
 8960.000000 0.591069
 9000.000000 0.668289
 9040.000000 0.469760
 9080.000000 1.024760
 9120.000000 1.105814
 9160.000000 0.422267
 9200.000000 -0.046265
 9240.000000 -0.814609
 9280.000000 0.301646
 9320.000000 -0.188407
 9360.000000 -0.308340
 9400.000000 -1.140929
 9440.000000 0.619026
 9480.000000 2.134918
 9520.000000 1.424743
 9560.000000 2.154433
 9600.000000 0.195563
 9640.000000 0.048075
 9680.000000 0.065169
 9720.000000 -0.505667
 9760.000000 -0.490295
 9800.000000 -0.425943
 9840.000000 -0.291853
 9880.000000 0.651034
 9920.000000 0.940081
 9960.000000 0.408831
 10000.000000 1.834829
