#! FIELDS time av
 0.000000 0.000000
 35.000000 0.601765
 70.000000 1.194826
 105.000000 1.681381
 140.000000 0.219607
 175.000000 0.364778
 210.000000 0.429535
 245.000000 -0.352163
 280.000000 0.191591
 315.000000 0.625232
 350.000000 0.468700
 385.000000 -0.824123
 420.000000 -0.676820
 455.000000 -0.540962
 490.000000 -0.091629
 525.000000 -0.128326
 560.000000 0.684580
 595.000000 0.771290
 630.000000 0.303658
 665.000000 -0.075664
 700.000000 0.236710
 735.000000 0.015929
 770.000000 -1.378437
 805.000000 0.287556
 840.000000 1.454295
 875.000000 1.347816
 910.000000 -0.329616
 945.000000 0.750655
 980.000000 -0.154675
 1015.000000 -0.394863
 1050.000000 1.259321
 1085.000000 1.930774
 1120.000000 0.688290
 1155.000000 0.631905
 1190.000000 0.637692
 1225.000000 0.227168
 1260.000000 1.125049
 1295.000000 0.274971
 1330.000000 0.502294
 1365.000000 -0.017510
 1400.000000 -0.497397
 1435.000000 1.729304
 1470.000000 0.430090
 1505.000000 0.714086
 1540.000000 0.614716
 1575.000000 0.269902
 1610.000000 1.263162
 1645.000000 -0.658476
 1680.000000 -0.207661
 1715.000000 -0.504875
 1750.000000 0.318218
 1785.000000 0.321728
 1820.000000 1.151966
 1855.000000 2.106462
 1890.000000 1.572980
 1925.000000 1.091077
 1960.000000 1.918916
 1995.000000 1.403491
 2030.000000 0.156548
 2065.000000 -0.109205
 2100.000000 -0.006468
 2135.000000 -0.079204
 2170.000000 -0.192242
 2205.000000 0.367861
 2240.000000 0.978622
 2275.000000 0.529081
 2310.000000 1.360517
 2345.000000 0.323566
 2380.000000 0.919141
 2415.000000 0.700618
 2450.000000 -0.734707
 2485.000000 -1.419825
 2520.000000 -0.856618
 2555.000000 0.737503
 2590.000000 0.599149
 2625.000000 0.966187
 2660.000000 0.551662
 2695.000000 1.106558
 2730.000000 0.423750
 2765.000000 0.794541
 2800.000000 -0.412257
 2835.000000 0.169333
 2870.000000 0.145463
 2905.000000 -0.208763
 2940.000000 0.333931
 2975.000000 0.377938
 3010.000000 -1.163351
 3045.000000 -1.072258
 3080.000000 0.583043
 3115.000000 0.224778
 3150.000000 1.001606
 3185.000000 1.131064
 3220.000000 1.839375
 3255.000000 0.778297
 3290.000000 -0.268118
 3325.000000 0.290764
 3360.000000 0.045510
 3395.000000 0.624531
 3430.000000 1.410050
 3465.000000 1.033446
 3500.000000 0.865247
 3535.000000 1.000755
 3570.000000 1.022077
 3605.000000 0.163982
 3640.000000 0.356869
 3675.000000 0.695938
 3710.000000 0.795369
 3745.000000 1.293624
 3780.000000 1.766601
 3815.000000 0.056100
 3850.000000 0.802571
 3885.000000 1.180186
 3920.000000 1.692030
 3955.000000 0.459823
 3990.000000 0.174610
 4025.000000 0.378568
 4060.000000 -0.264111
 4095.000000 -1.341862
 4130.000000 -0.339665
 4165.000000 1.478153
 4200.000000 0.593871
 4235.000000 1.253477
 4270.000000 1.375351
 4305.000000 1.638229
 4340.000000 2.434030
 4375.000000 2.461000
 4410.000000 1.091130
 4445.000000 0.864869
 4480.000000 1.419420
 4515.000000 2.134296
 4550.000000 0.987343
 4585.000000 0.929830
 4620.000000 0.603119
 4655.000000 0.178134
 4690.000000 0.818848
 4725.000000 0.968408
 4760.000000 1.422263
 4795.000000 0.963963
 4830.000000 1.056029
 4865.000000 1.209137
 4900.000000 0.614777
 4935.000000 0.711445
 4970.000000 -0.036791
 5005.000000 -0.480778
 5040.000000 0.241309
 5075.000000 -1.558069
 5110.000000 -1.273024
 5145.000000 -0.087754
 5180.000000 1.799077
 5215.000000 1.089264
 5250.000000 -0.109523
 5285.000000 0.993613
 5320.000000 0.490022
 5355.000000 0.573161
 5390.000000 -0.272333
 5425.000000 0.502952
 5460.000000 0.032519
 5495.000000 1.123629
 5530.000000 0.551554
 5565.000000 -0.082918
 5600.000000 1.329321
 5635.000000 -0.066736
 5670.000000 -0.761327
 5705.000000 -1.070009
 5740.000000 0.122289
 5775.000000 -0.660896
 5810.000000 0.766329
 5845.000000 1.098680
 5880.000000 0.425136
 5915.000000 1.903550
 5950.000000 0.052318
 5985.000000 -0.920931
 6020.000000 0.348229
 6055.000000 0.600771
 6090.000000 0.652211
 6125.000000 0.952801
 6160.000000 1.365566
 6195.000000 0.783778
 6230.000000 -0.672812
 6265.000000 1.005877
 6300.000000 0.989523
 6335.000000 -0.334736
 6370.000000 0.814848
 6405.000000 -0.502505
 6440.000000 -0.635179
 6475.000000 1.175521
 6510.000000 0.393367
 6545.000000 1.154257
 6580.000000 1.292971
 6615.000000 0.239388
 6650.000000 1.499657
 6685.000000 1.521787
 6720.000000 0.562728
 6755.000000 0.739744
 6790.000000 1.262843
 6825.000000 0.660918
 6860.000000 0.611073
 6895.000000 -0.526124
 6930.000000 1.166601
 6965.000000 0.596073
 7000.000000 0.632888
 7035.000000 0.068258
 7070.000000 0.173821
 7105.000000 -0.109460
 7140.000000 0.675546
 7175.000000 1.782795
 7210.000000 0.857253
 7245.000000 -0.790599
 7280.000000 -0.368215
 7315.000000 -0.255317
 7350.000000 -0.289891
 7385.000000 1.006010
 7420.000000 1.089484
 7455.000000 2.128797
 7490.000000 1.806312
 7525.000000 2.051956
 7560.000000 2.086730
 7595.000000 1.022977
 7630.000000 0.409326
 7665.000000 1.431935
 7700.000000 1.431049
 7735.000000 2.111632
 7770.000000 1.587624
 7805.000000 -1.088784
 7840.000000 0.013956
 7875.000000 0.111679
 7910.000000 0.128062
 7945.000000 0.010787
 7980.000000 -0.528381
 8015.000000 0.457685
 8050.000000 0.702145
 8085.000000 -0.589285
 8120.000000 -0.787680
 8155.000000 -1.051203
 8190.000000 0.418907
 8225.000000 0.758181
 8260.000000 1.290103
 8295.000000 0.942282
 8330.000000 0.349262
 8365.000000 0.271009
 8400.000000 1.559922
 8435.000000 0.219159
 8470.000000 0.016146
 8505.000000 0.849028
 8540.000000 0.543808
 8575.000000 -0.386590
 8610.000000 -0.907532
 8645.000000 -0.149225
 8680.000000 0.279108
 8715.000000 0.306102
 8750.000000 0.598300
 8785.000000 -0.463919
 8820.000000 -0.847651
 8855.000000 -0.662523
 8890.000000 -0.087629
 8925.000000 0.787174
 8960.000000 0.522799
 8995.000000 0.876506
 9030.000000 0.159015
 9065.000000 0.750358
 9100.000000 1.383709
 9135.000000 0.758227
 9170.000000 0.447126
 9205.000000 -0.213800
 9240.000000 -0.926839
 9275.000000 0.295599
 9310.000000 -0.003118
 9345.000000 -0.343066
 9380.000000 -0.929459
 9415.000000 -0.653377
 9450.000000 1.387867
 9485.000000 2.100584
 9520.000000 1.393721
 9555.000000 2.201573
 9590.000000 0.432805
 9625.000000 0.015366
 9660.000000 0.175559
 9695.000000 0.080949
 9730.000000 -1.136240
 9765.000000 -0.124528
 9800.000000 -0.455389
 9835.000000 -0.326376
 9870.000000 0.487508
 9905.000000 1.069775
 9940.000000 0.069735
 9975.000000 1.542894
