#! FIELDS time h b
 0.000000 3.191911 0.737465
 1.000000 3.589780 0.847591
 2.000000 0.337266 0.638121
 3.000000 3.603181 0.641470
 4.000000 3.310626 0.621085
 5.000000 3.972767 0.519752
 6.000000 3.842522 0.316514
 7.000000 4.569950 0.210853
 8.000000 4.490663 0.294863
 9.000000 4.449366 0.425826
 10.000000 4.563731 1.177496
 11.000000 3.863579 1.052392
 12.000000 4.365426 0.935487
 13.000000 4.239263 1.239192
 14.000000 4.314285 0.631345
 15.000000 4.251291 0.520861
 16.000000 3.856698 0.510843
 17.000000 4.655919 0.888371
 18.000000 4.216419 0.555197
 19.000000 4.195015 0.505348
 20.000000 3.686899 0.429512
 21.000000 0.800954 0.162475
 22.000000 0.387280 0.215592
 23.000000 0.364550 0.355083
 24.000000 0.175935 0.258462
 25.000000 0.174033 0.189021
 26.000000 0.169295 0.079929
 27.000000 0.110700 0.043521
 28.000000 0.136519 0.047619
 29.000000 0.158492 0.045027
 30.000000 0.218360 0.077692
 31.000000 0.168171 0.103650
 32.000000 0.160325 0.093959
 33.000000 0.170091 0.081627
 34.000000 0.183391 0.081394
 35.000000 0.199654 0.062963
 36.000000 0.190429 0.099130
 37.000000 0.278351 0.107059
 38.000000 0.212280 0.107203
 39.000000 0.187580 0.149114
 40.000000 0.177866 0.172904
 41.000000 0.195940 0.129446
 42.000000 0.211922 0.130940
 43.000000 0.171915 0.097224
 44.000000 0.146411 0.083882
 45.000000 0.177047 0.150322
 46.000000 0.151573 0.156761
 47.000000 0.191021 0.184192
 48.000000 0.180039 0.186024
 49.000000 0.236124 0.222373
 50.000000 1.280478 0.282043
 51.000000 0.495574 0.148824
 52.000000 0.539167 0.168704
 53.000000 0.977565 0.186440
 54.000000 0.411087 0.208596
 55.000000 0.434155 0.264028
 56.000000 0.719948 0.206533
 57.000000 0.552778 0.206581
 58.000000 0.695466 0.158711
 59.000000 0.771593 0.200274
 60.000000 0.635161 0.173742
 61.000000 0.570757 0.244669
 62.000000 0.779152 0.461147
 63.000000 0.585945 0.520001
 64.000000 0.342216 0.481029
 65.000000 0.561895 0.486773
 66.000000 0.360057 0.509113
 67.000000 0.416119 0.512753
 68.000000 0.292808 0.386195
 69.000000 0.314116 0.353784
 70.000000 0.336690 0.417287
 71.000000 0.386127 0.401141
 72.000000 0.378761 0.368706
 73.000000 0.380934 0.393038
 74.000000 0.391839 0.392218
 75.000000 0.369580 0.414154
 76.000000 0.484859 0.445008
 77.000000 0.421132 0.404673
 78.000000 0.350335 0.385629
 79.000000 0.357274 0.420256
 80.000000 0.210789 0.389133
 81.000000 0.226517 0.360941
 82.000000 0.318815 0.336365
 83.000000 0.280857 0.352250
 84.000000 0.267728 0.331862
 85.000000 0.199788 0.326946
 86.000000 0.238233 0.336299
 87.000000 0.203061 0.303263
 88.000000 0.214934 0.254307
 89.000000 0.216161 0.311156
 90.000000 0.205228 0.271678
 91.000000 0.217373 0.255775
 92.000000 0.174424 0.287927
 93.000000 0.171182 0.489373
 94.000000 0.171986 0.472389
 95.000000 0.164638 0.536396
 96.000000 0.166764 0.480573
 97.000000 0.179608 0.402739
 98.000000 0.171431 0.491467
 99.000000 0.176875 0.459270
 100.000000 0.172226 0.446608
 101.000000 0.177553 0.458950
 102.000000 0.171818 0.410852
 103.000000 0.185109 0.419925
 104.000000 0.160794 0.435914
 105.000000 0.179526 0.455364
 106.000000 0.177101 0.448481
 107.000000 0.197623 0.489565
 108.000000 0.192919 0.434862
 109.000000 0.176117 0.576924
 110.000000 0.157265 0.631787
 111.000000 0.155748 0.553909
 112.000000 0.166323 0.604142
 113.000000 0.176924 0.547786
 114.000000 0.154146 0.531740
 115.000000 0.167724 0.482873
 116.000000 0.179779 0.519109
 117.000000 0.161545 0.961210
 118.000000 0.179331 0.904980
 119.000000 0.155486 1.046110
 120.000000 0.151584 2.378447
 121.000000 0.158833 2.529038
 122.000000 0.146571 2.145542
 123.000000 0.146309 2.115964
 124.000000 0.141173 1.892236
 125.000000 0.163635 1.845432
 126.000000 0.137727 2.687312
 127.000000 0.163714 2.155246
 128.000000 0.166128 2.628600
 129.000000 0.165609 1.334566
 130.000000 0.157775 1.544210
 131.000000 0.168927 1.211595
 132.000000 0.171174 0.601184
 133.000000 0.177687 0.544871
 134.000000 0.170498 0.528200
 135.000000 0.171673 0.517463
 136.000000 0.161515 0.533665
 137.000000 0.161578 0.483112
 138.000000 0.170411 0.541379
 139.000000 0.174897 0.572392
 140.000000 0.167175 0.480350
 141.000000 0.197593 0.609676
 142.000000 0.184682 0.500680
 143.000000 0.211666 0.405530
 144.000000 0.184779 0.587820
 145.000000 0.194779 0.554150
 146.000000 0.192436 0.570949
 147.000000 0.191206 0.552110
 148.000000 0.185614 0.588451
 149.000000 0.172686 0.518208
 150.000000 0.181331 0.562165
 151.000000 0.187923 0.517334
 152.000000 0.187606 0.548716
 153.000000 0.183145 0.470704
 154.000000 0.204529 0.597291
 155.000000 0.161102 0.599827
 156.000000 0.177287 0.615197
 157.000000 0.177179 0.576349
 158.000000 0.197514 0.553859
 159.000000 0.182301 0.548382
 160.000000 0.172866 0.581181
 161.000000 0.169430 0.537005
 162.000000 0.194989 0.544551
 163.000000 0.176461 0.552634
 164.000000 0.186517 0.577544
 165.000000 0.217319 0.587345
 166.000000 0.197147 0.607036
 167.000000 0.207172 0.577635
 168.000000 0.171782 0.503225
 169.000000 0.194340 0.594404
 170.000000 0.190093 0.602035
 171.000000 0.162297 0.508066
 172.000000 0.178510 0.543541
 173.000000 0.190659 0.583090
 174.000000 0.179382 0.553215
 175.000000 0.168741 0.549256
 176.000000 0.173679 0.490486
 177.000000 0.160228 0.549432
 178.000000 0.156726 0.494443
 179.000000 0.170392 0.534264
 180.000000 0.191404 0.503040
 181.000000 0.161943 0.526452
 182.000000 0.162499 0.589961
 183.000000 0.170034 0.721008
 184.000000 0.176533 0.773198
 185.000000 0.180186 0.451237
 186.000000 0.162229 0.573352
 187.000000 0.167039 0.550825
 188.000000 0.153430 0.524946
 189.000000 0.158509 0.561463
 190.000000 0.152135 0.668739
 191.000000 0.162199 0.604861
 192.000000 0.140173 0.675365
 193.000000 0.148846 0.702243
 194.000000 0.145606 0.732792
 195.000000 0.140986 0.642553
 196.000000 0.148818 0.596464
 197.000000 0.149204 0.846083
 198.000000 0.142069 0.787289
 199.000000 0.139175 0.511830
 200.000000 0.151945 0.542670
 201.000000 0.168945 0.737572
 202.000000 0.162747 0.644981
 203.000000 0.143610 0.648192
 204.000000 0.157375 0.612949
 205.000000 0.150535 0.666942
 206.000000 0.169116 0.625759
 207.000000 0.152216 0.594126
 208.000000 0.149247 0.599331
 209.000000 0.164024 0.604604
 210.000000 0.152722 0.564746
 211.000000 0.153464 0.614970
 212.000000 0.152831 0.719861
 213.000000 0.159029 0.532939
 214.000000 0.158263 0.614356
 215.000000 0.167496 0.538571
 216.000000 0.155927 0.508702
 217.000000 0.181748 0.601240
 218.000000 0.173790 0.512416
 219.000000 0.162754 0.556153
 220.000000 0.184160 0.539954
 221.000000 0.182368 0.618993
 222.000000 0.182473 0.573140
 223.000000 0.192093 0.686418
 224.000000 0.198715 0.666668
 225.000000 0.193163 0.721735
 226.000000 0.210432 0.874270
 227.000000 0.180495 0.876089
 228.000000 0.176974 0.714010
 229.000000 0.180400 0.770560
 230.000000 0.173067 0.783590
 231.000000 0.194882 0.801568
 232.000000 0.224117 0.762638
 233.000000 0.181649 0.692676
 234.000000 0.162417 0.726523
 235.000000 0.195841 0.701730
 236.000000 0.161039 0.654553
 237.000000 0.170945 0.584046
 238.000000 0.157163 0.573025
 239.000000 0.155886 0.438665
 240.000000 0.158197 0.580739
 241.000000 0.152189 0.416006
 242.000000 0.169390 0.206073
 243.000000 0.172831 0.142180
 244.000000 0.151500 0.107177
 245.000000 0.154086 0.081488
 246.000000 0.123650 0.046385
 247.000000 0.279146 0.067208
 248.000000 0.144949 0.101518
 249.000000 0.153513 0.110810
 250.000000 0.158234 0.089976
 251.000000 0.172756 0.115870
 252.000000 0.163794 0.249236
 253.000000 0.191312 0.141878
 254.000000 0.203630 0.143364
 255.000000 0.228381 0.114571
 256.000000 0.183245 0.078198
 257.000000 0.094407 0.033686
 258.000000 0.096547 0.034458
 259.000000 0.097292 0.031813
 260.000000 0.086910 0.031381
 261.000000 0.101032 0.056071
 262.000000 0.114738 0.064093
 263.000000 0.095921 0.034699
 264.000000 0.066001 0.019770
 265.000000 0.098564 0.026887
 266.000000 0.085622 0.031246
 267.000000 0.103506 0.031024
 268.000000 0.097403 0.050399
 269.000000 0.098200 0.089159
 270.000000 0.088738 0.033378
 271.000000 0.085360 0.041268
 272.000000 0.087259 0.035549
 273.000000 0.094888 0.058595
 274.000000 0.113665 0.090572
 275.000000 0.099511 0.071395
 276.000000 0.174534 0.076364
 277.000000 0.146390 0.212283
 278.000000 0.124836 0.129042
 279.000000 0.115749 0.155802
 280.000000 0.156144 0.133757
 281.000000 0.231456 0.098573
 282.000000 0.206014 0.063958
 283.000000 0.162240 0.072710
 284.000000 0.230404 0.080752
 285.000000 0.239868 0.100716
 286.000000 0.191420 0.101276
 287.000000 0.199417 0.162188
 288.000000 0.236669 0.126799
 289.000000 0.239329 0.155132
 290.000000 0.200402 0.202676
 291.000000 0.178065 0.246428
 292.000000 0.194259 0.142953
 293.000000 0.208989 0.210639
 294.000000 0.199407 0.185522
 295.000000 0.161776 0.197438
 296.000000 0.163773 0.450865
 297.000000 0.151563 0.587204
 298.000000 0.147545 0.517272
 299.000000 0.185885 0.549706
 300.000000 0.196151 0.519462
 301.000000 0.185415 0.336672
 302.000000 0.159047 0.328517
 303.000000 0.157073 0.308632
 304.000000 0.171948 0.284534
 305.000000 0.161707 0.380623
 306.000000 0.172746 0.498539
 307.000000 0.148849 0.505103
 308.000000 0.912129 0.467354
 309.000000 0.948990 0.466990
 310.000000 0.613410 0.516473
 311.000000 0.611298 0.287756
 312.000000 0.658057 0.317475
 313.000000 0.506304 0.284566
 314.000000 0.499418 0.316984
 315.000000 0.723610 0.321223
 316.000000 0.642769 0.252177
 317.000000 0.920359 0.366401
 318.000000 0.565221 0.315588
 319.000000 0.864614 0.269542
 320.000000 0.500079 0.275737
 321.000000 0.639714 0.245199
 322.000000 0.629552 0.265279
 323.000000 0.777187 0.251344
 324.000000 0.767087 0.232791
 325.000000 0.608591 0.253061
 326.000000 0.596128 0.278822
 327.000000 0.705649 0.242191
 328.000000 0.830435 0.244982
 329.000000 0.661822 0.233011
 330.000000 0.827592 0.242296
 331.000000 0.571373 0.234311
 332.000000 0.379923 0.216127
 333.000000 0.441202 0.247854
 334.000000 0.673690 0.244569
 335.000000 0.667579 0.246260
 336.000000 0.783720 0.198135
 337.000000 0.719707 0.260756
 338.000000 0.653433 0.237991
 339.000000 0.619779 0.311130
 340.000000 0.716387 0.260974
 341.000000 0.579763 0.252964
 342.000000 0.539050 0.264607
 343.000000 0.624603 0.270919
 344.000000 0.607014 0.251578
 345.000000 0.576029 0.268033
 346.000000 0.793495 0.291911
 347.000000 0.646789 0.271546
 348.000000 3.473516 0.329630
 349.000000 3.819477 0.293826
 350.000000 4.819561 0.315063
 351.000000 2.205841 0.319568
 352.000000 2.905027 0.445544
 353.000000 1.959420 0.401009
 354.000000 4.945360 0.575910
 355.000000 3.993535 0.590627
 356.000000 3.511216 0.468977
 357.000000 5.001607 0.386084
 358.000000 5.055188 0.392857
 359.000000 1.808635 0.347782
 360.000000 3.212643 0.344429
 361.000000 1.874808 0.436297
 362.000000 1.402046 0.363376
 363.000000 3.979504 0.491241
 364.000000 3.955958 0.563439
 365.000000 3.901755 0.473764
 366.000000 2.333147 0.421572
 367.000000 1.006190 0.291407
 368.000000 0.690128 0.323904
 369.000000 1.292028 0.295304
 370.000000 1.393963 0.315268
 371.000000 1.488919 0.293996
 372.000000 0.728321 0.326524
 373.000000 0.693705 0.354989
 374.000000 0.533277 0.320088
 375.000000 0.897375 0.329050
 376.000000 0.830863 0.585561
 377.000000 0.721268 0.635008
 378.000000 0.793126 0.448325
 379.000000 0.790689 0.388861
 380.000000 0.847817 0.435797
 381.000000 1.923232 0.509502
 382.000000 1.851730 0.371840
 383.000000 0.322083 0.328721
 384.000000 2.857780 0.264756
 385.000000 2.983709 0.281583
 386.000000 2.983591 0.316267
 387.000000 3.005328 0.413589
 388.000000 2.598424 0.492644
 389.000000 2.497490 0.310546
 390.000000 2.454698 0.454743
 391.000000 2.475193 0.445171
 392.000000 1.852386 0.613400
 393.000000 3.006049 0.819128
 394.000000 2.434078 0.780574
 395.000000 3.175540 0.721450
 396.000000 3.090732 0.744891
 397.000000 3.092880 0.687622
 398.000000 3.020678 0.626317
 399.000000 3.219599 0.647368
 400.000000 3.243648 0.567097
 401.000000 2.983679 0.533894
 402.000000 3.003300 0.680442
 403.000000 3.070691 1.044638
 404.000000 3.127044 0.736894
 405.000000 2.314138 1.252139
 406.000000 3.105359 1.036309
 407.000000 3.059073 1.094747
 408.000000 3.066351 0.823420
 409.000000 2.944411 0.875632
 410.000000 1.004008 0.658817
 411.000000 0.664860 0.676477
 412.000000 1.239299 0.490734
 413.000000 0.513610 0.574393
 414.000000 0.452909 0.731348
 415.000000 0.560261 0.655681
 416.000000 0.459874 0.610951
 417.000000 0.618981 0.560219
 418.000000 0.787414 0.532572
 419.000000 0.508592 0.565663
 420.000000 0.498602 0.283921
 421.000000 0.688723 0.312175
 422.000000 0.722453 0.285127
 423.000000 0.265438 0.182271
 424.000000 0.778439 0.072431
 425.000000 0.655315 0.060896
 426.000000 0.378104 0.065824
 427.000000 0.478805 0.053678
 428.000000 0.279535 0.037607
 429.000000 0.440460 0.106570
 430.000000 0.427725 0.099258
 431.000000 0.868416 0.094091
 432.000000 0.440601 0.107934
 433.000000 0.407670 0.069683
 434.000000 0.179279 0.093480
 435.000000 0.108651 0.040293
 436.000000 0.090110 0.024980
 437.000000 0.075341 0.019682
 438.000000 0.077491 0.021177
 439.000000 0.084402 0.025736
 440.000000 0.086817 0.024785
 441.000000 0.092650 0.035110
 442.000000 0.093846 0.038473
 443.000000 0.089993 0.048945
 444.000000 0.112799 0.066934
 445.000000 0.103242 0.053393
 446.000000 0.114663 0.041128
 447.000000 0.101124 0.050512
 448.000000 0.089615 0.040789
 449.000000 0.104685 0.047255
 450.000000 0.106766 0.051303
 451.000000 0.103485 0.042174
 452.000000 0.103266 0.056006
 453.000000 0.092171 0.042280
 454.000000 0.086365 0.039067
 455.000000 0.086416 0.039283
 456.000000 0.091500 0.044446
 457.000000 0.096279 0.118538
 458.000000 0.102942 0.082423
 459.000000 0.112656 0.061063
 460.000000 0.106504 0.143895
 461.000000 0.100876 0.243266
 462.000000 0.104866 0.172382
 463.000000 0.100075 0.108018
 464.000000 0.091183 0.049486
 465.000000 0.097751 0.065479
 466.000000 0.106529 0.052017
 467.000000 0.096059 0.051655
 468.000000 0.115963 0.040339
 469.000000 0.096467 0.041229
 470.000000 0.174406 0.080278
 471.000000 0.111713 0.077671
 472.000000 0.117473 0.075299
 473.000000 0.102429 0.043690
 474.000000 0.104219 0.070234
 475.000000 0.095103 0.054504
 476.000000 0.102901 0.080153
 477.000000 0.102637 0.081624
 478.000000 0.098965 0.130670
 479.000000 0.145895 0.080647
 480.000000 0.116366 0.135196
 481.000000 0.126161 0.096404
 482.000000 0.114377 0.072799
 483.000000 0.111812 0.091255
 484.000000 0.110056 0.090682
 485.000000 0.110039 0.080891
 486.000000 0.111435 0.081627
 487.000000 0.156052 0.067271
 488.000000 0.120369 0.075288
 489.000000 0.103833 0.066558
 490.000000 0.096761 0.062752
 491.000000 0.102499 0.078701
 492.000000 0.108989 0.083494
 493.000000 0.101779 0.055220
 494.000000 0.103600 0.047163
 495.000000 0.093090 0.053641
 496.000000 0.111168 0.054637
 497.000000 0.132915 0.082587
 498.000000 0.163202 0.056996
 499.000000 0.122694 0.073728
 500.000000 0.139024 0.073665
 501.000000 0.119972 0.076189
 502.000000 0.162530 0.064336
 503.000000 0.148745 0.103636
 504.000000 0.169478 0.089278
 505.000000 0.140421 0.121619
 506.000000 0.152306 0.153386
 507.000000 0.173545 0.170744
 508.000000 0.153142 0.208586
 509.000000 0.154639 0.251964
 510.000000 0.173595 0.267983
 511.000000 0.178751 0.343727
 512.000000 0.214854 0.366701
 513.000000 0.203117 0.327031
 514.000000 0.206369 0.590371
 515.000000 0.211871 0.616596
 516.000000 0.204602 0.286366
 517.000000 0.360152 0.200018
 518.000000 0.245599 0.158528
 519.000000 0.198204 0.162143
 520.000000 0.173642 0.228435
 521.000000 0.165605 0.181123
 522.000000 0.238525 0.197915
 523.000000 0.149559 0.154516
 524.000000 0.190854 0.320249
 525.000000 0.212374 0.215088
 526.000000 0.151599 0.268754
 527.000000 0.176189 0.163228
 528.000000 0.252748 0.271171
 529.000000 0.111545 0.266913
 530.000000 0.124713 0.256726
 531.000000 0.181229 0.079524
 532.000000 0.153247 0.110546
 533.000000 0.142968 0.293187
 534.000000 0.147026 0.157251
 535.000000 0.124985 0.110384
 536.000000 0.121776 0.148569
 537.000000 0.236759 0.204164
 538.000000 1.962664 0.232921
 539.000000 1.366788 0.215974
 540.000000 2.147927 0.222998
 541.000000 1.491124 0.168324
 542.000000 2.170777 0.170959
 543.000000 0.933343 0.169742
 544.000000 1.691224 0.183147
 545.000000 1.338722 0.188917
 546.000000 0.571605 0.211803
 547.000000 0.463323 0.158306
 548.000000 0.381541 0.168032
 549.000000 0.317792 0.158045
 550.000000 0.499333 0.208493
 551.000000 0.461462 0.294157
 552.000000 0.335611 0.212237
 553.000000 0.525330 0.221050
 554.000000 0.339150 0.160942
 555.000000 0.448751 0.205476
 556.000000 0.277031 0.232667
 557.000000 0.215072 0.369214
 558.000000 0.264208 0.476715
 559.000000 0.600521 0.506651
 560.000000 0.284018 0.490468
 561.000000 0.413022 0.355161
 562.000000 0.244480 0.250084
 563.000000 0.641512 0.262725
 564.000000 0.436291 0.285694
 565.000000 0.691639 0.269947
 566.000000 0.303781 0.176399
 567.000000 0.332972 0.309155
 568.000000 0.605264 0.241170
 569.000000 0.252705 0.264968
 570.000000 0.404099 0.217566
 571.000000 0.386264 0.207692
 572.000000 0.408752 0.157552
 573.000000 0.527241 0.177506
 574.000000 0.691409 0.191287
 575.000000 0.232586 0.139260
 576.000000 0.723805 0.178213
 577.000000 0.433733 0.177976
 578.000000 0.201310 0.179174
 579.000000 0.507164 0.203288
 580.000000 0.535443 0.220424
 581.000000 0.505672 0.229383
 582.000000 0.372859 0.180115
 583.000000 0.617953 0.181346
 584.000000 0.165934 0.215138
 585.000000 0.146348 0.171343
 586.000000 0.135184 0.174310
 587.000000 0.163455 0.117967
 588.000000 0.103860 0.074414
 589.000000 0.096400 0.062927
 590.000000 0.098047 0.057867
 591.000000 0.106449 0.037132
 592.000000 0.083036 0.033595
 593.000000 0.091354 0.050293
 594.000000 0.090665 0.044007
 595.000000 0.102231 0.043916
 596.000000 0.103425 0.096697
 597.000000 0.107969 0.259255
 598.000000 0.460908 0.290477
 599.000000 0.215171 0.172166
 600.000000 0.147192 0.115949
 601.000000 0.206171 0.219647
 602.000000 0.377320 0.202860
 603.000000 0.396469 0.262479
 604.000000 0.599968 0.330830
 605.000000 0.709473 0.316172
 606.000000 0.680511 0.262523
 607.000000 0.629632 0.284722
 608.000000 0.486527 0.226048
 609.000000 0.363086 0.249143
 610.000000 0.462508 0.251406
 611.000000 0.463382 0.286243
 612.000000 0.518458 0.254576
 613.000000 0.405689 0.239731
 614.000000 0.469918 0.309488
 615.000000 0.177572 0.279763
 616.000000 0.164152 0.210451
 617.000000 0.145020 0.192682
 618.000000 0.121950 0.196695
 619.000000 0.115686 0.189345
 620.000000 0.120074 0.218657
 621.000000 0.126841 0.101424
 622.000000 0.120364 0.154918
 623.000000 0.128984 0.142271
 624.000000 0.125203 0.142246
 625.000000 0.111309 0.158063
 626.000000 0.119266 0.340485
 627.000000 0.130798 0.553225
 628.000000 0.131591 0.989554
 629.000000 0.130133 1.309042
 630.000000 0.113812 1.370721
 631.000000 0.120844 1.668195
 632.000000 0.097091 1.876307
 633.000000 0.097335 1.776047
 634.000000 0.101552 1.585596
 635.000000 0.097101 1.267281
 636.000000 0.099275 1.266786
 637.000000 0.093800 1.977932
 638.000000 0.100254 1.143890
 639.000000 0.114272 1.199365
 640.000000 0.102589 1.166566
 641.000000 0.092481 1.834373
 642.000000 0.093371 2.090423
 643.000000 0.088656 1.894468
 644.000000 0.088861 1.865528
 645.000000 0.089873 0.837333
 646.000000 0.095008 1.282255
 647.000000 0.088409 0.878651
 648.000000 0.104175 0.446079
 649.000000 0.098236 0.402869
 650.000000 0.095372 0.736264
 651.000000 0.099187 0.524878
 652.000000 0.111741 0.455383
 653.000000 0.112593 0.617926
 654.000000 0.110996 0.583569
 655.000000 0.124608 0.339198
 656.000000 0.115020 0.328010
 657.000000 0.139171 0.318479
 658.000000 0.134272 0.479967
 659.000000 0.139035 0.690889
 660.000000 0.141295 1.286065
 661.000000 0.137730 1.424622
 662.000000 0.136631 1.287502
 663.000000 0.143810 1.545029
 664.000000 0.138037 1.756819
 665.000000 0.137992 1.864630
 666.000000 0.157224 1.918120
 667.000000 0.169709 1.803324
 668.000000 0.163414 1.789164
 669.000000 0.158503 1.347157
 670.000000 0.165143 1.159707
 671.000000 0.170203 1.245823
 672.000000 0.208956 1.201761
 673.000000 0.236912 1.026869
 674.000000 0.229719 1.520348
 675.000000 0.210919 1.471250
 676.000000 0.205155 1.510498
 677.000000 0.196388 1.425499
 678.000000 0.183785 1.403434
 679.000000 0.180880 1.242964
 680.000000 0.217551 1.497267
 681.000000 0.247961 1.521171
 682.000000 0.244224 1.669926
 683.000000 0.208896 1.306424
 684.000000 0.195646 1.329928
 685.000000 0.175644 1.191726
 686.000000 0.237838 1.069623
 687.000000 0.161352 0.831084
 688.000000 0.112933 0.544071
 689.000000 0.107428 0.461684
 690.000000 0.113289 1.042381
 691.000000 0.115862 0.942916
 692.000000 0.119691 1.132412
 693.000000 0.132953 1.239691
 694.000000 0.126162 1.051571
 695.000000 0.123062 1.184055
 696.000000 0.122165 0.659131
 697.000000 0.124479 1.045429
 698.000000 0.112704 1.289909
 699.000000 0.111703 1.438360
 700.000000 0.115382 1.338090
 701.000000 0.118948 1.378851
 702.000000 0.116284 1.145662
 703.000000 0.114157 1.291203
 704.000000 0.110096 1.398400
 705.000000 0.111838 1.644812
 706.000000 0.113663 1.207304
 707.000000 0.111574 1.324056
 708.000000 0.109544 1.076094
 709.000000 0.114660 1.208515
 710.000000 0.109763 1.070565
 711.000000 0.107901 1.146846
 712.000000 0.103522 1.097882
 713.000000 0.108376 0.873962
 714.000000 0.109312 0.733308
 715.000000 0.111060 0.781563
 716.000000 0.122254 0.845126
 717.000000 0.111334 0.824618
 718.000000 0.108786 0.780505
 719.000000 0.117415 1.023627
 720.000000 0.123423 1.166138
 721.000000 0.116034 0.835843
 722.000000 0.115059 0.677781
 723.000000 0.111495 0.788861
 724.000000 0.119760 0.654241
 725.000000 0.111911 0.702630
 726.000000 0.115656 0.855002
 727.000000 0.109972 0.667303
 728.000000 0.106152 0.672984
 729.000000 0.116621 0.548003
 730.000000 0.105188 0.563065
 731.000000 0.106299 0.416727
 732.000000 0.112880 0.465438
 733.000000 0.100647 0.449619
 734.000000 0.096324 0.518116
 735.000000 0.098089 0.377409
 736.000000 0.112257 0.460135
 737.000000 0.109942 0.406026
 738.000000 0.104952 0.378659
 739.000000 0.102908 0.443503
 740.000000 0.106837 0.394220
 741.000000 0.094078 0.373598
 742.000000 0.101107 0.461343
 743.000000 0.097210 0.364830
 744.000000 0.105154 0.330033
 745.000000 0.110296 0.252842
 746.000000 0.116336 0.475869
 747.000000 0.123543 0.312312
 748.000000 0.112426 0.491819
 749.000000 0.104372 0.459717
 750.000000 0.107970 0.391423
 751.000000 0.109704 0.688862
 752.000000 0.103901 0.715756
 753.000000 0.109943 0.667984
 754.000000 0.101936 0.652299
 755.000000 0.105790 0.522028
 756.000000 0.121551 0.294393
 757.000000 0.129967 0.290433
 758.000000 0.113779 0.271238
 759.000000 0.121782 0.380917
 760.000000 0.105828 0.501232
 761.000000 0.110907 0.487301
 762.000000 0.113330 0.540970
 763.000000 0.118642 0.499124
 764.000000 0.122551 0.507369
 765.000000 0.153403 0.402194
 766.000000 0.131105 0.439863
 767.000000 0.114885 0.503131
 768.000000 0.135058 0.579624
 769.000000 0.120613 0.506309
 770.000000 0.130041 0.411532
 771.000000 0.122334 0.359817
 772.000000 0.123059 0.643895
 773.000000 0.129455 0.648718
 774.000000 0.125529 0.582210
 775.000000 0.129158 0.648606
 776.000000 0.130357 0.607618
 777.000000 0.132355 0.724939
 778.000000 0.147446 0.810323
 779.000000 0.125437 0.831021
 780.000000 0.132413 0.815844
 781.000000 0.128616 0.773739
 782.000000 0.132298 0.788812
 783.000000 0.120110 0.701994
 784.000000 0.124867 0.690348
 785.000000 0.150431 0.715863
 786.000000 0.150096 0.768763
 787.000000 0.148178 0.796613
 788.000000 0.127854 0.741134
 789.000000 0.132878 0.620535
 790.000000 0.131024 0.696438
 791.000000 0.130305 0.708579
 792.000000 0.123271 0.718439
 793.000000 0.129498 0.795397
 794.000000 0.142810 0.720849
 795.000000 0.138440 0.824497
 796.000000 0.150288 0.708502
 797.000000 0.132721 0.705275
 798.000000 0.139003 0.694467
 799.000000 0.142749 0.649522
 800.000000 0.134848 0.739362
 801.000000 0.131765 0.601328
 802.000000 0.153375 0.647869
 803.000000 0.139761 0.677921
 804.000000 0.140251 0.686773
 805.000000 0.144684 0.791722
 806.000000 0.124764 0.724620
 807.000000 0.144422 0.755901
 808.000000 0.140394 0.513615
 809.000000 0.129794 0.599272
 810.000000 0.150428 0.594400
 811.000000 0.150018 0.663637
 812.000000 0.130603 0.616047
 813.000000 0.140149 0.622601
 814.000000 0.130596 0.580677
 815.000000 0.155859 0.605632
 816.000000 0.146379 0.610155
 817.000000 0.142953 0.608712
 818.000000 0.157935 0.646611
 819.000000 0.158212 0.617260
 820.000000 0.150335 0.621313
 821.000000 0.148738 0.690447
 822.000000 0.146080 0.622902
 823.000000 0.149611 0.588699
 824.000000 0.117549 0.642643
 825.000000 0.141882 0.722004
 826.000000 0.114633 0.663543
 827.000000 0.154826 0.659137
 828.000000 0.137856 0.611642
 829.000000 0.132773 0.589056
 830.000000 0.140272 0.645186
 831.000000 0.130839 0.596065
 832.000000 0.133141 0.660825
 833.000000 0.119022 0.576553
 834.000000 0.136227 0.718269
 835.000000 0.124524 0.715911
 836.000000 0.144360 0.659950
 837.000000 0.116063 0.753008
 838.000000 0.135099 0.736747
 839.000000 0.126983 0.698023
 840.000000 0.117320 0.716261
 841.000000 0.121851 0.767488
 842.000000 0.116608 0.646851
 843.000000 0.118516 0.589724
 844.000000 0.124568 0.646966
 845.000000 0.124413 0.776942
 846.000000 0.125482 0.707437
 847.000000 0.123895 0.584196
 848.000000 0.126893 0.534187
 849.000000 0.133962 0.500987
 850.000000 0.126503 0.654284
 851.000000 0.121224 0.571928
 852.000000 0.151110 0.511369
 853.000000 0.127414 0.544774
 854.000000 0.141523 0.431107
 855.000000 0.132351 0.510929
 856.000000 0.132625 0.700376
 857.000000 0.151854 0.765922
 858.000000 0.142112 0.718145
 859.000000 0.151388 0.690749
 860.000000 0.173001 0.569245
 861.000000 0.167910 0.505216
 862.000000 0.143925 0.587897
 863.000000 0.128894 0.482637
 864.000000 0.135629 0.509676
 865.000000 0.160108 0.559463
 866.000000 0.148476 0.575840
 867.000000 0.162422 0.551709
 868.000000 0.143310 0.584158
 869.000000 0.165367 0.727506
 870.000000 0.133522 0.610482
 871.000000 0.149124 0.550324
 872.000000 0.185065 0.637897
 873.000000 0.134943 0.458571
 874.000000 0.143293 0.474679
 875.000000 0.134091 0.670913
 876.000000 0.139581 0.620076
 877.000000 0.157467 0.625968
 878.000000 0.153326 0.650434
 879.000000 0.140440 0.526262
 880.000000 0.132888 0.530331
 881.000000 0.136305 0.525640
 882.000000 0.141580 0.529961
 883.000000 0.139224 0.583279
 884.000000 0.133032 0.363054
 885.000000 0.128795 0.497299
 886.000000 0.125406 0.475612
 887.000000 0.144461 0.483145
 888.000000 0.144604 0.554776
 889.000000 0.133211 0.559429
 890.000000 0.148683 0.534544
 891.000000 0.143967 0.457926
 892.000000 0.135517 0.600688
 893.000000 0.136262 0.630010
 894.000000 0.149459 0.658486
 895.000000 0.131173 0.735341
 896.000000 0.130404 0.758721
 897.000000 0.126226 0.725186
 898.000000 0.131507 0.687630
 899.000000 0.130218 0.690155
 900.000000 0.128634 0.823224
 901.000000 0.139942 0.753549
 902.000000 0.139019 0.807635
 903.000000 0.139975 0.629233
 904.000000 0.132916 0.700412
 905.000000 0.126392 0.707344
 906.000000 0.123299 0.635606
 907.000000 0.141869 0.607380
 908.000000 0.131878 0.607829
 909.000000 0.134605 0.650175
 910.000000 0.142305 0.591458
 911.000000 0.136204 0.673775
 912.000000 0.140437 0.864406
 913.000000 0.148836 0.839638
 914.000000 0.141534 0.817376
 915.000000 0.152050 0.754212
 916.000000 0.141096 0.813280
 917.000000 0.157055 0.767174
 918.000000 0.143575 0.804109
 919.000000 0.143591 0.824533
 920.000000 0.138972 0.791907
 921.000000 0.171790 0.879203
 922.000000 0.145444 0.812994
 923.000000 0.154175 0.808821
 924.000000 0.140215 0.684165
 925.000000 0.157520 0.769393
 926.000000 0.156946 0.740299
 927.000000 0.147581 0.828753
 928.000000 0.160455 0.810028
 929.000000 0.163918 0.839849
 930.000000 0.167784 0.750045
 931.000000 0.167232 0.732793
 932.000000 0.163467 0.825102
 933.000000 0.146065 0.821425
 934.000000 0.155961 0.762222
 935.000000 0.157858 0.758310
 936.000000 0.146358 0.738849
 937.000000 0.144490 0.713553
 938.000000 0.167406 0.769087
 939.000000 0.161173 0.739652
 940.000000 0.158385 0.809497
 941.000000 0.160688 0.750491
 942.000000 0.161662 0.770971
 943.000000 0.162048 0.766339
 944.000000 0.139801 0.704153
 945.000000 0.156824 0.688920
 946.000000 0.161730 0.778737
 947.000000 0.153402 0.768353
 948.000000 0.145406 0.726768
 949.000000 0.164842 0.729868
 950.000000 0.149087 0.715406
 951.000000 0.156965 0.764424
 952.000000 0.157481 0.687697
 953.000000 0.145257 0.797318
 954.000000 0.157835 0.776350
 955.000000 0.154518 0.826636
 956.000000 0.146053 0.762373
 957.000000 0.154783 0.810884
 958.000000 0.147301 0.741059
 959.000000 0.160686 0.848927
 960.000000 0.162455 0.698739
 961.000000 0.149023 0.879756
 962.000000 0.191149 0.818359
 963.000000 0.156417 0.822222
 964.000000 0.147284 0.786596
 965.000000 0.148737 0.824458
 966.000000 0.174470 0.882562
 967.000000 0.163341 0.750548
 968.000000 0.158573 0.723197
 969.000000 0.134441 0.763174
 970.000000 0.129847 0.697225
 971.000000 0.149586 0.723030
 972.000000 0.149680 0.801587
 973.000000 0.138871 0.802792
 974.000000 0.139378 0.789906
 975.000000 0.148878 0.809092
 976.000000 0.155476 0.818437
 977.000000 0.153933 0.904182
 978.000000 0.147636 0.842860
 979.000000 0.161382 0.818620
 980.000000 0.160851 0.832571
 981.000000 0.155049 0.766009
 982.000000 0.143045 0.751004
 983.000000 0.162864 0.693299
 984.000000 0.170772 0.849973
 985.000000 0.148387 0.839208
 986.000000 0.152616 0.877606
 987.000000 0.151689 0.777521
 988.000000 0.156461 0.752541
 989.000000 0.152780 0.616066
 990.000000 0.157727 0.629747
 991.000000 0.150460 0.582315
 992.000000 0.163599 0.568431
 993.000000 0.146954 0.635056
 994.000000 0.148483 0.568640
 995.000000 0.156198 0.746493
 996.000000 0.136570 0.691556
 997.000000 0.147512 0.584825
 998.000000 0.161214 0.627728
 999.000000 0.136422 0.647527
 1000.000000 0.129939 0.703968
 1001.000000 0.143908 0.585665
 1002.000000 0.163881 0.720562
 1003.000000 0.151583 0.671095
 1004.000000 0.129872 0.571329
 1005.000000 0.149036 0.584046
 1006.000000 0.132444 0.570751
 1007.000000 0.145934 0.496806
 1008.000000 0.151938 0.548153
 1009.000000 0.131602 0.489320
 1010.000000 0.135751 0.476488
 1011.000000 0.160406 0.562367
 1012.000000 0.159685 0.548525
 1013.000000 0.140796 0.578411
 1014.000000 0.147045 0.599427
 1015.000000 0.170121 0.489286
 1016.000000 0.157944 0.366115
 1017.000000 0.167252 0.363145
 1018.000000 0.149582 0.346784
 1019.000000 0.162074 0.431633
 1020.000000 0.172240 0.517824
 1021.000000 0.140513 0.457235
 1022.000000 0.152574 0.421854
 1023.000000 0.139252 0.477994
 1024.000000 0.152233 0.388250
 1025.000000 0.139431 0.410448
 1026.000000 0.135453 0.517650
 1027.000000 0.141643 0.521865
 1028.000000 0.152258 0.524540
 1029.000000 0.124511 0.523472
 1030.000000 0.133576 0.539151
 1031.000000 0.110282 0.492226
 1032.000000 0.133652 0.520857
 1033.000000 0.148033 0.481157
 1034.000000 0.132865 0.515580
 1035.000000 0.127815 0.461290
 1036.000000 0.135590 0.498495
 1037.000000 0.134991 0.561930
 1038.000000 0.142469 0.523487
 1039.000000 0.141514 0.516532
 1040.000000 0.128336 0.584448
 1041.000000 0.138296 0.526445
 1042.000000 0.113214 0.819161
 1043.000000 0.134199 1.177685
 1044.000000 0.134255 1.240198
 1045.000000 0.146521 1.464912
 1046.000000 0.173833 1.228748
 1047.000000 0.152698 1.048124
 1048.000000 0.142375 1.201680
 1049.000000 0.144018 0.999571
 1050.000000 0.144288 1.138012
 1051.000000 0.144104 1.018019
 1052.000000 0.151425 1.161100
 1053.000000 0.143372 1.140408
 1054.000000 0.143716 1.051842
 1055.000000 0.141284 1.097513
 1056.000000 0.141922 0.985049
 1057.000000 0.137449 1.020470
 1058.000000 0.146894 1.059672
 1059.000000 0.149031 1.007840
 1060.000000 0.124525 0.845612
 1061.000000 0.143064 0.854149
 1062.000000 0.136769 0.876342
 1063.000000 0.141878 1.035160
 1064.000000 0.141124 0.953591
 1065.000000 0.141127 1.069741
 1066.000000 0.128505 0.952646
 1067.000000 0.131765 0.921928
 1068.000000 0.145323 0.958360
 1069.000000 0.162854 0.927622
 1070.000000 0.142529 1.020859
 1071.000000 0.147654 0.990264
 1072.000000 0.124680 1.022698
 1073.000000 0.150421 0.982598
 1074.000000 0.147017 0.972409
 1075.000000 0.147402 0.988788
 1076.000000 0.140275 0.963676
 1077.000000 0.142365 0.948840
 1078.000000 0.153047 0.935597
 1079.000000 0.151259 1.011767
 1080.000000 0.144006 0.989723
 1081.000000 0.148945 0.880743
 1082.000000 0.151978 0.898405
 1083.000000 0.150933 0.940715
 1084.000000 0.133442 0.980258
 1085.000000 0.150633 0.997432
 1086.000000 0.148582 1.117050
 1087.000000 0.151600 0.972071
 1088.000000 0.182666 1.024486
 1089.000000 0.132063 0.805084
 1090.000000 0.147576 0.989257
 1091.000000 0.142762 0.937221
 1092.000000 0.154021 1.070854
 1093.000000 0.137815 1.054840
 1094.000000 0.132691 1.010729
 1095.000000 0.145344 0.945587
 1096.000000 0.154988 0.941750
 1097.000000 0.141105 0.984231
 1098.000000 0.150765 1.307676
 1099.000000 0.154183 1.168184
 1100.000000 0.139720 1.177220
 1101.000000 0.133740 0.914967
 1102.000000 0.132788 0.911846
 1103.000000 0.147656 0.822667
 1104.000000 0.177527 0.835934
 1105.000000 0.140323 0.945237
 1106.000000 0.144959 0.934285
 1107.000000 0.169120 0.928314
 1108.000000 0.144538 0.932463
 1109.000000 0.151462 0.994917
 1110.000000 0.182466 0.834771
 1111.000000 0.194419 0.967630
 1112.000000 0.153386 1.028882
 1113.000000 0.155143 0.863236
 1114.000000 0.141345 0.916533
 1115.000000 0.209503 0.829728
 1116.000000 0.177807 0.854847
 1117.000000 0.210096 0.835736
 1118.000000 0.196337 0.816420
 1119.000000 0.193009 0.825408
 1120.000000 0.233037 0.849763
 1121.000000 0.273766 0.890872
 1122.000000 0.260170 0.802443
 1123.000000 0.174193 0.760618
 1124.000000 0.178279 0.841519
 1125.000000 0.173916 0.826196
 1126.000000 0.175616 0.708108
 1127.000000 0.177294 0.746290
 1128.000000 0.166210 0.777906
 1129.000000 0.138733 0.821968
 1130.000000 0.144300 0.764790
 1131.000000 0.162904 0.799102
 1132.000000 0.169976 0.817410
 1133.000000 0.164151 0.832968
 1134.000000 0.149306 0.813547
 1135.000000 0.133874 0.784187
 1136.000000 0.155337 0.731155
 1137.000000 0.159876 0.794463
 1138.000000 0.155419 0.760685
 1139.000000 0.146401 0.837516
 1140.000000 0.146693 0.900898
 1141.000000 0.127853 0.798064
 1142.000000 0.155726 0.792269
 1143.000000 0.143422 0.836593
 1144.000000 0.184722 0.735020
 1145.000000 0.144212 0.673877
 1146.000000 0.162014 0.748674
 1147.000000 0.147968 0.706384
 1148.000000 0.140660 0.609292
 1149.000000 0.144775 0.752804
 1150.000000 0.150264 0.849624
 1151.000000 0.141054 0.760578
 1152.000000 0.135625 0.746649
 1153.000000 0.130342 0.710131
 1154.000000 0.150844 0.745024
 1155.000000 0.129605 0.779296
 1156.000000 0.127591 0.785408
 1157.000000 0.116368 0.737004
 1158.000000 0.145580 0.802219
 1159.000000 0.121150 0.871100
 1160.000000 0.128607 0.908275
 1161.000000 0.131136 0.908509
 1162.000000 0.137313 0.626347
 1163.000000 0.139553 0.946680
 1164.000000 0.150322 0.954721
 1165.000000 0.137829 0.929670
 1166.000000 0.141273 0.661154
 1167.000000 0.147672 0.922026
 1168.000000 0.152997 1.089028
 1169.000000 0.157008 0.855680
 1170.000000 0.128135 0.754953
 1171.000000 0.130237 0.920224
 1172.000000 0.164504 0.846091
 1173.000000 0.150333 1.031089
 1174.000000 0.172507 0.973640
 1175.000000 0.156403 1.290583
 1176.000000 0.155123 1.295095
 1177.000000 0.169215 1.192083
 1178.000000 0.183680 1.107873
 1179.000000 0.166990 1.037011
 1180.000000 0.167105 0.951039
 1181.000000 0.158922 1.087787
 1182.000000 0.172429 1.044158
 1183.000000 0.178934 0.984671
 1184.000000 0.166078 1.101102
 1185.000000 0.149328 0.998065
 1186.000000 0.175356 1.025129
 1187.000000 0.174504 0.944929
 1188.000000 0.205691 1.021841
 1189.000000 0.155125 1.130043
 1190.000000 0.167361 1.166876
 1191.000000 0.164353 1.568473
 1192.000000 0.161477 1.806756
 1193.000000 0.158149 1.594633
 1194.000000 0.173545 1.734622
 1195.000000 0.161059 1.855395
 1196.000000 0.153026 1.693442
 1197.000000 0.171989 1.840838
 1198.000000 0.164997 2.258196
 1199.000000 0.142822 2.291645
 1200.000000 0.155830 2.421536
 1201.000000 0.139718 2.130346
 1202.000000 0.142530 2.445553
 1203.000000 0.125338 2.498083
 1204.000000 0.142067 2.733435
 1205.000000 0.152984 1.592312
 1206.000000 0.133280 2.010778
 1207.000000 0.124253 1.852631
 1208.000000 0.144443 1.703918
 1209.000000 0.165611 1.441572
 1210.000000 0.139195 1.495030
 1211.000000 0.144381 1.396974
 1212.000000 0.126469 1.337642
 1213.000000 0.112120 1.298221
 1214.000000 0.121272 1.272945
 1215.000000 0.109969 2.256863
 1216.000000 0.103375 2.563660
 1217.000000 0.095523 3.394902
 1218.000000 0.095762 3.332229
 1219.000000 0.091900 2.979687
 1220.000000 0.095739 3.754727
 1221.000000 0.087113 4.132569
 1222.000000 0.083700 3.605331
 1223.000000 0.088342 3.652027
 1224.000000 0.090675 3.131879
 1225.000000 0.091147 3.987396
 1226.000000 0.089266 3.423230
 1227.000000 0.087520 3.895639
 1228.000000 0.085018 2.767278
 1229.000000 0.083779 4.150723
 1230.000000 0.088600 3.580351
 1231.000000 0.087308 4.419351
 1232.000000 0.087990 3.330300
 1233.000000 0.096051 3.260086
 1234.000000 0.092876 2.719824
 1235.000000 0.090325 4.289421
 1236.000000 0.086856 4.412960
 1237.000000 0.088104 4.198664
 1238.000000 0.086596 2.810578
 1239.000000 0.094087 2.810450
 1240.000000 0.092376 3.277470
 1241.000000 0.097046 2.961757
 1242.000000 0.093008 3.213915
 1243.000000 0.088990 2.577455
 1244.000000 0.093317 2.901653
 1245.000000 0.099475 3.368980
 1246.000000 0.087060 2.836322
 1247.000000 0.094215 4.233851
 1248.000000 0.091632 2.345923
 1249.000000 0.087460 2.632521
 1250.000000 0.092734 3.338689
 1251.000000 0.084486 4.233546
 1252.000000 0.090255 3.357309
 1253.000000 0.089847 4.452048
 1254.000000 0.087747 2.413264
 1255.000000 0.091859 2.446977
 1256.000000 0.088697 5.306901
 1257.000000 0.092075 4.032791
 1258.000000 0.096539 3.693575
 1259.000000 0.098853 4.686567
 1260.000000 0.089594 5.505455
 1261.000000 0.087684 5.523430
 1262.000000 0.094158 5.068916
 1263.000000 0.092136 4.903323
 1264.000000 0.096361 5.158856
 1265.000000 0.093233 6.128218
 1266.000000 0.088968 5.885878
 1267.000000 0.099050 5.627647
 1268.000000 0.084895 5.844710
 1269.000000 0.093580 6.087522
 1270.000000 0.086890 6.643104
 1271.000000 0.092851 4.559227
 1272.000000 0.095244 4.516498
 1273.000000 0.085443 4.237530
 1274.000000 0.087432 5.109247
 1275.000000 0.091640 4.512477
 1276.000000 0.088146 4.102315
 1277.000000 0.091902 2.847061
 1278.000000 0.090600 3.010050
 1279.000000 0.089963 2.342691
 1280.000000 0.090461 2.367986
 1281.000000 0.089458 2.702604
 1282.000000 0.088568 2.342482
 1283.000000 0.085158 2.959444
 1284.000000 0.091231 2.266190
 1285.000000 0.083865 2.233148
 1286.000000 0.093043 3.175901
 1287.000000 0.097434 3.166479
 1288.000000 0.094755 3.309713
 1289.000000 0.089283 2.594669
 1290.000000 0.089507 2.193073
 1291.000000 0.088406 2.631052
 1292.000000 0.090389 2.842540
 1293.000000 0.090252 2.581337
 1294.000000 0.096539 3.106452
 1295.000000 0.093453 2.290819
 1296.000000 0.098537 3.432105
 1297.000000 0.097157 3.344850
 1298.000000 0.102090 2.261262
 1299.000000 0.088448 2.756169
 1300.000000 0.097178 2.929895
 1301.000000 0.095436 2.521537
 1302.000000 0.095062 2.610376
 1303.000000 0.097232 3.110305
 1304.000000 0.105180 1.786036
 1305.000000 0.093658 2.160795
 1306.000000 0.096473 2.911726
 1307.000000 0.091115 3.124246
 1308.000000 0.092161 3.560343
 1309.000000 0.089476 3.795575
 1310.000000 0.094312 3.302340
 1311.000000 0.089583 3.812477
 1312.000000 0.093469 3.742451
 1313.000000 0.095859 3.770122
 1314.000000 0.095254 3.728485
 1315.000000 0.098769 1.854705
 1316.000000 0.111799 1.541658
 1317.000000 0.110912 2.027781
 1318.000000 0.095370 2.754430
 1319.000000 0.099423 2.261584
 1320.000000 0.100005 2.292243
 1321.000000 0.090503 1.626255
 1322.000000 0.100102 1.015518
 1323.000000 0.097257 2.218604
 1324.000000 0.092647 2.444382
 1325.000000 0.101846 2.036788
 1326.000000 0.107343 2.237134
 1327.000000 0.105305 1.786389
 1328.000000 0.114213 2.449038
 1329.000000 0.144204 1.835057
 1330.000000 0.127673 1.553933
 1331.000000 0.138097 1.537259
 1332.000000 0.165067 1.101739
 1333.000000 0.158114 1.103747
 1334.000000 0.167956 1.199175
 1335.000000 0.125886 1.380158
 1336.000000 0.120383 1.594116
 1337.000000 0.134559 1.207950
 1338.000000 0.091957 0.873752
 1339.000000 0.093477 1.291668
 1340.000000 0.096053 1.144974
 1341.000000 0.097311 0.752672
 1342.000000 0.096427 0.490455
 1343.000000 0.095952 0.587275
 1344.000000 0.096325 0.691269
 1345.000000 0.092507 0.464806
 1346.000000 0.087722 0.338451
 1347.000000 0.090979 0.321569
 1348.000000 0.093579 0.304427
 1349.000000 0.095319 0.357658
 1350.000000 0.084969 0.286839
 1351.000000 0.123571 0.180808
 1352.000000 0.090493 0.107782
 1353.000000 0.123902 0.143001
 1354.000000 0.122397 0.071302
 1355.000000 0.107243 0.265129
 1356.000000 0.106650 0.313545
 1357.000000 0.107119 0.441411
 1358.000000 0.109647 0.350274
 1359.000000 0.105916 0.424595
 1360.000000 0.097638 0.300435
 1361.000000 0.089707 0.242989
 1362.000000 0.094988 0.340341
 1363.000000 0.086030 0.138190
 1364.000000 0.092225 0.037508
 1365.000000 0.080231 0.023570
 1366.000000 0.092684 0.028192
 1367.000000 0.078907 0.020398
 1368.000000 0.071359 0.019764
 1369.000000 0.079196 0.024636
 1370.000000 0.096887 0.040032
 1371.000000 0.099296 0.086183
 1372.000000 0.089101 0.063303
 1373.000000 0.106370 0.051310
 1374.000000 0.098168 0.051231
 1375.000000 0.086289 0.029486
 1376.000000 0.121040 0.049341
 1377.000000 0.119620 0.049792
 1378.000000 0.094855 0.032948
 1379.000000 0.121630 0.059795
 1380.000000 0.115129 0.088430
 1381.000000 0.114327 0.069673
 1382.000000 0.141894 0.078046
 1383.000000 0.164014 0.059528
 1384.000000 0.157637 0.049191
 1385.000000 0.127740 0.074450
 1386.000000 0.134128 0.155520
 1387.000000 0.097583 0.088364
 1388.000000 0.104568 0.068329
 1389.000000 0.097204 0.076042
 1390.000000 0.105820 0.051599
 1391.000000 0.094566 0.045399
 1392.000000 0.070258 0.019787
 1393.000000 0.056644 0.015460
 1394.000000 0.078843 0.019536
 1395.000000 0.068389 0.019238
 1396.000000 0.098103 0.025264
 1397.000000 0.091565 0.026089
 1398.000000 0.086749 0.029603
 1399.000000 0.088720 0.031392
 1400.000000 0.094174 0.033503
 1401.000000 0.099019 0.051135
 1402.000000 0.088872 0.026835
 1403.000000 0.094643 0.034228
 1404.000000 0.130635 0.040525
 1405.000000 0.133675 0.045212
 1406.000000 0.147163 0.041503
 1407.000000 0.097316 0.049692
 1408.000000 0.091050 0.059822
 1409.000000 0.110339 0.055370
 1410.000000 0.099836 0.060136
 1411.000000 0.102614 0.069560
 1412.000000 0.106524 0.057893
 1413.000000 0.107269 0.076095
 1414.000000 0.114342 0.067347
 1415.000000 0.100015 0.128543
 1416.000000 0.108711 0.128224
 1417.000000 0.113224 0.174045
 1418.000000 0.105952 0.238935
 1419.000000 0.101193 0.189173
 1420.000000 0.109771 0.165116
 1421.000000 0.109344 0.322953
 1422.000000 0.113417 0.106894
 1423.000000 0.116277 0.105757
 1424.000000 0.099460 0.096214
 1425.000000 0.115313 0.181006
 1426.000000 0.121895 0.108395
 1427.000000 0.144397 0.088296
 1428.000000 0.114026 0.080797
 1429.000000 0.100609 0.085790
 1430.000000 0.095080 0.119823
 1431.000000 0.106403 0.136116
 1432.000000 0.115324 0.120290
 1433.000000 0.102343 0.144515
 1434.000000 0.117107 0.118284
 1435.000000 0.135323 0.108274
 1436.000000 0.095033 0.130123
 1437.000000 0.098244 0.103022
 1438.000000 0.091517 0.103434
 1439.000000 0.091960 0.124436
 1440.000000 0.092879 0.104241
 1441.000000 0.103968 0.073605
 1442.000000 0.092948 0.085954
 1443.000000 0.090205 0.088560
 1444.000000 0.094653 0.157476
 1445.000000 0.095062 0.143237
 1446.000000 0.097163 0.130454
 1447.000000 0.105323 0.130425
 1448.000000 0.108658 0.086428
 1449.000000 0.097099 0.052577
 1450.000000 0.095515 0.069443
 1451.000000 0.098835 0.061382
 1452.000000 0.088612 0.061098
 1453.000000 0.112582 0.063277
 1454.000000 0.110713 0.070960
 1455.000000 0.482167 0.074893
 1456.000000 1.466091 0.074841
 1457.000000 2.020416 0.090853
 1458.000000 1.323432 0.124324
 1459.000000 1.754363 0.080471
 1460.000000 1.224356 0.072669
 1461.000000 1.467007 0.092159
 1462.000000 1.513804 0.102489
 1463.000000 1.213206 0.092891
 1464.000000 0.109110 0.079844
 1465.000000 0.125274 0.093721
 1466.000000 0.112821 0.069435
 1467.000000 0.097858 0.059367
 1468.000000 0.099348 0.054556
 1469.000000 0.096179 0.060543
 1470.000000 0.100881 0.044537
 1471.000000 0.093319 0.040851
 1472.000000 0.088580 0.037288
 1473.000000 0.083507 0.036580
 1474.000000 0.092508 0.040617
 1475.000000 0.086761 0.042978
 1476.000000 0.089707 0.047138
 1477.000000 0.095099 0.062184
 1478.000000 0.127548 0.077599
 1479.000000 0.095650 0.053955
 1480.000000 0.092724 0.049930
 1481.000000 0.093808 0.053329
 1482.000000 0.094480 0.063246
 1483.000000 0.086847 0.062446
 1484.000000 0.089084 0.060981
 1485.000000 0.085238 0.051816
 1486.000000 0.108147 0.064550
 1487.000000 0.100478 0.082901
 1488.000000 0.094857 0.073781
 1489.000000 0.100783 0.070611
 1490.000000 0.097286 0.072441
 1491.000000 0.105708 0.057201
 1492.000000 0.087666 0.055462
 1493.000000 0.101941 0.082925
 1494.000000 0.090196 0.040000
 1495.000000 0.097018 0.044312
 1496.000000 0.094510 0.032321
 1497.000000 0.086180 0.037191
 1498.000000 0.089790 0.035212
 1499.000000 0.082486 0.028968
 1500.000000 0.081407 0.023710
 1501.000000 0.084627 0.030278
 1502.000000 0.077546 0.024600
 1503.000000 0.077167 0.021471
 1504.000000 0.080372 0.022387
 1505.000000 0.081732 0.023188
 1506.000000 0.086921 0.025658
 1507.000000 0.117173 0.048470
 1508.000000 0.109160 0.057516
 1509.000000 0.105493 0.050661
 1510.000000 0.102252 0.070781
 1511.000000 0.106525 0.193358
 1512.000000 0.097722 0.053607
 1513.000000 0.107573 0.061482
 1514.000000 0.101272 0.047556
 1515.000000 0.098964 0.036872
 1516.000000 0.088755 0.035718
 1517.000000 0.097767 0.030864
 1518.000000 0.101512 0.037145
 1519.000000 0.114421 0.040726
 1520.000000 0.102360 0.055404
 1521.000000 0.106653 0.061343
 1522.000000 0.104425 0.063613
 1523.000000 0.125487 0.083884
 1524.000000 0.123425 0.153996
 1525.000000 0.112825 0.108776
 1526.000000 0.108265 0.131123
 1527.000000 0.112227 0.111677
 1528.000000 0.107873 0.263686
 1529.000000 0.115206 0.104174
 1530.000000 0.104859 0.058415
 1531.000000 0.108595 0.059676
 1532.000000 0.129687 0.062818
 1533.000000 0.117850 0.052727
 1534.000000 0.106040 0.047549
 1535.000000 0.102186 0.059663
 1536.000000 0.094565 0.080826
 1537.000000 0.100272 0.039646
 1538.000000 0.096471 0.044279
 1539.000000 0.091621 0.068130
 1540.000000 0.105008 0.052413
 1541.000000 0.092533 0.035277
 1542.000000 0.106498 0.070028
 1543.000000 0.106837 0.044206
 1544.000000 0.099445 0.037936
 1545.000000 0.104267 0.049525
 1546.000000 0.107298 0.045911
 1547.000000 0.095941 0.040692
 1548.000000 0.108776 0.041869
 1549.000000 0.094755 0.030940
 1550.000000 0.091408 0.025887
 1551.000000 0.068256 0.018795
 1552.000000 0.070728 0.018902
 1553.000000 0.067880 0.018288
 1554.000000 0.073137 0.018671
 1555.000000 0.083454 0.024562
 1556.000000 0.082123 0.025253
 1557.000000 0.083894 0.026259
 1558.000000 0.089663 0.032170
 1559.000000 0.087899 0.039994
 1560.000000 0.099271 0.049950
 1561.000000 0.085681 0.071206
 1562.000000 0.085366 0.059839
 1563.000000 0.106666 0.070016
 1564.000000 0.106108 0.066858
 1565.000000 0.141018 0.108845
 1566.000000 0.115502 0.251337
 1567.000000 0.113024 0.285016
 1568.000000 0.102714 0.270228
 1569.000000 0.108201 0.403092
 1570.000000 0.106661 0.357361
 1571.000000 0.106732 0.478029
 1572.000000 0.101656 0.402485
 1573.000000 0.154768 0.399496
 1574.000000 0.176367 0.292872
 1575.000000 0.157856 0.267922
 1576.000000 0.111116 0.301881
 1577.000000 0.122181 0.232823
 1578.000000 0.148482 0.448462
 1579.000000 0.124301 0.379322
 1580.000000 0.136636 0.485146
 1581.000000 0.106575 0.566373
 1582.000000 0.100194 0.729264
 1583.000000 0.110660 0.798587
 1584.000000 0.114746 0.845640
 1585.000000 0.129136 0.456182
 1586.000000 0.132056 0.766363
 1587.000000 0.124769 0.725669
 1588.000000 0.135355 0.698096
 1589.000000 0.141442 0.649694
 1590.000000 0.123187 0.418446
 1591.000000 0.116328 0.565308
 1592.000000 0.104968 0.512898
 1593.000000 0.120972 0.433217
 1594.000000 0.114861 0.286944
 1595.000000 0.133766 0.194498
 1596.000000 0.123516 0.113278
 1597.000000 0.089327 0.070973
 1598.000000 0.092554 0.040819
 1599.000000 0.110191 0.059394
 1600.000000 0.097476 0.059172
 1601.000000 0.101627 0.058407
 1602.000000 0.105542 0.093670
 1603.000000 0.104142 0.080460
 1604.000000 0.091227 0.146780
 1605.000000 0.098889 0.144531
 1606.000000 0.094502 0.139424
 1607.000000 0.097710 0.111412
 1608.000000 0.105591 0.129013
 1609.000000 0.175860 0.117525
 1610.000000 0.186686 0.129154
 1611.000000 0.263745 0.158124
 1612.000000 0.145470 0.192827
 1613.000000 0.227195 0.199147
 1614.000000 0.210218 0.128089
 1615.000000 0.237163 0.195144
 1616.000000 0.149382 0.166656
 1617.000000 0.163669 0.234928
 1618.000000 0.106226 0.349579
 1619.000000 0.098418 0.353286
 1620.000000 0.100422 0.365599
 1621.000000 0.094663 0.502947
 1622.000000 0.099614 0.359226
 1623.000000 0.108155 0.182798
 1624.000000 0.099901 0.210590
 1625.000000 0.113027 0.292750
 1626.000000 0.116257 0.109201
 1627.000000 0.121038 0.238331
 1628.000000 0.120202 0.343487
 1629.000000 0.138303 0.217669
 1630.000000 0.119496 0.125647
 1631.000000 0.128297 0.152366
 1632.000000 0.113640 0.199528
 1633.000000 0.123626 0.203728
 1634.000000 0.115399 0.233949
 1635.000000 0.108765 0.200924
 1636.000000 0.109375 0.234366
 1637.000000 0.107262 0.212254
 1638.000000 0.112769 0.193802
 1639.000000 0.103887 0.173904
 1640.000000 0.098648 0.129649
 1641.000000 0.096937 0.117699
 1642.000000 0.106834 0.125612
 1643.000000 0.123056 0.136203
 1644.000000 0.111126 0.139249
 1645.000000 0.113994 0.160650
 1646.000000 0.118653 0.135623
 1647.000000 0.120071 0.098045
 1648.000000 0.115104 0.097631
 1649.000000 0.104506 0.082620
 1650.000000 0.106370 0.095734
 1651.000000 0.106844 0.070471
 1652.000000 0.108060 0.074236
 1653.000000 0.095006 0.074637
 1654.000000 0.093644 0.055673
 1655.000000 0.091276 0.047929
 1656.000000 0.103456 0.041281
 1657.000000 0.084541 0.040811
 1658.000000 0.130924 0.079292
 1659.000000 0.125481 0.061878
 1660.000000 0.109387 0.066172
 1661.000000 0.115177 0.142527
 1662.000000 0.143728 0.094601
 1663.000000 0.129040 0.099921
 1664.000000 0.108835 0.079600
 1665.000000 0.101202 0.063143
 1666.000000 0.107157 0.116017
 1667.000000 0.109958 0.155736
 1668.000000 0.132240 0.133327
 1669.000000 0.214114 0.108092
 1670.000000 0.121854 0.103286
 1671.000000 0.110961 0.102672
 1672.000000 0.112305 0.158168
 1673.000000 0.113142 0.178180
 1674.000000 0.136995 0.062659
 1675.000000 0.106356 0.085375
 1676.000000 0.149445 0.104021
 1677.000000 0.103948 0.131101
 1678.000000 0.105891 0.114475
 1679.000000 0.108361 0.104631
 1680.000000 0.122587 0.105040
 1681.000000 0.115651 0.094815
 1682.000000 0.114132 0.089333
 1683.000000 0.117119 0.095150
 1684.000000 0.109121 0.085896
 1685.000000 0.107283 0.085817
 1686.000000 0.116264 0.210121
 1687.000000 0.115465 0.136399
 1688.000000 0.122278 0.183994
 1689.000000 0.108785 0.104565
 1690.000000 0.163330 0.156270
 1691.000000 0.680651 0.081124
 1692.000000 0.727482 0.147873
 1693.000000 0.142887 0.073636
 1694.000000 0.158480 0.070327
 1695.000000 0.633994 0.067746
 1696.000000 0.685813 0.090659
 1697.000000 0.346434 0.093157
 1698.000000 0.114155 0.046978
 1699.000000 0.108254 0.120201
 1700.000000 0.113314 0.238223
 1701.000000 0.104359 0.091822
 1702.000000 0.168228 0.103995
 1703.000000 0.134580 0.071497
 1704.000000 0.108708 0.065254
 1705.000000 0.098611 0.056780
 1706.000000 0.103794 0.045222
 1707.000000 0.096584 0.066762
 1708.000000 0.097522 0.055522
 1709.000000 0.101930 0.082995
 1710.000000 0.098621 0.166554
 1711.000000 0.111452 0.193971
 1712.000000 0.108844 0.099667
 1713.000000 0.108235 0.168050
 1714.000000 0.112185 0.119756
 1715.000000 0.101646 0.072785
 1716.000000 0.122095 0.154631
 1717.000000 0.116409 0.165547
 1718.000000 0.104297 0.219853
 1719.000000 0.102265 0.199460
 1720.000000 0.105244 0.113544
 1721.000000 0.101493 0.093156
 1722.000000 0.108486 0.135638
 1723.000000 0.107515 0.105951
 1724.000000 0.114506 0.107599
 1725.000000 0.119938 0.144778
 1726.000000 0.115022 0.143824
 1727.000000 0.108993 0.181421
 1728.000000 0.110507 0.253833
 1729.000000 0.119086 0.173698
 1730.000000 0.099077 0.127195
 1731.000000 0.099498 0.147451
 1732.000000 0.102264 0.140196
 1733.000000 0.110152 0.168133
 1734.000000 0.108027 0.145783
 1735.000000 0.131971 0.197063
 1736.000000 0.115222 0.150882
 1737.000000 0.114551 0.139758
 1738.000000 0.107074 0.162549
 1739.000000 0.136172 0.115969
 1740.000000 0.117772 0.110595
 1741.000000 0.136312 0.147693
 1742.000000 0.123264 0.154295
 1743.000000 0.139332 0.106612
 1744.000000 0.165199 0.156014
 1745.000000 0.126098 0.237075
 1746.000000 0.113373 0.150858
 1747.000000 0.122608 0.247142
 1748.000000 0.132089 0.226789
 1749.000000 0.123615 0.147946
 1750.000000 0.112169 0.165313
 1751.000000 0.123104 0.121446
 1752.000000 0.115309 0.080538
 1753.000000 0.119130 0.087824
 1754.000000 0.104661 0.112174
 1755.000000 0.100962 0.073633
 1756.000000 0.102184 0.087996
 1757.000000 0.102849 0.098019
 1758.000000 0.097287 0.079579
 1759.000000 0.090385 0.065417
 1760.000000 0.104117 0.093462
 1761.000000 0.100237 0.069120
 1762.000000 0.101684 0.069555
 1763.000000 0.105625 0.111928
 1764.000000 0.117961 0.153899
 1765.000000 0.109645 0.149109
 1766.000000 0.104785 0.221142
 1767.000000 0.115202 0.148678
 1768.000000 0.108505 0.085447
 1769.000000 0.096534 0.062842
 1770.000000 0.091290 0.073292
 1771.000000 0.096490 0.077846
 1772.000000 0.102424 0.073440
 1773.000000 0.113078 0.073445
 1774.000000 0.110965 0.076728
 1775.000000 0.143986 0.134114
 1776.000000 0.117274 0.183456
 1777.000000 0.122908 0.204891
 1778.000000 0.105526 0.130973
 1779.000000 0.103149 0.105409
 1780.000000 0.113778 0.066544
 1781.000000 0.109241 0.062208
 1782.000000 0.110738 0.067041
 1783.000000 0.118592 0.067196
 1784.000000 0.090775 0.065631
 1785.000000 0.102345 0.061463
 1786.000000 0.093996 0.053736
 1787.000000 0.105641 0.042878
 1788.000000 0.090573 0.054588
 1789.000000 0.113658 0.143694
 1790.000000 0.099943 0.049958
 1791.000000 0.090793 0.061644
 1792.000000 0.095116 0.151698
 1793.000000 0.097005 0.061274
 1794.000000 0.095109 0.067967
 1795.000000 0.103802 0.081269
 1796.000000 0.109877 0.071694
 1797.000000 0.101391 0.079919
 1798.000000 0.099274 0.069632
 1799.000000 0.099748 0.076974
 1800.000000 0.105664 0.068170
 1801.000000 0.107233 0.077949
 1802.000000 0.107497 0.053726
 1803.000000 0.145621 0.057559
 1804.000000 0.107448 0.066760
 1805.000000 0.105401 0.068767
 1806.000000 0.093152 0.068652
 1807.000000 0.099008 0.067038
 1808.000000 0.097732 0.069591
 1809.000000 0.100624 0.076481
 1810.000000 0.119145 0.057628
 1811.000000 0.127522 0.061008
 1812.000000 0.097032 0.066472
 1813.000000 0.114046 0.078307
 1814.000000 0.110019 0.073182
 1815.000000 0.097163 0.044542
 1816.000000 0.104834 0.046888
 1817.000000 0.114127 0.041587
 1818.000000 0.120149 0.085868
 1819.000000 0.122582 0.071219
 1820.000000 0.108234 0.116003
 1821.000000 0.118440 0.080080
 1822.000000 0.107153 0.095481
 1823.000000 0.114062 0.091104
 1824.000000 0.119187 0.093593
 1825.000000 0.123663 0.102821
 1826.000000 0.134518 0.143672
 1827.000000 0.136297 0.196382
 1828.000000 0.117188 0.101769
 1829.000000 0.128061 0.092410
 1830.000000 0.106887 0.073268
 1831.000000 0.091892 0.053312
 1832.000000 0.094785 0.045968
 1833.000000 0.106125 0.127032
 1834.000000 0.113582 0.098957
 1835.000000 0.101496 0.054398
 1836.000000 0.101917 0.041446
 1837.000000 0.109649 0.053850
 1838.000000 0.121443 0.071815
 1839.000000 0.117298 0.072858
 1840.000000 0.091148 0.079794
 1841.000000 0.096784 0.123158
 1842.000000 0.096677 0.084891
 1843.000000 0.096981 0.151955
 1844.000000 0.095578 0.149380
 1845.000000 0.097522 0.203120
 1846.000000 0.093467 0.492831
 1847.000000 0.084648 0.524737
 1848.000000 0.092727 0.800813
 1849.000000 0.086337 0.449274
 1850.000000 0.092138 0.426209
 1851.000000 0.091789 0.464807
 1852.000000 0.093619 0.687928
 1853.000000 0.088104 0.511100
 1854.000000 0.087590 0.561518
 1855.000000 0.094183 0.527144
 1856.000000 0.088195 0.637269
 1857.000000 0.093749 0.376525
 1858.000000 0.093782 0.457417
 1859.000000 0.096570 0.389246
 1860.000000 0.095436 0.325301
 1861.000000 0.098830 0.118136
 1862.000000 0.109672 0.289116
 1863.000000 0.102501 0.285279
 1864.000000 0.115259 0.180554
 1865.000000 0.112941 0.224737
 1866.000000 0.111716 0.199543
 1867.000000 0.111339 0.218821
 1868.000000 0.104432 0.144790
 1869.000000 0.098587 0.154141
 1870.000000 0.105609 0.208236
 1871.000000 0.104405 0.147876
 1872.000000 0.106425 0.156068
 1873.000000 0.097745 0.205658
 1874.000000 0.099482 0.210131
 1875.000000 0.096903 0.102655
 1876.000000 0.096562 0.244211
 1877.000000 0.096732 0.268223
 1878.000000 0.116539 0.267417
 1879.000000 0.097585 0.327047
 1880.000000 0.099969 0.323868
 1881.000000 0.090436 0.378977
 1882.000000 0.095632 0.532479
 1883.000000 0.091168 0.354707
 1884.000000 0.099971 0.332047
 1885.000000 0.092621 0.379580
 1886.000000 0.094240 0.388589
 1887.000000 0.105858 0.388542
 1888.000000 0.089374 0.362295
 1889.000000 0.109284 0.337437
 1890.000000 0.117324 0.302960
 1891.000000 0.095191 0.258426
 1892.000000 0.103913 0.053601
 1893.000000 0.103707 0.069176
 1894.000000 0.112625 0.052644
 1895.000000 0.103697 0.051066
 1896.000000 0.102826 0.044382
 1897.000000 0.095678 0.046183
 1898.000000 0.093433 0.047930
 1899.000000 0.091433 0.093683
 1900.000000 0.127218 0.074849
 1901.000000 0.100732 0.058751
 1902.000000 0.106488 0.067190
 1903.000000 0.099145 0.040423
 1904.000000 0.096064 0.092971
 1905.000000 0.104689 0.040249
 1906.000000 0.086831 0.047577
 1907.000000 0.090621 0.072335
 1908.000000 0.091546 0.065659
 1909.000000 0.102512 0.078785
 1910.000000 0.120060 0.046816
 1911.000000 0.113721 0.033685
 1912.000000 0.195254 0.044628
 1913.000000 0.155612 0.041016
 1914.000000 0.161933 0.049658
 1915.000000 0.181202 0.049025
 1916.000000 0.171127 0.045841
 1917.000000 0.151454 0.046051
 1918.000000 0.148472 0.049151
 1919.000000 0.166150 0.051345
 1920.000000 0.394690 0.055027
 1921.000000 0.952688 0.052459
 1922.000000 0.986038 0.053878
 1923.000000 0.136456 0.058543
 1924.000000 0.166421 0.060752
 1925.000000 0.170119 0.062973
 1926.000000 0.142867 0.058194
 1927.000000 0.596309 0.064757
 1928.000000 0.369434 0.087798
 1929.000000 0.148691 0.350633
 1930.000000 0.107703 0.123242
 1931.000000 0.100734 0.138942
 1932.000000 0.106708 0.140791
 1933.000000 0.107912 0.308764
 1934.000000 0.113478 0.403443
 1935.000000 0.097347 0.413501
 1936.000000 0.100451 0.436080
 1937.000000 0.101412 0.502972
 1938.000000 0.096526 0.491694
 1939.000000 0.093969 0.583954
 1940.000000 0.108048 0.674392
 1941.000000 0.098633 0.540069
 1942.000000 0.105081 0.529139
 1943.000000 0.097762 0.579419
 1944.000000 0.097187 0.914597
 1945.000000 0.097168 0.981144
 1946.000000 0.087288 1.933893
 1947.000000 0.088453 0.886617
 1948.000000 0.088656 1.300921
 1949.000000 0.090700 1.354465
 1950.000000 0.087013 1.683003
 1951.000000 0.087392 1.604552
 1952.000000 0.090827 1.598675
 1953.000000 0.091050 1.855261
 1954.000000 0.099599 1.003112
 1955.000000 0.103608 0.891404
 1956.000000 0.093853 0.658440
 1957.000000 0.115081 0.466168
 1958.000000 0.112931 0.626432
 1959.000000 0.105465 0.181749
 1960.000000 0.100463 0.094457
 1961.000000 0.097816 0.077756
 1962.000000 0.102584 0.074135
 1963.000000 0.122128 0.072416
 1964.000000 0.112553 0.071098
 1965.000000 0.168822 0.145688
 1966.000000 0.148902 0.058250
 1967.000000 0.097405 0.041728
 1968.000000 0.091203 0.032321
 1969.000000 0.087287 0.026962
 1970.000000 0.099111 0.025935
 1971.000000 0.083080 0.025723
 1972.000000 0.099471 0.039569
 1973.000000 0.111882 0.038898
 1974.000000 0.085201 0.036888
 1975.000000 0.089032 0.039367
 1976.000000 0.084639 0.032585
 1977.000000 0.091779 0.037739
 1978.000000 0.097466 0.056281
 1979.000000 0.096367 0.067086
 1980.000000 0.118968 0.108753
 1981.000000 0.112909 0.132956
 1982.000000 0.103900 0.133768
 1983.000000 0.106107 0.142755
 1984.000000 0.100919 0.330925
 1985.000000 0.105618 0.193911
 1986.000000 0.108275 0.289507
 1987.000000 0.102117 0.290850
 1988.000000 0.107486 0.238413
 1989.000000 0.109305 0.241749
 1990.000000 0.104275 0.247118
 1991.000000 0.098900 0.263076
 1992.000000 0.108605 0.301908
 1993.000000 0.102953 0.192466
 1994.000000 0.102440 0.247397
 1995.000000 0.104365 0.257484
 1996.000000 0.091157 0.357343
 1997.000000 0.104958 0.263681
 1998.000000 0.100879 0.216803
 1999.000000 0.092971 0.207193
 2000.000000 0.096674 0.213983
 2001.000000 0.097911 0.208981
 2002.000000 0.098653 0.258856
 2003.000000 0.125402 0.201971
 2004.000000 0.107354 0.327362
 2005.000000 0.111105 0.355779
 2006.000000 0.125539 0.758103
 2007.000000 0.121339 0.630827
 2008.000000 0.111626 0.686858
 2009.000000 0.125602 0.696354
 2010.000000 0.113806 0.705591
 2011.000000 0.115722 0.493016
 2012.000000 0.117077 0.537883
 2013.000000 0.153244 0.333841
 2014.000000 0.127275 0.349491
 2015.000000 0.146407 0.447825
 2016.000000 0.122780 0.598048
 2017.000000 0.120711 0.524617
 2018.000000 0.119854 0.666882
 2019.000000 0.136369 0.492426
 2020.000000 0.120466 1.155178
 2021.000000 0.130358 1.290417
 2022.000000 0.120687 0.990111
 2023.000000 0.127975 1.037584
 2024.000000 0.124566 1.136134
