#! FIELDS time t1 t2
#! SET min_t1 -pi
#! SET max_t1 pi
#! SET min_t2 -pi
#! SET max_t2 pi
 0.000000 -1.553501 -1.553501
 1.000000 -1.122330 -1.122330
 2.000000 -1.075468 -1.075468
 3.000000 -1.090167 -1.090167
 4.000000 -1.104332 -1.104332
 5.000000 -1.013200 -1.013200
 6.000000 -1.014224 -1.014224
 7.000000 -1.113442 -1.113442
 8.000000 -0.160996 -0.160996
 9.000000 -1.228469 -1.228469
 10.000000 -2.470324 -2.470324
 11.000000 -1.126411 -1.126411
 12.000000 -0.953731 -0.953731
 13.000000 -2.383547 -2.383547
 14.000000 -0.883750 -0.883750
 15.000000 -0.896353 -0.896353
 16.000000 -2.076493 -2.076493
 17.000000 -1.621132 -1.621132
 18.000000 -1.035152 -1.035152
 19.000000 -1.381348 -1.381348
 20.000000 -1.288863 -1.288863
 21.000000 -1.334880 -1.334880
 22.000000 -0.935215 -0.935215
 23.000000 -2.280138 -2.280138
 24.000000 -1.302827 -1.302827
 25.000000 -1.337544 -1.337544
 26.000000 -1.370644 -1.370644
 27.000000 -1.226913 -1.226913
 28.000000 -1.122314 -1.122314
 29.000000 -1.547447 -1.547447
 30.000000 -2.140793 -2.140793
 31.000000 -0.572675 -0.572675
 32.000000 -1.768088 -1.768088
 33.000000 -1.210307 -1.210307
 34.000000 -1.211036 -1.211036
 35.000000 -0.619364 -0.619364
 36.000000 -1.172453 -1.172453
 37.000000 -1.852602 -1.852602
 38.000000 -0.710575 -0.710575
 39.000000 -1.954556 -1.954556
 40.000000 -1.023869 -1.023869
 41.000000 -2.275457 -2.275457
 42.000000 -1.040565 -1.040565
 43.000000 -1.104881 -1.104881
 44.000000 -1.031088 -1.031088
 45.000000 -1.224654 -1.224654
 46.000000 -1.254601 -1.254601
 47.000000 -1.288290 -1.288290
 48.000000 -1.356866 -1.356866
 49.000000 -1.260195 -1.260195
 50.000000 -1.710822 -1.710822
 51.000000 -1.418867 -1.418867
 52.000000 -1.048578 -1.048578
 53.000000 -1.347607 -1.347607
 54.000000 -1.958271 -1.958271
 55.000000 -1.519760 -1.519760
 56.000000 -1.672943 -1.672943
 57.000000 -1.801735 -1.801735
 58.000000 -1.339838 -1.339838
 59.000000 -1.856282 -1.856282
 60.000000 -2.406123 -2.406123
 61.000000 -1.115230 -1.115230
 62.000000 -1.073184 -1.073184
 63.000000 -1.109971 -1.109971
 64.000000 -1.692143 -1.692143
 65.000000 -1.438035 -1.438035
 66.000000 -2.310866 -2.310866
 67.000000 -2.132361 -2.132361
 68.000000 -1.817251 -1.817251
 69.000000 -0.933822 -0.933822
 70.000000 -1.314005 -1.314005
 71.000000 -0.914518 -0.914518
 72.000000 -1.023105 -1.023105
 73.000000 -1.475635 -1.475635
 74.000000 -1.697962 -1.697962
 75.000000 -1.060860 -1.060860
 76.000000 -1.212954 -1.212954
 77.000000 -0.957845 -0.957845
 78.000000 -2.641430 -2.641430
 79.000000 -1.137218 -1.137218
 80.000000 -1.058879 -1.058879
 81.000000 -1.340376 -1.340376
 82.000000 -1.012800 -1.012800
 83.000000 -1.360103 -1.360103
 84.000000 -1.171317 -1.171317
 85.000000 1.168124 1.168124
 86.000000 1.225114 1.225114
 87.000000 1.437003 1.437003
 88.000000 0.991784 0.991784
 89.000000 1.251313 1.251313
 90.000000 1.422568 1.422568
 91.000000 1.032408 1.032408
 92.000000 1.333933 1.333933
 93.000000 1.120002 1.120002
 94.000000 1.461107 1.461107
 95.000000 0.811817 0.811817
 96.000000 -2.877517 -2.877517
 97.000000 -2.307906 -2.307906
 98.000000 -0.965876 -0.965876
 99.000000 -1.988947 -1.988947
 100.000000 -1.643528 -1.643528
 101.000000 -1.281474 -1.281474
 102.000000 -1.769231 -1.769231
 103.000000 -1.713578 -1.713578
 104.000000 -1.900279 -1.900279
 105.000000 -1.032411 -1.032411
 106.000000 -1.412076 -1.412076
 107.000000 -1.553475 -1.553475
 108.000000 -1.996185 -1.996185
 109.000000 -1.805622 -1.805622
 110.000000 -0.898302 -0.898302
 111.000000 -1.414823 -1.414823
 112.000000 -1.897898 -1.897898
 113.000000 -0.527075 -0.527075
 114.000000 -1.579935 -1.579935
 115.000000 -2.183507 -2.183507
 116.000000 -1.842461 -1.842461
 117.000000 -1.012018 -1.012018
 118.000000 -2.236072 -2.236072
 119.000000 -2.452298 -2.452298
 120.000000 -2.844231 -2.844231
 121.000000 -2.530382 -2.530382
 122.000000 -2.777777 -2.777777
 123.000000 -2.287273 -2.287273
 124.000000 -2.713059 -2.713059
 125.000000 -2.466116 -2.466116
 126.000000 -2.389568 -2.389568
 127.000000 -2.649320 -2.649320
 128.000000 -2.435736 -2.435736
 129.000000 -2.762589 -2.762589
 130.000000 -2.805860 -2.805860
 131.000000 -1.190338 -1.190338
 132.000000 -0.678784 -0.678784
 133.000000 -1.080865 -1.080865
 134.000000 -0.965436 -0.965436
 135.000000 -0.909300 -0.909300
 136.000000 -1.152729 -1.152729
 137.000000 -1.135874 -1.135874
 138.000000 -1.972255 -1.972255
 139.000000 -1.031991 -1.031991
 140.000000 -2.315660 -2.315660
 141.000000 -0.980660 -0.980660
 142.000000 -0.845406 -0.845406
 143.000000 -0.969766 -0.969766
 144.000000 -1.310585 -1.310585
 145.000000 -1.406985 -1.406985
 146.000000 -0.970335 -0.970335
 147.000000 -1.135582 -1.135582
 148.000000 -1.023144 -1.023144
 149.000000 -1.052487 -1.052487
 150.000000 -0.922981 -0.922981
 151.000000 -0.926245 -0.926245
 152.000000 -0.932011 -0.932011
 153.000000 -0.846287 -0.846287
 154.000000 -1.430858 -1.430858
 155.000000 -0.882947 -0.882947
 156.000000 -1.161218 -1.161218
 157.000000 -1.112414 -1.112414
 158.000000 -1.222321 -1.222321
 159.000000 -1.141510 -1.141510
 160.000000 -1.258146 -1.258146
 161.000000 -1.149530 -1.149530
 162.000000 -1.737803 -1.737803
 163.000000 -1.186858 -1.186858
 164.000000 -1.302823 -1.302823
 165.000000 -1.431985 -1.431985
 166.000000 -1.553318 -1.553318
 167.000000 -1.277229 -1.277229
 168.000000 -1.523990 -1.523990
 169.000000 -0.974132 -0.974132
 170.000000 -1.459713 -1.459713
 171.000000 -1.352541 -1.352541
 172.000000 -1.160920 -1.160920
 173.000000 -1.336905 -1.336905
 174.000000 -0.837926 -0.837926
 175.000000 -0.864980 -0.864980
 176.000000 -1.199435 -1.199435
 177.000000 -0.921093 -0.921093
 178.000000 -0.769086 -0.769086
 179.000000 -0.539389 -0.539389
 180.000000 -1.662738 -1.662738
 181.000000 -1.314136 -1.314136
 182.000000 -1.135806 -1.135806
 183.000000 -1.189553 -1.189553
 184.000000 -0.930971 -0.930971
 185.000000 -1.162555 -1.162555
 186.000000 -1.810890 -1.810890
 187.000000 -1.039649 -1.039649
 188.000000 -1.855645 -1.855645
 189.000000 -1.201456 -1.201456
 190.000000 -0.930663 -0.930663
 191.000000 -0.983349 -0.983349
 192.000000 -0.839194 -0.839194
 193.000000 -1.427667 -1.427667
 194.000000 -1.537893 -1.537893
 195.000000 -2.182196 -2.182196
 196.000000 -1.129131 -1.129131
 197.000000 -1.380865 -1.380865
 198.000000 -2.087438 -2.087438
 199.000000 -1.061508 -1.061508
 200.000000 -1.058999 -1.058999
 201.000000 -2.531158 -2.531158
 202.000000 -1.626272 -1.626272
 203.000000 -1.328505 -1.328505
 204.000000 -1.848187 -1.848187
 205.000000 -1.510165 -1.510165
 206.000000 -2.234068 -2.234068
 207.000000 -2.353275 -2.353275
 208.000000 -2.062342 -2.062342
 209.000000 -2.363910 -2.363910
 210.000000 -0.835686 -0.835686
 211.000000 -1.032750 -1.032750
 212.000000 -1.312753 -1.312753
 213.000000 -1.670155 -1.670155
 214.000000 -1.552973 -1.552973
 215.000000 -1.189661 -1.189661
 216.000000 -0.706186 -0.706186
 217.000000 -0.855797 -0.855797
 218.000000 -1.543752 -1.543752
 219.000000 -1.574316 -1.574316
 220.000000 -2.503454 -2.503454
 221.000000 -1.407562 -1.407562
 222.000000 -0.241087 -0.241087
 223.000000 -0.994754 -0.994754
 224.000000 -1.496167 -1.496167
 225.000000 -1.174170 -1.174170
 226.000000 -0.986242 -0.986242
 227.000000 -1.401015 -1.401015
 228.000000 -1.495289 -1.495289
 229.000000 -1.826067 -1.826067
 230.000000 -1.563637 -1.563637
 231.000000 -2.224034 -2.224034
 232.000000 -1.889984 -1.889984
 233.000000 -1.413950 -1.413950
 234.000000 -1.168152 -1.168152
 235.000000 -1.134196 -1.134196
 236.000000 -0.914112 -0.914112
 237.000000 -1.671562 -1.671562
 238.000000 -2.053252 -2.053252
 239.000000 -1.525645 -1.525645
 240.000000 -1.096289 -1.096289
 241.000000 -1.185395 -1.185395
 242.000000 -1.049054 -1.049054
 243.000000 -1.082598 -1.082598
 244.000000 -1.451104 -1.451104
 245.000000 -0.927569 -0.927569
 246.000000 -1.033228 -1.033228
 247.000000 -0.909611 -0.909611
 248.000000 -1.594777 -1.594777
 249.000000 -2.387822 -2.387822
 250.000000 -2.183581 -2.183581
 251.000000 -1.154305 -1.154305
 252.000000 -1.747113 -1.747113
 253.000000 -1.143841 -1.143841
 254.000000 -1.085612 -1.085612
 255.000000 -2.602599 -2.602599
 256.000000 -1.124255 -1.124255
 257.000000 -1.401151 -1.401151
 258.000000 -2.294111 -2.294111
 259.000000 -1.883179 -1.883179
 260.000000 -2.804576 -2.804576
 261.000000 -1.608202 -1.608202
 262.000000 -1.662135 -1.662135
 263.000000 -2.367269 -2.367269
 264.000000 -2.972965 -2.972965
 265.000000 -2.302391 -2.302391
 266.000000 -1.533486 -1.533486
 267.000000 -2.809906 -2.809906
 268.000000 -2.836311 -2.836311
 269.000000 -1.665276 -1.665276
 270.000000 -0.884478 -0.884478
 271.000000 -1.883691 -1.883691
 272.000000 -0.874317 -0.874317
 273.000000 -2.600808 -2.600808
 274.000000 -0.919662 -0.919662
 275.000000 -1.894271 -1.894271
 276.000000 -2.027757 -2.027757
 277.000000 -1.382886 -1.382886
 278.000000 -1.768598 -1.768598
 279.000000 -1.113059 -1.113059
 280.000000 -1.824027 -1.824027
 281.000000 -1.035334 -1.035334
 282.000000 -2.435019 -2.435019
 283.000000 -1.542110 -1.542110
 284.000000 -1.376774 -1.376774
 285.000000 -1.443410 -1.443410
 286.000000 -1.601013 -1.601013
 287.000000 -2.036353 -2.036353
 288.000000 -1.233712 -1.233712
 289.000000 -1.173550 -1.173550
 290.000000 -1.189297 -1.189297
 291.000000 -1.149946 -1.149946
 292.000000 -1.681672 -1.681672
 293.000000 -1.069557 -1.069557
 294.000000 -0.974369 -0.974369
 295.000000 -1.084444 -1.084444
 296.000000 -2.114272 -2.114272
 297.000000 -1.431284 -1.431284
 298.000000 -1.174513 -1.174513
 299.000000 -1.447214 -1.447214
 300.000000 -1.063737 -1.063737
 301.000000 -1.734362 -1.734362
 302.000000 -2.499151 -2.499151
 303.000000 -0.442398 -0.442398
 304.000000 -1.258178 -1.258178
 305.000000 -1.158116 -1.158116
 306.000000 -2.672163 -2.672163
 307.000000 -1.009072 -1.009072
 308.000000 -1.011090 -1.011090
 309.000000 -1.168750 -1.168750
 310.000000 -1.896844 -1.896844
 311.000000 -1.510166 -1.510166
 312.000000 -1.771288 -1.771288
 313.000000 -1.246578 -1.246578
 314.000000 -1.774812 -1.774812
 315.000000 -1.671495 -1.671495
 316.000000 -2.062012 -2.062012
 317.000000 -0.939572 -0.939572
 318.000000 -0.957411 -0.957411
 319.000000 -1.824005 -1.824005
 320.000000 -0.941805 -0.941805
 321.000000 -0.840732 -0.840732
 322.000000 -0.829564 -0.829564
 323.000000 -1.243879 -1.243879
 324.000000 -1.037308 -1.037308
 325.000000 -2.178678 -2.178678
 326.000000 -1.458486 -1.458486
 327.000000 -2.472126 -2.472126
 328.000000 -1.362450 -1.362450
 329.000000 -1.699711 -1.699711
 330.000000 -1.242634 -1.242634
 331.000000 -0.856058 -0.856058
 332.000000 -1.180089 -1.180089
 333.000000 -1.684221 -1.684221
 334.000000 -2.140292 -2.140292
 335.000000 -1.029612 -1.029612
 336.000000 -1.328892 -1.328892
 337.000000 -0.998572 -0.998572
 338.000000 -1.561969 -1.561969
 339.000000 -1.734515 -1.734515
 340.000000 -2.070563 -2.070563
 341.000000 -1.459247 -1.459247
 342.000000 -1.147159 -1.147159
 343.000000 -1.120728 -1.120728
 344.000000 -1.953665 -1.953665
 345.000000 -1.099406 -1.099406
 346.000000 -1.020643 -1.020643
 347.000000 -2.136155 -2.136155
 348.000000 -1.204956 -1.204956
 349.000000 -1.581273 -1.581273
 350.000000 -1.429651 -1.429651
 351.000000 -1.162378 -1.162378
 352.000000 -1.297422 -1.297422
 353.000000 -1.035822 -1.035822
 354.000000 -0.973754 -0.973754
 355.000000 -1.029223 -1.029223
 356.000000 -1.151933 -1.151933
 357.000000 -1.099371 -1.099371
 358.000000 -1.050017 -1.050017
 359.000000 -0.923095 -0.923095
 360.000000 -2.075008 -2.075008
 361.000000 -1.116193 -1.116193
 362.000000 -1.223442 -1.223442
 363.000000 -1.691047 -1.691047
 364.000000 -1.357641 -1.357641
 365.000000 -1.994044 -1.994044
 366.000000 -1.480150 -1.480150
 367.000000 -0.984351 -0.984351
 368.000000 -2.339176 -2.339176
 369.000000 -1.538201 -1.538201
 370.000000 -0.935257 -0.935257
 371.000000 -2.217682 -2.217682
 372.000000 -1.286465 -1.286465
 373.000000 -2.243790 -2.243790
 374.000000 -1.159950 -1.159950
 375.000000 -2.196633 -2.196633
 376.000000 -1.247116 -1.247116
 377.000000 -1.536431 -1.536431
 378.000000 -1.539656 -1.539656
 379.000000 -1.077757 -1.077757
 380.000000 -2.117771 -2.117771
 381.000000 -2.055031 -2.055031
 382.000000 -0.935548 -0.935548
 383.000000 -1.359066 -1.359066
 384.000000 -1.168332 -1.168332
 385.000000 1.264996 1.264996
 386.000000 -1.797741 -1.797741
 387.000000 -1.121060 -1.121060
 388.000000 -1.149538 -1.149538
 389.000000 -0.547639 -0.547639
 390.000000 -1.291892 -1.291892
 391.000000 -1.509025 -1.509025
 392.000000 -0.897421 -0.897421
 393.000000 -0.440659 -0.440659
 394.000000 -1.341131 -1.341131
 395.000000 -1.608021 -1.608021
 396.000000 -1.396756 -1.396756
 397.000000 -1.589449 -1.589449
 398.000000 -0.892134 -0.892134
 399.000000 -0.937481 -0.937481
 400.000000 1.318716 1.318716
 401.000000 0.762690 0.762690
 402.000000 1.249335 1.249335
 403.000000 0.975547 0.975547
 404.000000 1.081360 1.081360
 405.000000 1.292842 1.292842
 406.000000 1.296662 1.296662
 407.000000 1.279088 1.279088
 408.000000 1.372880 1.372880
 409.000000 1.234038 1.234038
 410.000000 0.811456 0.811456
 411.000000 -1.943421 -1.943421
 412.000000 -1.520603 -1.520603
 413.000000 -2.693552 -2.693552
 414.000000 -2.506785 -2.506785
 415.000000 -1.034916 -1.034916
 416.000000 -0.962091 -0.962091
 417.000000 -1.287798 -1.287798
 418.000000 -1.214134 -1.214134
 419.000000 -1.318683 -1.318683
 420.000000 -1.041759 -1.041759
 421.000000 -1.707621 -1.707621
 422.000000 -0.883183 -0.883183
 423.000000 -1.497682 -1.497682
 424.000000 -0.821760 -0.821760
 425.000000 -2.232204 -2.232204
 426.000000 -1.221096 -1.221096
 427.000000 -1.258221 -1.258221
 428.000000 -1.995896 -1.995896
 429.000000 -2.236571 -2.236571
 430.000000 -1.433227 -1.433227
 431.000000 -1.894590 -1.894590
 432.000000 -2.271508 -2.271508
 433.000000 -1.678900 -1.678900
 434.000000 -2.245685 -2.245685
 435.000000 -2.398650 -2.398650
 436.000000 -1.402025 -1.402025
 437.000000 -1.977481 -1.977481
 438.000000 -2.144643 -2.144643
 439.000000 -1.917784 -1.917784
 440.000000 -2.147267 -2.147267
 441.000000 -1.973579 -1.973579
 442.000000 -1.887316 -1.887316
 443.000000 -2.154294 -2.154294
 444.000000 -1.698580 -1.698580
 445.000000 -0.955781 -0.955781
 446.000000 -0.900849 -0.900849
 447.000000 -2.116402 -2.116402
 448.000000 -1.713577 -1.713577
 449.000000 -1.249863 -1.249863
 450.000000 -1.569210 -1.569210
 451.000000 -1.084111 -1.084111
 452.000000 -1.893038 -1.893038
 453.000000 -0.857750 -0.857750
 454.000000 -2.512111 -2.512111
 455.000000 -2.180046 -2.180046
 456.000000 -0.492942 -0.492942
 457.000000 -2.457084 -2.457084
 458.000000 -1.397469 -1.397469
 459.000000 -1.365758 -1.365758
 460.000000 -1.058476 -1.058476
 461.000000 -1.222720 -1.222720
 462.000000 -0.819641 -0.819641
 463.000000 -1.350085 -1.350085
 464.000000 -0.817756 -0.817756
 465.000000 -1.212824 -1.212824
 466.000000 -2.347250 -2.347250
 467.000000 -1.188927 -1.188927
 468.000000 -0.991746 -0.991746
 469.000000 -1.375834 -1.375834
 470.000000 -1.959625 -1.959625
 471.000000 -2.826342 -2.826342
 472.000000 -1.238016 -1.238016
 473.000000 -1.079545 -1.079545
 474.000000 -1.530967 -1.530967
 475.000000 -2.192959 -2.192959
 476.000000 -1.883376 -1.883376
 477.000000 -1.233857 -1.233857
 478.000000 -0.685472 -0.685472
 479.000000 -1.183707 -1.183707
 480.000000 -1.119729 -1.119729
 481.000000 -1.298176 -1.298176
 482.000000 -1.191614 -1.191614
 483.000000 -1.726389 -1.726389
 484.000000 -1.867251 -1.867251
 485.000000 -0.974268 -0.974268
 486.000000 -2.486434 -2.486434
 487.000000 -1.230156 -1.230156
 488.000000 -1.604609 -1.604609
 489.000000 -1.554187 -1.554187
 490.000000 -1.095400 -1.095400
 491.000000 -2.089591 -2.089591
 492.000000 -2.391439 -2.391439
 493.000000 -1.966883 -1.966883
 494.000000 -1.635745 -1.635745
 495.000000 -2.350641 -2.350641
 496.000000 -1.115938 -1.115938
 497.000000 -2.017359 -2.017359
 498.000000 -2.390341 -2.390341
 499.000000 -1.857576 -1.857576
 500.000000 -1.370467 -1.370467
 501.000000 -1.592270 -1.592270
 502.000000 -0.858985 -0.858985
 503.000000 -1.131244 -1.131244
 504.000000 -2.617466 -2.617466
 505.000000 -1.515907 -1.515907
 506.000000 -1.860775 -1.860775
 507.000000 -1.817973 -1.817973
 508.000000 -1.115156 -1.115156
 509.000000 -0.801236 -0.801236
 510.000000 -1.213771 -1.213771
 511.000000 -1.534089 -1.534089
 512.000000 -1.960726 -1.960726
 513.000000 -1.134253 -1.134253
 514.000000 -1.945498 -1.945498
 515.000000 -1.236406 -1.236406
 516.000000 -0.980768 -0.980768
 517.000000 -1.699306 -1.699306
 518.000000 -1.890278 -1.890278
 519.000000 -1.865832 -1.865832
 520.000000 -1.608749 -1.608749
 521.000000 -2.716501 -2.716501
 522.000000 -1.894661 -1.894661
 523.000000 -1.688991 -1.688991
 524.000000 -1.610579 -1.610579
 525.000000 -2.095770 -2.095770
 526.000000 -0.997828 -0.997828
 527.000000 -0.671830 -0.671830
 528.000000 -1.790273 -1.790273
 529.000000 -1.066873 -1.066873
 530.000000 -2.216988 -2.216988
 531.000000 1.178154 1.178154
 532.000000 1.372496 1.372496
 533.000000 -1.130653 -1.130653
 534.000000 -1.879203 -1.879203
 535.000000 -1.395882 -1.395882
 536.000000 -2.247481 -2.247481
 537.000000 -2.310602 -2.310602
 538.000000 -1.332474 -1.332474
 539.000000 -1.275441 -1.275441
 540.000000 -0.890775 -0.890775
 541.000000 -0.827224 -0.827224
 542.000000 -1.592648 -1.592648
 543.000000 -1.040562 -1.040562
 544.000000 -1.229706 -1.229706
 545.000000 -0.866594 -0.866594
 546.000000 -1.200739 -1.200739
 547.000000 -1.747138 -1.747138
 548.000000 -1.460241 -1.460241
 549.000000 -1.273315 -1.273315
 550.000000 -2.247672 -2.247672
 551.000000 -1.382047 -1.382047
 552.000000 -1.044925 -1.044925
 553.000000 1.316790 1.316790
 554.000000 0.876770 0.876770
 555.000000 1.147947 1.147947
 556.000000 1.328961 1.328961
 557.000000 1.252373 1.252373
 558.000000 0.872513 0.872513
 559.000000 1.184083 1.184083
 560.000000 1.156066 1.156066
 561.000000 -1.289952 -1.289952
 562.000000 -1.412936 -1.412936
 563.000000 -1.163551 -1.163551
 564.000000 -2.150477 -2.150477
 565.000000 -0.912091 -0.912091
 566.000000 -1.064288 -1.064288
 567.000000 -1.506853 -1.506853
 568.000000 -1.463865 -1.463865
 569.000000 -1.585157 -1.585157
 570.000000 -1.969654 -1.969654
 571.000000 -1.432401 -1.432401
 572.000000 -1.944886 -1.944886
 573.000000 -0.996139 -0.996139
 574.000000 -2.398157 -2.398157
 575.000000 -2.146176 -2.146176
 576.000000 -1.972865 -1.972865
 577.000000 -1.162414 -1.162414
 578.000000 -1.969487 -1.969487
 579.000000 -1.682624 -1.682624
 580.000000 -1.911237 -1.911237
 581.000000 -2.624105 -2.624105
 582.000000 -1.126842 -1.126842
 583.000000 -1.276103 -1.276103
 584.000000 -1.294760 -1.294760
 585.000000 -1.524533 -1.524533
 586.000000 -0.588382 -0.588382
 587.000000 -1.612708 -1.612708
 588.000000 -1.312695 -1.312695
 589.000000 -1.958397 -1.958397
 590.000000 -1.259503 -1.259503
 591.000000 -1.416084 -1.416084
 592.000000 -0.895264 -0.895264
 593.000000 -2.207074 -2.207074
 594.000000 -1.704715 -1.704715
 595.000000 -1.479527 -1.479527
 596.000000 -1.241055 -1.241055
 597.000000 -1.177815 -1.177815
 598.000000 -1.169406 -1.169406
 599.000000 -0.909692 -0.909692
 600.000000 -1.024326 -1.024326
 601.000000 -1.191235 -1.191235
 602.000000 -1.715673 -1.715673
 603.000000 -1.800618 -1.800618
 604.000000 -2.261512 -2.261512
 605.000000 -1.068848 -1.068848
 606.000000 -1.166853 -1.166853
 607.000000 -2.470280 -2.470280
 608.000000 -2.498343 -2.498343
 609.000000 -2.162441 -2.162441
 610.000000 -0.970678 -0.970678
 611.000000 -1.350255 -1.350255
 612.000000 -1.021592 -1.021592
 613.000000 -0.999781 -0.999781
 614.000000 -1.618530 -1.618530
 615.000000 -1.300556 -1.300556
 616.000000 -1.872444 -1.872444
 617.000000 -1.266372 -1.266372
 618.000000 -1.001336 -1.001336
 619.000000 -1.167589 -1.167589
 620.000000 -1.194516 -1.194516
 621.000000 -1.295799 -1.295799
 622.000000 -1.159218 -1.159218
 623.000000 -1.172193 -1.172193
 624.000000 -0.719369 -0.719369
 625.000000 -1.304897 -1.304897
 626.000000 -1.606111 -1.606111
 627.000000 -1.443166 -1.443166
 628.000000 -1.893803 -1.893803
 629.000000 -1.759305 -1.759305
 630.000000 -1.891482 -1.891482
 631.000000 -2.118628 -2.118628
 632.000000 -1.982876 -1.982876
 633.000000 -1.799241 -1.799241
 634.000000 -2.480439 -2.480439
 635.000000 -1.675813 -1.675813
 636.000000 -1.718791 -1.718791
 637.000000 -2.220107 -2.220107
 638.000000 -1.798668 -1.798668
 639.000000 -1.909627 -1.909627
 640.000000 -2.132541 -2.132541
 641.000000 -1.657602 -1.657602
 642.000000 -2.085702 -2.085702
 643.000000 -2.304586 -2.304586
 644.000000 -1.603347 -1.603347
 645.000000 -1.567187 -1.567187
 646.000000 -2.120905 -2.120905
 647.000000 -2.006673 -2.006673
 648.000000 -1.385801 -1.385801
 649.000000 -2.118151 -2.118151
 650.000000 -2.295378 -2.295378
 651.000000 -1.068416 -1.068416
 652.000000 -1.779887 -1.779887
 653.000000 -1.651633 -1.651633
 654.000000 -1.593979 -1.593979
 655.000000 -2.337938 -2.337938
 656.000000 -2.301045 -2.301045
 657.000000 -2.221938 -2.221938
 658.000000 -1.118639 -1.118639
 659.000000 -1.406996 -1.406996
 660.000000 -1.265628 -1.265628
 661.000000 -1.185358 -1.185358
 662.000000 -1.140087 -1.140087
 663.000000 -1.416154 -1.416154
 664.000000 -1.528339 -1.528339
 665.000000 -1.181615 -1.181615
 666.000000 -2.119092 -2.119092
 667.000000 -1.973412 -1.973412
 668.000000 -1.521339 -1.521339
 669.000000 -2.313463 -2.313463
 670.000000 -1.114072 -1.114072
 671.000000 -0.951395 -0.951395
 672.000000 -2.070995 -2.070995
 673.000000 -1.042690 -1.042690
 674.000000 -1.729352 -1.729352
 675.000000 -1.394501 -1.394501
 676.000000 -1.996676 -1.996676
 677.000000 -1.803746 -1.803746
 678.000000 -1.020920 -1.020920
 679.000000 -2.142947 -2.142947
 680.000000 -1.750055 -1.750055
 681.000000 -1.882522 -1.882522
 682.000000 -2.207354 -2.207354
 683.000000 -2.199793 -2.199793
 684.000000 -1.807584 -1.807584
 685.000000 -2.063586 -2.063586
 686.000000 -1.938699 -1.938699
 687.000000 -1.166952 -1.166952
 688.000000 -1.825732 -1.825732
 689.000000 -1.671087 -1.671087
 690.000000 -2.041377 -2.041377
 691.000000 -1.620694 -1.620694
 692.000000 -1.501058 -1.501058
 693.000000 -2.090240 -2.090240
 694.000000 -1.753468 -1.753468
 695.000000 -1.969061 -1.969061
 696.000000 -1.152474 -1.152474
 697.000000 -1.972588 -1.972588
 698.000000 -1.793056 -1.793056
 699.000000 -2.059163 -2.059163
 700.000000 -2.463200 -2.463200
 701.000000 -1.103849 -1.103849
 702.000000 -1.144871 -1.144871
 703.000000 -0.886456 -0.886456
 704.000000 -1.488035 -1.488035
 705.000000 -1.343455 -1.343455
 706.000000 -1.568787 -1.568787
 707.000000 -1.565349 -1.565349
 708.000000 -1.328912 -1.328912
 709.000000 -1.159619 -1.159619
 710.000000 -1.153587 -1.153587
 711.000000 -1.041858 -1.041858
 712.000000 -0.966287 -0.966287
 713.000000 -1.313204 -1.313204
 714.000000 -2.529933 -2.529933
 715.000000 -1.273921 -1.273921
 716.000000 -2.019740 -2.019740
 717.000000 -1.751841 -1.751841
 718.000000 -1.936026 -1.936026
 719.000000 -1.043955 -1.043955
 720.000000 -1.680804 -1.680804
 721.000000 -1.555219 -1.555219
 722.000000 -1.298900 -1.298900
 723.000000 -1.689401 -1.689401
 724.000000 -1.249089 -1.249089
 725.000000 -1.735622 -1.735622
 726.000000 -2.365279 -2.365279
 727.000000 -1.844070 -1.844070
 728.000000 0.771349 0.771349
 729.000000 1.477113 1.477113
 730.000000 1.201172 1.201172
 731.000000 1.105291 1.105291
 732.000000 1.415133 1.415133
 733.000000 1.298759 1.298759
 734.000000 1.305243 1.305243
 735.000000 1.314506 1.314506
 736.000000 1.371764 1.371764
 737.000000 1.161488 1.161488
 738.000000 1.040425 1.040425
 739.000000 -1.470225 -1.470225
 740.000000 -0.975510 -0.975510
 741.000000 -1.099211 -1.099211
 742.000000 -1.460034 -1.460034
 743.000000 -1.104913 -1.104913
 744.000000 -1.627846 -1.627846
 745.000000 -1.359106 -1.359106
 746.000000 -2.759461 -2.759461
 747.000000 -1.078805 -1.078805
 748.000000 -1.082183 -1.082183
 749.000000 -1.830749 -1.830749
 750.000000 -0.716732 -0.716732
 751.000000 -0.914329 -0.914329
 752.000000 1.228125 1.228125
 753.000000 1.357718 1.357718
 754.000000 1.441339 1.441339
 755.000000 1.077203 1.077203
 756.000000 1.406308 1.406308
 757.000000 1.437864 1.437864
 758.000000 1.232931 1.232931
 759.000000 1.240614 1.240614
 760.000000 1.326160 1.326160
 761.000000 1.208196 1.208196
 762.000000 1.380392 1.380392
 763.000000 0.769143 0.769143
 764.000000 0.772974 0.772974
 765.000000 1.012857 1.012857
 766.000000 0.800834 0.800834
 767.000000 0.556751 0.556751
 768.000000 1.222954 1.222954
 769.000000 1.014003 1.014003
 770.000000 1.045706 1.045706
 771.000000 1.050230 1.050230
 772.000000 1.122511 1.122511
 773.000000 -0.994606 -0.994606
 774.000000 -1.536743 -1.536743
 775.000000 -1.465716 -1.465716
 776.000000 -1.239302 -1.239302
 777.000000 -2.200822 -2.200822
 778.000000 -0.967186 -0.967186
 779.000000 -0.970241 -0.970241
 780.000000 -1.031460 -1.031460
 781.000000 -0.472806 -0.472806
 782.000000 -1.250386 -1.250386
 783.000000 -1.039985 -1.039985
 784.000000 -1.548685 -1.548685
 785.000000 -2.654464 -2.654464
 786.000000 -2.206687 -2.206687
 787.000000 -0.919111 -0.919111
 788.000000 -1.131523 -1.131523
 789.000000 -1.643071 -1.643071
 790.000000 -0.827174 -0.827174
 791.000000 -0.433800 -0.433800
 792.000000 -0.993330 -0.993330
 793.000000 -0.991145 -0.991145
 794.000000 -1.289176 -1.289176
 795.000000 -1.016716 -1.016716
 796.000000 -0.941219 -0.941219
 797.000000 -1.276143 -1.276143
 798.000000 -1.011738 -1.011738
 799.000000 -2.330685 -2.330685
 800.000000 -1.036681 -1.036681
 801.000000 -2.443217 -2.443217
 802.000000 -0.497224 -0.497224
 803.000000 -0.903794 -0.903794
 804.000000 -0.903613 -0.903613
 805.000000 -1.287233 -1.287233
 806.000000 -1.098368 -1.098368
 807.000000 -1.130107 -1.130107
 808.000000 -1.286536 -1.286536
 809.000000 -1.896365 -1.896365
 810.000000 -1.418860 -1.418860
 811.000000 -2.153214 -2.153214
 812.000000 -1.026629 -1.026629
 813.000000 -1.062932 -1.062932
 814.000000 -1.324191 -1.324191
 815.000000 -1.532320 -1.532320
 816.000000 -1.032761 -1.032761
 817.000000 -0.912988 -0.912988
 818.000000 -1.016993 -1.016993
 819.000000 -1.315793 -1.315793
 820.000000 -1.891641 -1.891641
 821.000000 -2.039525 -2.039525
 822.000000 -1.234168 -1.234168
 823.000000 -1.690198 -1.690198
 824.000000 -1.132322 -1.132322
 825.000000 0.737946 0.737946
 826.000000 -1.796827 -1.796827
 827.000000 -0.939468 -0.939468
 828.000000 -0.887557 -0.887557
 829.000000 -1.241808 -1.241808
 830.000000 -0.931276 -0.931276
 831.000000 -1.095528 -1.095528
 832.000000 -1.696387 -1.696387
 833.000000 -1.414014 -1.414014
 834.000000 -0.750555 -0.750555
 835.000000 -1.575267 -1.575267
 836.000000 -1.187693 -1.187693
 837.000000 -1.248950 -1.248950
 838.000000 -2.258428 -2.258428
 839.000000 -1.029190 -1.029190
 840.000000 -1.995608 -1.995608
 841.000000 -1.426873 -1.426873
 842.000000 -1.225382 -1.225382
 843.000000 -2.054615 -2.054615
 844.000000 -0.848107 -0.848107
 845.000000 -2.093447 -2.093447
 846.000000 -1.089777 -1.089777
 847.000000 -1.017416 -1.017416
 848.000000 -1.134409 -1.134409
 849.000000 -1.831905 -1.831905
 850.000000 -1.164454 -1.164454
 851.000000 -1.458548 -1.458548
 852.000000 -2.340995 -2.340995
 853.000000 -1.306445 -1.306445
 854.000000 -2.296634 -2.296634
 855.000000 -0.850277 -0.850277
 856.000000 -2.138360 -2.138360
 857.000000 -0.755666 -0.755666
 858.000000 -1.106089 -1.106089
 859.000000 -1.329520 -1.329520
 860.000000 -1.092982 -1.092982
 861.000000 -1.432719 -1.432719
 862.000000 -1.082176 -1.082176
 863.000000 -1.389087 -1.389087
 864.000000 -1.094973 -1.094973
 865.000000 -1.136365 -1.136365
 866.000000 -1.218934 -1.218934
 867.000000 -1.356891 -1.356891
 868.000000 -1.604233 -1.604233
 869.000000 -2.019898 -2.019898
 870.000000 -1.438288 -1.438288
 871.000000 -1.077129 -1.077129
 872.000000 -1.135752 -1.135752
 873.000000 -2.169415 -2.169415
 874.000000 -1.869204 -1.869204
 875.000000 -1.432804 -1.432804
 876.000000 -1.330189 -1.330189
 877.000000 -1.458811 -1.458811
 878.000000 -1.773031 -1.773031
 879.000000 -1.422492 -1.422492
 880.000000 -1.057479 -1.057479
 881.000000 -1.095295 -1.095295
 882.000000 -1.157525 -1.157525
 883.000000 -0.922167 -0.922167
 884.000000 -0.962425 -0.962425
 885.000000 -0.947352 -0.947352
 886.000000 -0.908311 -0.908311
 887.000000 -1.254420 -1.254420
 888.000000 -2.463064 -2.463064
 889.000000 -2.561442 -2.561442
 890.000000 -2.307973 -2.307973
 891.000000 -1.083732 -1.083732
 892.000000 -1.102712 -1.102712
 893.000000 -1.218947 -1.218947
 894.000000 -1.310313 -1.310313
 895.000000 -1.004732 -1.004732
 896.000000 -0.868466 -0.868466
 897.000000 -1.259450 -1.259450
 898.000000 -1.084104 -1.084104
 899.000000 -0.968787 -0.968787
 900.000000 -0.738043 -0.738043
 901.000000 -0.444966 -0.444966
 902.000000 -1.060688 -1.060688
 903.000000 -1.247064 -1.247064
 904.000000 -1.517456 -1.517456
 905.000000 -2.088106 -2.088106
 906.000000 -2.766801 -2.766801
 907.000000 -2.281995 -2.281995
 908.000000 -2.212042 -2.212042
 909.000000 -1.950093 -1.950093
 910.000000 -1.093022 -1.093022
 911.000000 -1.163120 -1.163120
 912.000000 -2.865923 -2.865923
 913.000000 -1.685444 -1.685444
 914.000000 -2.682811 -2.682811
 915.000000 -1.162132 -1.162132
 916.000000 -2.523376 -2.523376
 917.000000 -2.158249 -2.158249
 918.000000 -1.052506 -1.052506
 919.000000 -0.971412 -0.971412
 920.000000 -0.995890 -0.995890
 921.000000 -1.075339 -1.075339
 922.000000 -1.283563 -1.283563
 923.000000 -1.336199 -1.336199
 924.000000 -0.739327 -0.739327
 925.000000 -0.905874 -0.905874
 926.000000 -1.262314 -1.262314
 927.000000 -1.591560 -1.591560
 928.000000 -1.225865 -1.225865
 929.000000 -1.523092 -1.523092
 930.000000 -1.828275 -1.828275
 931.000000 -2.194431 -2.194431
 932.000000 -1.881131 -1.881131
 933.000000 -2.663419 -2.663419
 934.000000 -2.067701 -2.067701
 935.000000 -1.475181 -1.475181
 936.000000 -1.455552 -1.455552
 937.000000 -1.358149 -1.358149
 938.000000 -1.304432 -1.304432
 939.000000 -1.948010 -1.948010
 940.000000 -1.184477 -1.184477
 941.000000 -1.798819 -1.798819
 942.000000 -1.328947 -1.328947
 943.000000 -2.077337 -2.077337
 944.000000 -1.928344 -1.928344
 945.000000 -2.110688 -2.110688
 946.000000 -1.180248 -1.180248
 947.000000 -1.421756 -1.421756
 948.000000 -2.090461 -2.090461
 949.000000 -1.556019 -1.556019
 950.000000 -1.348533 -1.348533
 951.000000 -1.973550 -1.973550
 952.000000 -1.276347 -1.276347
 953.000000 -1.302731 -1.302731
 954.000000 -1.239571 -1.239571
 955.000000 -1.048200 -1.048200
 956.000000 -1.111057 -1.111057
 957.000000 -1.556501 -1.556501
 958.000000 -1.005778 -1.005778
 959.000000 -1.490571 -1.490571
 960.000000 -1.214937 -1.214937
 961.000000 -1.283097 -1.283097
 962.000000 -0.982249 -0.982249
 963.000000 -1.446777 -1.446777
 964.000000 -2.327796 -2.327796
 965.000000 -1.437240 -1.437240
 966.000000 -0.645624 -0.645624
 967.000000 -2.545595 -2.545595
 968.000000 -2.567048 -2.567048
 969.000000 -0.786710 -0.786710
 970.000000 -1.544861 -1.544861
 971.000000 -1.040517 -1.040517
 972.000000 -1.843375 -1.843375
 973.000000 -1.683992 -1.683992
 974.000000 -2.815948 -2.815948
 975.000000 -2.936379 -2.936379
 976.000000 -2.101284 -2.101284
 977.000000 -1.242316 -1.242316
 978.000000 -2.539663 -2.539663
 979.000000 -2.366163 -2.366163
 980.000000 -2.423160 -2.423160
 981.000000 -2.446519 -2.446519
 982.000000 -2.438663 -2.438663
 983.000000 -1.168034 -1.168034
 984.000000 -1.978280 -1.978280
 985.000000 -2.076969 -2.076969
 986.000000 -1.850282 -1.850282
 987.000000 -2.208044 -2.208044
 988.000000 -1.486211 -1.486211
 989.000000 -1.346169 -1.346169
 990.000000 -1.113321 -1.113321
 991.000000 -1.058582 -1.058582
 992.000000 -0.972355 -0.972355
 993.000000 -2.218821 -2.218821
 994.000000 -2.059819 -2.059819
 995.000000 -1.295825 -1.295825
 996.000000 -1.360898 -1.360898
 997.000000 -0.998329 -0.998329
 998.000000 -1.094534 -1.094534
 999.000000 -1.601284 -1.601284
 1000.000000 -1.295469 -1.295469
 1001.000000 -2.291951 -2.291951
 1002.000000 -1.311074 -1.311074
 1003.000000 -2.029416 -2.029416
 1004.000000 -1.212883 -1.212883
 1005.000000 -1.278541 -1.278541
 1006.000000 -1.668694 -1.668694
 1007.000000 -1.089730 -1.089730
 1008.000000 -1.566186 -1.566186
 1009.000000 -1.433950 -1.433950
 1010.000000 -1.460930 -1.460930
 1011.000000 -1.232284 -1.232284
 1012.000000 -1.322033 -1.322033
 1013.000000 -1.075922 -1.075922
 1014.000000 -2.151521 -2.151521
 1015.000000 -1.032851 -1.032851
 1016.000000 -1.555697 -1.555697
 1017.000000 -1.134284 -1.134284
 1018.000000 -0.932695 -0.932695
 1019.000000 -0.925073 -0.925073
 1020.000000 -1.496585 -1.496585
 1021.000000 -1.274244 -1.274244
 1022.000000 -1.415233 -1.415233
 1023.000000 -2.168231 -2.168231
 1024.000000 -1.451017 -1.451017
 1025.000000 -1.569621 -1.569621
 1026.000000 -1.802889 -1.802889
 1027.000000 -1.021654 -1.021654
 1028.000000 -1.164787 -1.164787
 1029.000000 -1.632157 -1.632157
 1030.000000 -1.309396 -1.309396
 1031.000000 -1.523943 -1.523943
 1032.000000 -1.434280 -1.434280
 1033.000000 -0.994447 -0.994447
 1034.000000 -0.982391 -0.982391
 1035.000000 -1.076495 -1.076495
 1036.000000 -1.594547 -1.594547
 1037.000000 -1.445604 -1.445604
 1038.000000 -1.525957 -1.525957
 1039.000000 -1.230680 -1.230680
 1040.000000 -1.379545 -1.379545
 1041.000000 -0.840753 -0.840753
 1042.000000 -1.647555 -1.647555
 1043.000000 -1.245097 -1.245097
 1044.000000 -0.889234 -0.889234
 1045.000000 -1.782622 -1.782622
 1046.000000 -0.711426 -0.711426
 1047.000000 -1.092747 -1.092747
 1048.000000 -1.430710 -1.430710
 1049.000000 -1.263056 -1.263056
 1050.000000 -1.337518 -1.337518
 1051.000000 -1.238950 -1.238950
 1052.000000 -0.894276 -0.894276
 1053.000000 -1.204917 -1.204917
 1054.000000 -0.928616 -0.928616
 1055.000000 -1.188621 -1.188621
 1056.000000 -2.645745 -2.645745
 1057.000000 -1.253437 -1.253437
 1058.000000 -1.306465 -1.306465
 1059.000000 -0.679325 -0.679325
 1060.000000 -1.120761 -1.120761
 1061.000000 -2.031035 -2.031035
 1062.000000 -1.328109 -1.328109
 1063.000000 -1.024156 -1.024156
 1064.000000 -1.459443 -1.459443
 1065.000000 -0.845296 -0.845296
 1066.000000 -1.477093 -1.477093
 1067.000000 -2.404838 -2.404838
 1068.000000 -2.352092 -2.352092
 1069.000000 -1.569233 -1.569233
 1070.000000 -1.042812 -1.042812
 1071.000000 -0.869887 -0.869887
 1072.000000 -1.179364 -1.179364
 1073.000000 -2.447493 -2.447493
 1074.000000 -1.737246 -1.737246
 1075.000000 -1.148373 -1.148373
 1076.000000 -1.541357 -1.541357
 1077.000000 -1.006470 -1.006470
 1078.000000 -1.046891 -1.046891
 1079.000000 -1.632594 -1.632594
 1080.000000 -1.039777 -1.039777
 1081.000000 -1.367741 -1.367741
 1082.000000 -1.079672 -1.079672
 1083.000000 -1.186968 -1.186968
 1084.000000 -1.070768 -1.070768
 1085.000000 -1.168010 -1.168010
 1086.000000 -1.470163 -1.470163
 1087.000000 -1.401324 -1.401324
 1088.000000 -1.445542 -1.445542
 1089.000000 -0.444993 -0.444993
 1090.000000 -0.999266 -0.999266
 1091.000000 -1.135058 -1.135058
 1092.000000 -0.897529 -0.897529
 1093.000000 -1.358050 -1.358050
 1094.000000 -1.147773 -1.147773
 1095.000000 -1.597127 -1.597127
 1096.000000 -1.771869 -1.771869
 1097.000000 -0.771513 -0.771513
 1098.000000 -1.251226 -1.251226
 1099.000000 -1.106073 -1.106073
 1100.000000 -0.656162 -0.656162
 1101.000000 -1.031700 -1.031700
 1102.000000 -1.543591 -1.543591
 1103.000000 -1.096765 -1.096765
 1104.000000 -1.086015 -1.086015
 1105.000000 -1.134077 -1.134077
 1106.000000 -1.123817 -1.123817
 1107.000000 -1.575540 -1.575540
 1108.000000 -2.407091 -2.407091
 1109.000000 -0.717053 -0.717053
 1110.000000 -2.540081 -2.540081
 1111.000000 -1.146417 -1.146417
 1112.000000 -3.063889 -3.063889
 1113.000000 -1.287184 -1.287184
 1114.000000 -0.985999 -0.985999
 1115.000000 -1.456476 -1.456476
 1116.000000 -1.035410 -1.035410
 1117.000000 -1.061509 -1.061509
 1118.000000 -1.051519 -1.051519
 1119.000000 -2.132151 -2.132151
 1120.000000 1.328606 1.328606
 1121.000000 1.446823 1.446823
 1122.000000 -1.150199 -1.150199
 1123.000000 -2.189479 -2.189479
 1124.000000 -2.747237 -2.747237
 1125.000000 -0.233536 -0.233536
 1126.000000 -1.464953 -1.464953
 1127.000000 -1.664661 -1.664661
 1128.000000 -1.049489 -1.049489
 1129.000000 -1.497035 -1.497035
 1130.000000 -2.689097 -2.689097
 1131.000000 -1.856923 -1.856923
 1132.000000 -1.444757 -1.444757
 1133.000000 -0.973833 -0.973833
 1134.000000 -1.758048 -1.758048
 1135.000000 -2.286821 -2.286821
 1136.000000 -1.764257 -1.764257
 1137.000000 -1.011417 -1.011417
 1138.000000 -0.896382 -0.896382
 1139.000000 -1.408342 -1.408342
 1140.000000 -2.080510 -2.080510
 1141.000000 -2.079421 -2.079421
 1142.000000 -1.141261 -1.141261
 1143.000000 -0.961679 -0.961679
 1144.000000 -1.035746 -1.035746
 1145.000000 -1.750021 -1.750021
 1146.000000 -1.136554 -1.136554
 1147.000000 -1.575918 -1.575918
 1148.000000 -1.659504 -1.659504
 1149.000000 -1.123829 -1.123829
 1150.000000 -1.061275 -1.061275
 1151.000000 -1.806629 -1.806629
 1152.000000 -0.993346 -0.993346
 1153.000000 -1.210987 -1.210987
 1154.000000 -1.195849 -1.195849
 1155.000000 -0.863822 -0.863822
 1156.000000 -0.898119 -0.898119
 1157.000000 -1.124830 -1.124830
 1158.000000 -1.186996 -1.186996
 1159.000000 -0.721906 -0.721906
 1160.000000 0.747990 0.747990
 1161.000000 1.432604 1.432604
 1162.000000 1.279130 1.279130
 1163.000000 -1.179570 -1.179570
 1164.000000 -1.140260 -1.140260
 1165.000000 -1.513283 -1.513283
 1166.000000 -1.601193 -1.601193
 1167.000000 -1.049672 -1.049672
 1168.000000 -1.741902 -1.741902
 1169.000000 -2.004864 -2.004864
 1170.000000 -1.555198 -1.555198
 1171.000000 -1.148859 -1.148859
 1172.000000 -1.015863 -1.015863
 1173.000000 -1.094023 -1.094023
 1174.000000 -1.683968 -1.683968
 1175.000000 -1.121974 -1.121974
 1176.000000 -2.272784 -2.272784
 1177.000000 -1.520139 -1.520139
 1178.000000 -1.131593 -1.131593
 1179.000000 -1.115158 -1.115158
 1180.000000 -1.600150 -1.600150
 1181.000000 -1.098184 -1.098184
 1182.000000 -0.753624 -0.753624
 1183.000000 -0.999335 -0.999335
 1184.000000 -2.375043 -2.375043
 1185.000000 -1.112991 -1.112991
 1186.000000 -1.117901 -1.117901
 1187.000000 -0.956019 -0.956019
 1188.000000 -0.967792 -0.967792
 1189.000000 -1.048386 -1.048386
 1190.000000 -0.947763 -0.947763
 1191.000000 -0.882298 -0.882298
 1192.000000 2.029846 2.029846
 1193.000000 1.301412 1.301412
 1194.000000 1.389218 1.389218
 1195.000000 0.899374 0.899374
 1196.000000 1.145942 1.145942
 1197.000000 1.284871 1.284871
 1198.000000 1.513314 1.513314
 1199.000000 1.308318 1.308318
 1200.000000 1.177478 1.177478
 1201.000000 1.534223 1.534223
 1202.000000 1.572038 1.572038
 1203.000000 1.423461 1.423461
 1204.000000 1.360121 1.360121
 1205.000000 1.372185 1.372185
 1206.000000 0.769425 0.769425
 1207.000000 0.966403 0.966403
 1208.000000 1.467022 1.467022
 1209.000000 1.331806 1.331806
 1210.000000 1.357992 1.357992
 1211.000000 1.106721 1.106721
 1212.000000 1.186794 1.186794
 1213.000000 1.265327 1.265327
 1214.000000 1.452127 1.452127
 1215.000000 1.282346 1.282346
 1216.000000 1.113918 1.113918
 1217.000000 1.097033 1.097033
 1218.000000 1.381646 1.381646
 1219.000000 1.353316 1.353316
 1220.000000 1.368249 1.368249
 1221.000000 0.751145 0.751145
 1222.000000 1.205660 1.205660
 1223.000000 1.458987 1.458987
 1224.000000 1.354975 1.354975
 1225.000000 1.464605 1.464605
 1226.000000 1.294015 1.294015
 1227.000000 0.909611 0.909611
 1228.000000 1.477913 1.477913
 1229.000000 1.152230 1.152230
 1230.000000 1.239582 1.239582
 1231.000000 1.408374 1.408374
 1232.000000 1.523878 1.523878
 1233.000000 0.841082 0.841082
 1234.000000 0.878566 0.878566
 1235.000000 1.360309 1.360309
 1236.000000 1.564239 1.564239
 1237.000000 1.213817 1.213817
 1238.000000 0.998113 0.998113
 1239.000000 0.831527 0.831527
 1240.000000 1.340837 1.340837
 1241.000000 1.364507 1.364507
 1242.000000 1.267621 1.267621
 1243.000000 0.922131 0.922131
 1244.000000 1.413926 1.413926
 1245.000000 1.216065 1.216065
 1246.000000 1.361762 1.361762
 1247.000000 1.401402 1.401402
 1248.000000 0.940524 0.940524
 1249.000000 0.736450 0.736450
 1250.000000 1.389247 1.389247
 1251.000000 1.009606 1.009606
 1252.000000 0.801023 0.801023
 1253.000000 1.283371 1.283371
 1254.000000 0.968263 0.968263
 1255.000000 1.036758 1.036758
 1256.000000 1.136169 1.136169
 1257.000000 1.214705 1.214705
 1258.000000 1.006362 1.006362
 1259.000000 1.349500 1.349500
 1260.000000 1.041425 1.041425
 1261.000000 1.448932 1.448932
 1262.000000 1.338341 1.338341
 1263.000000 1.271197 1.271197
 1264.000000 1.127280 1.127280
 1265.000000 1.442014 1.442014
 1266.000000 1.190685 1.190685
 1267.000000 0.724265 0.724265
 1268.000000 1.736581 1.736581
 1269.000000 -1.615931 -1.615931
 1270.000000 -1.314475 -1.314475
 1271.000000 -0.997144 -0.997144
 1272.000000 -1.910784 -1.910784
 1273.000000 -2.445380 -2.445380
 1274.000000 -1.836846 -1.836846
 1275.000000 -1.586192 -1.586192
 1276.000000 -1.616574 -1.616574
 1277.000000 -2.060245 -2.060245
 1278.000000 -1.075005 -1.075005
 1279.000000 -1.674563 -1.674563
 1280.000000 -2.038096 -2.038096
 1281.000000 -1.138186 -1.138186
 1282.000000 -2.170487 -2.170487
 1283.000000 -1.047516 -1.047516
 1284.000000 -1.200307 -1.200307
 1285.000000 -1.449059 -1.449059
 1286.000000 -1.255923 -1.255923
 1287.000000 -0.978806 -0.978806
 1288.000000 -2.045712 -2.045712
 1289.000000 -1.681721 -1.681721
 1290.000000 -1.589751 -1.589751
 1291.000000 -2.298082 -2.298082
 1292.000000 -0.920533 -0.920533
 1293.000000 -1.105902 -1.105902
 1294.000000 -1.248747 -1.248747
 1295.000000 -1.188763 -1.188763
 1296.000000 -1.227018 -1.227018
 1297.000000 -1.533752 -1.533752
 1298.000000 -1.635690 -1.635690
 1299.000000 -1.718902 -1.718902
 1300.000000 -1.251789 -1.251789
 1301.000000 -1.248556 -1.248556
 1302.000000 -1.200151 -1.200151
 1303.000000 -0.742780 -0.742780
 1304.000000 -1.062709 -1.062709
 1305.000000 -1.048216 -1.048216
 1306.000000 -1.525698 -1.525698
 1307.000000 -0.885593 -0.885593
 1308.000000 -1.045548 -1.045548
 1309.000000 -1.417338 -1.417338
 1310.000000 -1.081052 -1.081052
 1311.000000 -0.819447 -0.819447
 1312.000000 -1.442791 -1.442791
 1313.000000 -0.831248 -0.831248
 1314.000000 -2.640324 -2.640324
 1315.000000 -0.918879 -0.918879
 1316.000000 -0.695683 -0.695683
 1317.000000 -1.481003 -1.481003
 1318.000000 -1.235472 -1.235472
 1319.000000 -1.399606 -1.399606
 1320.000000 -1.192003 -1.192003
 1321.000000 -1.554074 -1.554074
 1322.000000 -1.537571 -1.537571
 1323.000000 -0.768574 -0.768574
 1324.000000 -1.345024 -1.345024
 1325.000000 -1.837636 -1.837636
 1326.000000 -0.994374 -0.994374
 1327.000000 -1.019059 -1.019059
 1328.000000 -1.071941 -1.071941
 1329.000000 -1.347083 -1.347083
 1330.000000 -1.056711 -1.056711
 1331.000000 -1.280288 -1.280288
 1332.000000 -1.879370 -1.879370
 1333.000000 -1.072921 -1.072921
 1334.000000 -1.013969 -1.013969
 1335.000000 -1.747498 -1.747498
 1336.000000 -1.985920 -1.985920
 1337.000000 -0.861620 -0.861620
 1338.000000 -1.488472 -1.488472
 1339.000000 -1.964947 -1.964947
 1340.000000 -1.517573 -1.517573
 1341.000000 -0.774429 -0.774429
 1342.000000 -2.306154 -2.306154
 1343.000000 -1.849599 -1.849599
 1344.000000 -1.197333 -1.197333
 1345.000000 -1.074450 -1.074450
 1346.000000 -1.260776 -1.260776
 1347.000000 -1.131069 -1.131069
 1348.000000 -1.305139 -1.305139
 1349.000000 -2.125406 -2.125406
 1350.000000 -1.449572 -1.449572
 1351.000000 -0.994655 -0.994655
 1352.000000 -1.408922 -1.408922
 1353.000000 -1.080805 -1.080805
 1354.000000 1.325036 1.325036
 1355.000000 -1.115480 -1.115480
 1356.000000 -0.634416 -0.634416
 1357.000000 -0.792309 -0.792309
 1358.000000 -1.154347 -1.154347
 1359.000000 -1.092309 -1.092309
 1360.000000 -1.088314 -1.088314
 1361.000000 -1.268934 -1.268934
 1362.000000 -1.597003 -1.597003
 1363.000000 -2.211994 -2.211994
 1364.000000 -2.676568 -2.676568
 1365.000000 -0.889769 -0.889769
 1366.000000 -1.213444 -1.213444
 1367.000000 0.178480 0.178480
 1368.000000 -1.882159 -1.882159
 1369.000000 -1.123012 -1.123012
 1370.000000 -2.196509 -2.196509
 1371.000000 -1.135511 -1.135511
 1372.000000 -0.963001 -0.963001
 1373.000000 -1.061409 -1.061409
 1374.000000 -2.125231 -2.125231
 1375.000000 -0.901209 -0.901209
 1376.000000 -0.947871 -0.947871
 1377.000000 -2.284669 -2.284669
 1378.000000 -2.414967 -2.414967
 1379.000000 -1.549286 -1.549286
 1380.000000 -1.072233 -1.072233
 1381.000000 -1.316048 -1.316048
 1382.000000 -2.001035 -2.001035
 1383.000000 -2.068890 -2.068890
 1384.000000 -1.621326 -1.621326
 1385.000000 -1.288678 -1.288678
 1386.000000 -1.516850 -1.516850
 1387.000000 -1.929187 -1.929187
 1388.000000 -1.372992 -1.372992
 1389.000000 -2.359946 -2.359946
 1390.000000 -1.869382 -1.869382
 1391.000000 -1.126252 -1.126252
 1392.000000 -1.992572 -1.992572
 1393.000000 -1.919193 -1.919193
 1394.000000 -2.452664 -2.452664
 1395.000000 -1.273449 -1.273449
 1396.000000 0.729755 0.729755
 1397.000000 1.176772 1.176772
 1398.000000 0.789306 0.789306
 1399.000000 1.547391 1.547391
 1400.000000 -1.385462 -1.385462
 1401.000000 -1.287549 -1.287549
 1402.000000 -1.300788 -1.300788
 1403.000000 -1.472151 -1.472151
 1404.000000 -2.338981 -2.338981
 1405.000000 -1.151193 -1.151193
 1406.000000 -1.974938 -1.974938
 1407.000000 -0.909314 -0.909314
 1408.000000 -2.096087 -2.096087
 1409.000000 -0.800250 -0.800250
 1410.000000 -1.359197 -1.359197
 1411.000000 -0.841198 -0.841198
 1412.000000 -1.809586 -1.809586
 1413.000000 -1.357490 -1.357490
 1414.000000 -0.987507 -0.987507
 1415.000000 -1.129507 -1.129507
 1416.000000 -1.019049 -1.019049
 1417.000000 -1.979333 -1.979333
 1418.000000 -1.088005 -1.088005
 1419.000000 -1.303202 -1.303202
 1420.000000 -1.169161 -1.169161
 1421.000000 -1.632713 -1.632713
 1422.000000 -2.219863 -2.219863
 1423.000000 -2.066481 -2.066481
 1424.000000 -1.758976 -1.758976
 1425.000000 -1.997683 -1.997683
 1426.000000 -1.775065 -1.775065
 1427.000000 -1.938053 -1.938053
 1428.000000 -1.696679 -1.696679
 1429.000000 -1.719465 -1.719465
 1430.000000 -1.044135 -1.044135
 1431.000000 -1.750906 -1.750906
 1432.000000 -2.220785 -2.220785
 1433.000000 -1.728947 -1.728947
 1434.000000 -2.101307 -2.101307
 1435.000000 -2.622161 -2.622161
 1436.000000 -1.887792 -1.887792
 1437.000000 -2.286573 -2.286573
 1438.000000 -1.796647 -1.796647
 1439.000000 -1.451517 -1.451517
 1440.000000 -1.433025 -1.433025
 1441.000000 -1.594836 -1.594836
 1442.000000 1.155392 1.155392
 1443.000000 1.118529 1.118529
 1444.000000 1.075738 1.075738
 1445.000000 0.981058 0.981058
 1446.000000 1.332445 1.332445
 1447.000000 1.348675 1.348675
 1448.000000 0.764069 0.764069
 1449.000000 1.339088 1.339088
 1450.000000 1.464723 1.464723
 1451.000000 -1.098865 -1.098865
 1452.000000 -0.986640 -0.986640
 1453.000000 -1.069789 -1.069789
 1454.000000 -1.966335 -1.966335
 1455.000000 -0.949097 -0.949097
 1456.000000 -1.453711 -1.453711
 1457.000000 -1.234735 -1.234735
 1458.000000 -1.186716 -1.186716
 1459.000000 -1.387246 -1.387246
 1460.000000 -1.377436 -1.377436
 1461.000000 -0.756811 -0.756811
 1462.000000 -0.664735 -0.664735
 1463.000000 -0.977469 -0.977469
 1464.000000 -2.307093 -2.307093
 1465.000000 -1.192797 -1.192797
 1466.000000 -2.309232 -2.309232
 1467.000000 -1.100715 -1.100715
 1468.000000 -1.372415 -1.372415
 1469.000000 -1.131320 -1.131320
 1470.000000 -0.555022 -0.555022
 1471.000000 -1.050551 -1.050551
 1472.000000 -1.588989 -1.588989
 1473.000000 -2.104976 -2.104976
 1474.000000 -0.925625 -0.925625
 1475.000000 -1.029096 -1.029096
 1476.000000 -0.843720 -0.843720
 1477.000000 -1.434528 -1.434528
 1478.000000 -1.440591 -1.440591
 1479.000000 -1.176058 -1.176058
 1480.000000 -1.004049 -1.004049
 1481.000000 -1.378699 -1.378699
 1482.000000 -0.943305 -0.943305
 1483.000000 -1.210982 -1.210982
 1484.000000 -1.100045 -1.100045
 1485.000000 -1.176708 -1.176708
 1486.000000 -2.204677 -2.204677
 1487.000000 -1.089898 -1.089898
 1488.000000 -1.599995 -1.599995
 1489.000000 -1.286547 -1.286547
 1490.000000 -1.365437 -1.365437
 1491.000000 -1.400634 -1.400634
 1492.000000 -1.013709 -1.013709
 1493.000000 -2.049747 -2.049747
 1494.000000 -2.515687 -2.515687
 1495.000000 -1.576204 -1.576204
 1496.000000 -1.120855 -1.120855
 1497.000000 -0.873778 -0.873778
 1498.000000 -1.023088 -1.023088
 1499.000000 -1.240965 -1.240965
 1500.000000 -1.742872 -1.742872
 1501.000000 -2.445322 -2.445322
 1502.000000 -1.382335 -1.382335
 1503.000000 -1.053423 -1.053423
 1504.000000 -1.690580 -1.690580
 1505.000000 -2.431419 -2.431419
 1506.000000 -2.577552 -2.577552
 1507.000000 -2.557034 -2.557034
 1508.000000 -2.019921 -2.019921
 1509.000000 -2.175136 -2.175136
 1510.000000 -1.288089 -1.288089
 1511.000000 -1.578981 -1.578981
 1512.000000 -2.331814 -2.331814
 1513.000000 -2.011292 -2.011292
 1514.000000 -2.235475 -2.235475
 1515.000000 -2.222333 -2.222333
 1516.000000 -0.646057 -0.646057
 1517.000000 -1.270971 -1.270971
 1518.000000 -0.889839 -0.889839
 1519.000000 1.036984 1.036984
 1520.000000 1.573034 1.573034
 1521.000000 1.217435 1.217435
 1522.000000 1.268781 1.268781
 1523.000000 0.904059 0.904059
 1524.000000 1.337872 1.337872
 1525.000000 1.160691 1.160691
 1526.000000 1.279395 1.279395
 1527.000000 1.039958 1.039958
 1528.000000 1.300239 1.300239
 1529.000000 1.245482 1.245482
 1530.000000 1.444577 1.444577
 1531.000000 1.132638 1.132638
 1532.000000 -0.930957 -0.930957
 1533.000000 -1.042340 -1.042340
 1534.000000 -1.170682 -1.170682
 1535.000000 -0.898109 -0.898109
 1536.000000 -2.336602 -2.336602
 1537.000000 -1.386697 -1.386697
 1538.000000 -1.638241 -1.638241
 1539.000000 -1.833283 -1.833283
 1540.000000 -0.816503 -0.816503
 1541.000000 -1.708582 -1.708582
 1542.000000 -1.163993 -1.163993
 1543.000000 -2.051176 -2.051176
 1544.000000 -1.209699 -1.209699
 1545.000000 -1.209070 -1.209070
 1546.000000 -1.997839 -1.997839
 1547.000000 -1.025560 -1.025560
 1548.000000 -1.540431 -1.540431
 1549.000000 -1.739007 -1.739007
 1550.000000 -1.741502 -1.741502
 1551.000000 -1.216316 -1.216316
 1552.000000 -1.482601 -1.482601
 1553.000000 -1.079619 -1.079619
 1554.000000 -1.110713 -1.110713
 1555.000000 -0.913223 -0.913223
 1556.000000 -0.568175 -0.568175
 1557.000000 -1.332374 -1.332374
 1558.000000 -1.545918 -1.545918
 1559.000000 -1.185497 -1.185497
 1560.000000 -1.915030 -1.915030
 1561.000000 -1.196121 -1.196121
 1562.000000 -0.636841 -0.636841
 1563.000000 -2.110254 -2.110254
 1564.000000 -1.035907 -1.035907
 1565.000000 -1.542499 -1.542499
 1566.000000 -0.929545 -0.929545
 1567.000000 -1.169960 -1.169960
 1568.000000 -1.591810 -1.591810
 1569.000000 -1.879182 -1.879182
 1570.000000 -1.386878 -1.386878
 1571.000000 -1.115096 -1.115096
 1572.000000 -1.932872 -1.932872
 1573.000000 -1.018053 -1.018053
 1574.000000 -0.935181 -0.935181
 1575.000000 -1.164561 -1.164561
 1576.000000 -0.556067 -0.556067
 1577.000000 -1.929099 -1.929099
 1578.000000 -0.501648 -0.501648
 1579.000000 -1.090756 -1.090756
 1580.000000 -1.209861 -1.209861
 1581.000000 -0.821395 -0.821395
 1582.000000 -2.308603 -2.308603
 1583.000000 -1.080624 -1.080624
 1584.000000 -1.727354 -1.727354
 1585.000000 -1.165302 -1.165302
 1586.000000 -0.944464 -0.944464
 1587.000000 -0.854228 -0.854228
 1588.000000 -0.954500 -0.954500
 1589.000000 -1.177495 -1.177495
 1590.000000 -1.049308 -1.049308
 1591.000000 -1.797208 -1.797208
 1592.000000 -1.207465 -1.207465
 1593.000000 -2.444551 -2.444551
 1594.000000 -1.456864 -1.456864
 1595.000000 -0.700878 -0.700878
 1596.000000 -1.536119 -1.536119
 1597.000000 -2.501408 -2.501408
 1598.000000 -2.285603 -2.285603
 1599.000000 -1.570698 -1.570698
 1600.000000 -0.845575 -0.845575
 1601.000000 -1.293020 -1.293020
 1602.000000 -0.989249 -0.989249
 1603.000000 -1.356458 -1.356458
 1604.000000 -1.825911 -1.825911
 1605.000000 -1.270924 -1.270924
 1606.000000 -1.882305 -1.882305
 1607.000000 -2.091407 -2.091407
 1608.000000 -1.459109 -1.459109
 1609.000000 -1.048046 -1.048046
 1610.000000 -1.230698 -1.230698
 1611.000000 -1.132242 -1.132242
 1612.000000 -1.085047 -1.085047
 1613.000000 -1.359816 -1.359816
 1614.000000 -1.013617 -1.013617
 1615.000000 -1.611183 -1.611183
 1616.000000 -1.120483 -1.120483
 1617.000000 -2.031386 -2.031386
 1618.000000 -1.089897 -1.089897
 1619.000000 -2.186525 -2.186525
 1620.000000 -2.035806 -2.035806
 1621.000000 -1.794464 -1.794464
 1622.000000 -1.888356 -1.888356
 1623.000000 -1.815644 -1.815644
 1624.000000 -2.247769 -2.247769
 1625.000000 -1.012677 -1.012677
 1626.000000 -1.934331 -1.934331
 1627.000000 -1.547567 -1.547567
 1628.000000 -0.965809 -0.965809
 1629.000000 -2.016975 -2.016975
 1630.000000 -1.036505 -1.036505
 1631.000000 -1.756430 -1.756430
 1632.000000 -1.142434 -1.142434
 1633.000000 -1.150716 -1.150716
 1634.000000 -1.582041 -1.582041
 1635.000000 -1.899803 -1.899803
 1636.000000 -1.645640 -1.645640
 1637.000000 -1.834573 -1.834573
 1638.000000 -2.275469 -2.275469
 1639.000000 -2.179137 -2.179137
 1640.000000 -1.563449 -1.563449
 1641.000000 -1.318101 -1.318101
 1642.000000 -2.297826 -2.297826
 1643.000000 -2.323386 -2.323386
 1644.000000 -1.558581 -1.558581
 1645.000000 -1.617247 -1.617247
 1646.000000 -1.494686 -1.494686
 1647.000000 -1.855356 -1.855356
 1648.000000 -1.616863 -1.616863
 1649.000000 -1.161270 -1.161270
 1650.000000 -1.907437 -1.907437
 1651.000000 -1.218425 -1.218425
 1652.000000 -1.199602 -1.199602
 1653.000000 -1.788688 -1.788688
 1654.000000 -1.554300 -1.554300
 1655.000000 -1.458762 -1.458762
 1656.000000 -2.050585 -2.050585
 1657.000000 -1.073157 -1.073157
 1658.000000 -1.663511 -1.663511
 1659.000000 -1.252044 -1.252044
 1660.000000 -1.339596 -1.339596
 1661.000000 -0.799492 -0.799492
 1662.000000 -1.445912 -1.445912
 1663.000000 -2.187874 -2.187874
 1664.000000 1.287608 1.287608
 1665.000000 1.081070 1.081070
 1666.000000 1.191082 1.191082
 1667.000000 1.419059 1.419059
 1668.000000 1.464728 1.464728
 1669.000000 0.726790 0.726790
 1670.000000 -1.070107 -1.070107
 1671.000000 -1.140233 -1.140233
 1672.000000 -1.296138 -1.296138
 1673.000000 -1.015946 -1.015946
 1674.000000 -1.480468 -1.480468
 1675.000000 -2.188026 -2.188026
 1676.000000 -1.203860 -1.203860
 1677.000000 -1.594997 -1.594997
 1678.000000 -1.024390 -1.024390
 1679.000000 -1.048734 -1.048734
 1680.000000 -1.232164 -1.232164
 1681.000000 -1.385100 -1.385100
 1682.000000 -1.738592 -1.738592
 1683.000000 -1.158237 -1.158237
 1684.000000 -1.350326 -1.350326
 1685.000000 -0.876057 -0.876057
 1686.000000 -1.082354 -1.082354
 1687.000000 -1.074232 -1.074232
 1688.000000 -1.091531 -1.091531
 1689.000000 -0.875715 -0.875715
 1690.000000 -1.154773 -1.154773
 1691.000000 -1.517722 -1.517722
 1692.000000 -1.040903 -1.040903
 1693.000000 -1.085801 -1.085801
 1694.000000 -1.087063 -1.087063
 1695.000000 -1.066221 -1.066221
 1696.000000 -0.957699 -0.957699
 1697.000000 -1.119400 -1.119400
 1698.000000 -1.008229 -1.008229
 1699.000000 -1.245185 -1.245185
 1700.000000 -1.540384 -1.540384
 1701.000000 -0.757271 -0.757271
 1702.000000 -1.528817 -1.528817
 1703.000000 -2.114880 -2.114880
 1704.000000 -1.492774 -1.492774
 1705.000000 -0.969244 -0.969244
 1706.000000 -0.662288 -0.662288
 1707.000000 -0.941946 -0.941946
 1708.000000 -1.389193 -1.389193
 1709.000000 -1.841272 -1.841272
 1710.000000 -2.065008 -2.065008
 1711.000000 -1.500382 -1.500382
 1712.000000 -0.996767 -0.996767
 1713.000000 -1.365196 -1.365196
 1714.000000 -1.037983 -1.037983
 1715.000000 -0.769502 -0.769502
 1716.000000 -1.115962 -1.115962
 1717.000000 -1.478927 -1.478927
 1718.000000 -1.695221 -1.695221
 1719.000000 -0.841012 -0.841012
 1720.000000 1.704064 1.704064
 1721.000000 1.091296 1.091296
 1722.000000 0.994478 0.994478
 1723.000000 1.238064 1.238064
 1724.000000 1.166178 1.166178
 1725.000000 1.093674 1.093674
 1726.000000 1.028556 1.028556
 1727.000000 1.069350 1.069350
 1728.000000 1.146027 1.146027
 1729.000000 1.175358 1.175358
 1730.000000 1.202147 1.202147
 1731.000000 1.430907 1.430907
 1732.000000 1.312427 1.312427
 1733.000000 1.197301 1.197301
 1734.000000 0.909754 0.909754
 1735.000000 1.428319 1.428319
 1736.000000 1.445762 1.445762
 1737.000000 -1.137496 -1.137496
 1738.000000 -1.598569 -1.598569
 1739.000000 -2.220044 -2.220044
 1740.000000 -1.062015 -1.062015
 1741.000000 -1.792448 -1.792448
 1742.000000 -2.431966 -2.431966
 1743.000000 -2.045498 -2.045498
 1744.000000 -1.556204 -1.556204
 1745.000000 -1.288611 -1.288611
 1746.000000 -1.073801 -1.073801
 1747.000000 -1.316584 -1.316584
 1748.000000 -0.649789 -0.649789
 1749.000000 -1.140715 -1.140715
 1750.000000 -2.178909 -2.178909
 1751.000000 -1.938229 -1.938229
 1752.000000 -1.611143 -1.611143
 1753.000000 -1.733727 -1.733727
 1754.000000 -1.106620 -1.106620
 1755.000000 0.732748 0.732748
 1756.000000 0.988892 0.988892
 1757.000000 0.959076 0.959076
 1758.000000 1.381170 1.381170
 1759.000000 1.355650 1.355650
 1760.000000 0.464103 0.464103
 1761.000000 -1.504819 -1.504819
 1762.000000 -1.219477 -1.219477
 1763.000000 -1.487953 -1.487953
 1764.000000 -1.841907 -1.841907
 1765.000000 -1.760965 -1.760965
 1766.000000 -2.246952 -2.246952
 1767.000000 -2.721284 -2.721284
 1768.000000 -1.958782 -1.958782
 1769.000000 -1.717581 -1.717581
 1770.000000 -1.816617 -1.816617
 1771.000000 -1.056441 -1.056441
 1772.000000 -1.389768 -1.389768
 1773.000000 -1.559588 -1.559588
 1774.000000 -1.395975 -1.395975
 1775.000000 -2.079385 -2.079385
 1776.000000 -1.440530 -1.440530
 1777.000000 -1.861019 -1.861019
 1778.000000 -1.447547 -1.447547
 1779.000000 -0.922958 -0.922958
 1780.000000 -0.900047 -0.900047
 1781.000000 -1.089674 -1.089674
 1782.000000 -1.556799 -1.556799
 1783.000000 1.058723 1.058723
 1784.000000 1.403166 1.403166
 1785.000000 1.453410 1.453410
 1786.000000 1.087105 1.087105
 1787.000000 -1.247805 -1.247805
 1788.000000 -2.074819 -2.074819
 1789.000000 -0.993636 -0.993636
 1790.000000 -1.115997 -1.115997
 1791.000000 -2.080895 -2.080895
 1792.000000 -2.790229 -2.790229
 1793.000000 -1.837904 -1.837904
 1794.000000 -1.393832 -1.393832
 1795.000000 -1.030719 -1.030719
 1796.000000 -0.884189 -0.884189
 1797.000000 -1.935070 -1.935070
 1798.000000 -0.733421 -0.733421
 1799.000000 -1.957126 -1.957126
 1800.000000 -2.282107 -2.282107
 1801.000000 -0.946330 -0.946330
 1802.000000 -1.724409 -1.724409
 1803.000000 -1.622160 -1.622160
 1804.000000 -0.943511 -0.943511
 1805.000000 -1.794919 -1.794919
 1806.000000 -1.883369 -1.883369
 1807.000000 -1.395401 -1.395401
 1808.000000 -1.346137 -1.346137
 1809.000000 -1.112183 -1.112183
 1810.000000 -1.099091 -1.099091
 1811.000000 -2.123779 -2.123779
 1812.000000 -1.207988 -1.207988
 1813.000000 -2.319020 -2.319020
 1814.000000 -1.082815 -1.082815
 1815.000000 -1.171360 -1.171360
 1816.000000 -1.180853 -1.180853
 1817.000000 -1.027860 -1.027860
 1818.000000 -0.968973 -0.968973
 1819.000000 -1.121986 -1.121986
 1820.000000 -0.951354 -0.951354
 1821.000000 -1.226475 -1.226475
 1822.000000 -2.163473 -2.163473
 1823.000000 -1.099742 -1.099742
 1824.000000 -1.099741 -1.099741
 1825.000000 -1.028759 -1.028759
 1826.000000 -0.899086 -0.899086
 1827.000000 -1.554674 -1.554674
 1828.000000 -1.738835 -1.738835
 1829.000000 -1.120277 -1.120277
 1830.000000 -1.714603 -1.714603
 1831.000000 -2.019596 -2.019596
 1832.000000 -2.530570 -2.530570
 1833.000000 -1.022282 -1.022282
 1834.000000 -1.930232 -1.930232
 1835.000000 -0.811466 -0.811466
 1836.000000 -1.810642 -1.810642
 1837.000000 -1.662969 -1.662969
 1838.000000 -1.234913 -1.234913
 1839.000000 -1.333515 -1.333515
 1840.000000 -1.286775 -1.286775
 1841.000000 -2.288713 -2.288713
 1842.000000 -1.054593 -1.054593
 1843.000000 -1.263290 -1.263290
 1844.000000 -1.170245 -1.170245
 1845.000000 -1.868269 -1.868269
 1846.000000 -1.726150 -1.726150
 1847.000000 -3.022855 -3.022855
 1848.000000 -0.938525 -0.938525
 1849.000000 -0.922249 -0.922249
 1850.000000 -1.442465 -1.442465
 1851.000000 -2.171372 -2.171372
 1852.000000 -1.107131 -1.107131
 1853.000000 -0.988693 -0.988693
 1854.000000 -1.066126 -1.066126
 1855.000000 -2.471140 -2.471140
 1856.000000 -1.535214 -1.535214
 1857.000000 -1.082236 -1.082236
 1858.000000 -1.807110 -1.807110
 1859.000000 -0.932523 -0.932523
 1860.000000 -1.475452 -1.475452
 1861.000000 -2.578516 -2.578516
 1862.000000 -1.654596 -1.654596
 1863.000000 -0.893935 -0.893935
 1864.000000 -1.648886 -1.648886
 1865.000000 -1.115637 -1.115637
 1866.000000 -2.093990 -2.093990
 1867.000000 -1.058032 -1.058032
 1868.000000 -1.270931 -1.270931
 1869.000000 -1.057787 -1.057787
 1870.000000 -2.497368 -2.497368
 1871.000000 -1.685355 -1.685355
 1872.000000 -1.326921 -1.326921
 1873.000000 -1.130584 -1.130584
 1874.000000 -1.218566 -1.218566
 1875.000000 -2.332904 -2.332904
 1876.000000 -1.031148 -1.031148
 1877.000000 -1.867166 -1.867166
 1878.000000 -2.405340 -2.405340
 1879.000000 -1.325448 -1.325448
 1880.000000 -2.212061 -2.212061
 1881.000000 -1.078274 -1.078274
 1882.000000 -2.159651 -2.159651
 1883.000000 -1.598206 -1.598206
 1884.000000 -1.916077 -1.916077
 1885.000000 -1.856400 -1.856400
 1886.000000 -1.356567 -1.356567
 1887.000000 -1.561560 -1.561560
 1888.000000 -1.030290 -1.030290
 1889.000000 -1.163199 -1.163199
 1890.000000 -1.010557 -1.010557
 1891.000000 -1.130406 -1.130406
 1892.000000 -2.562001 -2.562001
 1893.000000 -1.022744 -1.022744
 1894.000000 -1.544131 -1.544131
 1895.000000 -0.961729 -0.961729
 1896.000000 -1.176204 -1.176204
 1897.000000 -2.595105 -2.595105
 1898.000000 -1.750810 -1.750810
 1899.000000 -1.393922 -1.393922
 1900.000000 -0.802940 -0.802940
 1901.000000 -1.162065 -1.162065
 1902.000000 -1.169457 -1.169457
 1903.000000 -2.453905 -2.453905
 1904.000000 -1.118025 -1.118025
 1905.000000 -1.142306 -1.142306
 1906.000000 -1.820692 -1.820692
 1907.000000 -0.967610 -0.967610
 1908.000000 -1.402683 -1.402683
 1909.000000 -1.021930 -1.021930
 1910.000000 -0.946670 -0.946670
 1911.000000 -1.098526 -1.098526
 1912.000000 -0.947910 -0.947910
 1913.000000 -1.530491 -1.530491
 1914.000000 -2.218420 -2.218420
 1915.000000 -2.005340 -2.005340
 1916.000000 -1.387106 -1.387106
 1917.000000 -1.498846 -1.498846
 1918.000000 -1.415127 -1.415127
 1919.000000 -0.891089 -0.891089
 1920.000000 -0.582888 -0.582888
 1921.000000 -1.730919 -1.730919
 1922.000000 -1.156109 -1.156109
 1923.000000 -1.214634 -1.214634
 1924.000000 -0.867457 -0.867457
 1925.000000 -1.439182 -1.439182
 1926.000000 -1.107436 -1.107436
 1927.000000 -2.277284 -2.277284
 1928.000000 -1.281761 -1.281761
 1929.000000 -0.946399 -0.946399
 1930.000000 -0.903982 -0.903982
 1931.000000 -2.303872 -2.303872
 1932.000000 -1.399888 -1.399888
 1933.000000 -1.515928 -1.515928
 1934.000000 -1.289534 -1.289534
 1935.000000 -1.072596 -1.072596
 1936.000000 -1.279419 -1.279419
 1937.000000 -0.938601 -0.938601
 1938.000000 -2.456462 -2.456462
 1939.000000 -0.904078 -0.904078
 1940.000000 -1.210058 -1.210058
 1941.000000 -1.177516 -1.177516
 1942.000000 -1.262457 -1.262457
 1943.000000 -1.090968 -1.090968
 1944.000000 -1.092731 -1.092731
 1945.000000 -1.255743 -1.255743
 1946.000000 -1.229681 -1.229681
 1947.000000 -1.147875 -1.147875
 1948.000000 -1.236426 -1.236426
 1949.000000 -1.007567 -1.007567
 1950.000000 -1.097655 -1.097655
 1951.000000 -2.073206 -2.073206
 1952.000000 -1.389255 -1.389255
 1953.000000 -1.436903 -1.436903
 1954.000000 -1.597589 -1.597589
 1955.000000 -1.322666 -1.322666
 1956.000000 -1.407010 -1.407010
 1957.000000 -1.020457 -1.020457
 1958.000000 -1.099137 -1.099137
 1959.000000 -1.035962 -1.035962
 1960.000000 -1.012034 -1.012034
 1961.000000 -1.139636 -1.139636
 1962.000000 -1.618141 -1.618141
 1963.000000 -1.298825 -1.298825
 1964.000000 0.733290 0.733290
 1965.000000 -1.012572 -1.012572
 1966.000000 -0.848722 -0.848722
 1967.000000 -2.303981 -2.303981
 1968.000000 -0.613823 -0.613823
 1969.000000 -1.074284 -1.074284
 1970.000000 -2.073383 -2.073383
 1971.000000 -2.601834 -2.601834
 1972.000000 -0.698395 -0.698395
 1973.000000 0.086393 0.086393
 1974.000000 -1.362560 -1.362560
 1975.000000 -1.490638 -1.490638
 1976.000000 -1.640655 -1.640655
 1977.000000 -2.703804 -2.703804
 1978.000000 -2.672498 -2.672498
 1979.000000 -1.909032 -1.909032
 1980.000000 -1.425383 -1.425383
 1981.000000 -1.257101 -1.257101
 1982.000000 -0.545834 -0.545834
 1983.000000 -1.314297 -1.314297
 1984.000000 -2.278300 -2.278300
 1985.000000 -2.458440 -2.458440
 1986.000000 -2.279559 -2.279559
 1987.000000 -0.953585 -0.953585
 1988.000000 -0.941950 -0.941950
 1989.000000 -1.068744 -1.068744
 1990.000000 -0.761026 -0.761026
 1991.000000 -1.297967 -1.297967
 1992.000000 -1.460660 -1.460660
 1993.000000 -1.385033 -1.385033
 1994.000000 -1.097417 -1.097417
 1995.000000 -0.999471 -0.999471
 1996.000000 -1.172417 -1.172417
 1997.000000 -1.842682 -1.842682
 1998.000000 -1.032776 -1.032776
 1999.000000 -1.032537 -1.032537
 2000.000000 -1.272314 -1.272314
 2001.000000 -2.773402 -2.773402
 2002.000000 -1.611588 -1.611588
 2003.000000 -1.068465 -1.068465
 2004.000000 -0.752617 -0.752617
 2005.000000 -1.644116 -1.644116
 2006.000000 -2.025458 -2.025458
 2007.000000 -1.073166 -1.073166
 2008.000000 -1.588880 -1.588880
 2009.000000 -1.375553 -1.375553
 2010.000000 -1.208939 -1.208939
 2011.000000 -2.167423 -2.167423
 2012.000000 -2.313633 -2.313633
 2013.000000 -0.861553 -0.861553
 2014.000000 -1.326875 -1.326875
 2015.000000 -1.250889 -1.250889
 2016.000000 -2.351667 -2.351667
 2017.000000 -2.608817 -2.608817
 2018.000000 -1.251445 -1.251445
 2019.000000 -0.960956 -0.960956
 2020.000000 -1.388920 -1.388920
 2021.000000 -2.080374 -2.080374
 2022.000000 -1.889456 -1.889456
 2023.000000 -2.078265 -2.078265
 2024.000000 -0.972893 -0.972893
