#! FIELDS time r d
 0.000000 1.271069 2.782998
 1.000000 1.263125 2.388697
 2.000000 1.348965 2.606062
 3.000000 1.291011 2.204363
 4.000000 1.280714 2.411836
 5.000000 1.257692 2.334839
 6.000000 1.313273 2.919423
 7.000000 1.602556 2.523108
 8.000000 1.483602 2.909505
 9.000000 1.532996 2.712374
 10.000000 1.504301 3.103371
 11.000000 1.510026 2.567369
 12.000000 1.496271 2.070499
 13.000000 1.502618 1.981522
 14.000000 1.404781 2.670468
 15.000000 1.516876 3.640084
 16.000000 1.483411 3.597821
 17.000000 1.435351 3.983520
 18.000000 1.484259 3.898570
 19.000000 1.486216 4.285040
 20.000000 1.410811 3.920663
 21.000000 1.923819 5.622060
 22.000000 1.806648 5.214187
 23.000000 1.578417 4.101952
 24.000000 1.739910 4.611537
 25.000000 1.785418 4.296006
 26.000000 2.446666 6.771808
 27.000000 2.923607 6.756347
 28.000000 2.747751 6.935810
 29.000000 2.724784 6.107481
 30.000000 2.327082 5.569105
 31.000000 1.993022 4.262015
 32.000000 1.941009 5.124850
 33.000000 2.229731 5.529630
 34.000000 2.466582 5.229228
 35.000000 2.248380 5.606285
 36.000000 2.104786 5.716675
 37.000000 2.096849 5.694024
 38.000000 2.046264 5.547032
 39.000000 1.775049 5.154195
 40.000000 1.989826 4.262957
 41.000000 2.077054 5.531478
 42.000000 2.075948 5.010171
 43.000000 2.119367 4.942307
 44.000000 2.223753 5.722476
 45.000000 1.847025 4.135808
 46.000000 1.844705 4.162626
 47.000000 1.879777 3.575317
 48.000000 1.886952 2.966298
 49.000000 1.718204 3.748331
 50.000000 1.624306 2.844653
 51.000000 1.605471 2.608044
 52.000000 1.409742 2.104483
 53.000000 1.429213 2.133906
 54.000000 1.474562 2.087366
 55.000000 1.329319 1.466735
 56.000000 1.445787 2.192106
 57.000000 1.438679 1.813493
 58.000000 1.550704 2.303459
 59.000000 1.512922 2.415983
 60.000000 1.430919 2.350146
 61.000000 1.327477 1.970386
 62.000000 1.176663 1.503627
 63.000000 1.126456 1.520595
 64.000000 1.163312 1.727891
 65.000000 1.139957 1.482736
 66.000000 1.157236 1.535885
 67.000000 1.164635 1.472698
 68.000000 1.185609 1.316378
 69.000000 1.224977 1.869239
 70.000000 1.185638 1.503300
 71.000000 1.196447 2.077416
 72.000000 1.214662 2.041559
 73.000000 1.222672 1.831918
 74.000000 1.231487 2.164727
 75.000000 1.210332 2.265464
 76.000000 1.180469 2.012355
 77.000000 1.222578 2.243579
 78.000000 1.238073 2.523192
 79.000000 1.195980 1.681664
 80.000000 1.186172 1.787571
 81.000000 1.183184 1.324354
 82.000000 1.208297 1.140332
 83.000000 1.195990 1.202947
 84.000000 1.248236 1.268521
 85.000000 1.260334 1.615790
 86.000000 1.252479 2.038107
 87.000000 1.319970 2.476299
 88.000000 1.346505 2.973147
 89.000000 1.289365 2.716751
 90.000000 1.335646 2.619683
 91.000000 1.351752 2.355938
 92.000000 1.393769 2.543536
 93.000000 1.361649 2.594289
 94.000000 1.362920 2.675321
 95.000000 1.348898 2.534604
 96.000000 1.391110 2.226283
 97.000000 1.449345 2.658266
 98.000000 1.384887 2.633397
 99.000000 1.433882 2.776466
 100.000000 1.405209 2.626803
 101.000000 1.422710 2.604544
 102.000000 1.363657 2.511414
 103.000000 1.437167 2.850688
 104.000000 1.350366 2.680920
 105.000000 1.380246 3.424678
 106.000000 1.315279 2.934477
 107.000000 1.345839 2.681364
 108.000000 1.365336 3.019947
 109.000000 1.304653 1.925924
 110.000000 1.294966 2.351974
 111.000000 1.319414 2.616094
 112.000000 1.293697 1.957069
 113.000000 1.321822 2.553237
 114.000000 1.324097 2.691765
 115.000000 1.333880 2.656964
 116.000000 1.344190 2.669781
 117.000000 1.230716 2.535918
 118.000000 1.234757 2.453788
 119.000000 1.228875 2.600586
 120.000000 1.218476 2.723492
 121.000000 1.228390 2.718367
 122.000000 1.224941 2.579502
 123.000000 1.249943 2.666812
 124.000000 1.244134 2.587720
 125.000000 1.249726 2.681644
 126.000000 1.252228 2.620324
 127.000000 1.255790 2.761993
 128.000000 1.275756 2.652184
 129.000000 1.285131 2.781786
 130.000000 1.269022 2.461667
 131.000000 1.228163 2.412597
 132.000000 1.304680 2.988521
 133.000000 1.329050 2.040332
 134.000000 1.335071 2.076252
 135.000000 1.314244 2.092442
 136.000000 1.302358 2.074577
 137.000000 1.335383 2.183116
 138.000000 1.318057 2.187981
 139.000000 1.283327 1.957106
 140.000000 1.363263 2.592460
 141.000000 1.305363 1.929950
 142.000000 1.376196 2.334245
 143.000000 1.346370 2.147138
 144.000000 1.323756 2.187833
 145.000000 1.336789 2.225975
 146.000000 1.330419 2.188346
 147.000000 1.310803 2.336276
 148.000000 1.327396 2.144780
 149.000000 1.359879 2.293951
 150.000000 1.307653 2.219230
 151.000000 1.346376 2.194565
 152.000000 1.331389 2.220029
 153.000000 1.366368 2.122570
 154.000000 1.292565 2.181209
 155.000000 1.305291 2.219895
 156.000000 1.289524 1.940734
 157.000000 1.315929 2.157006
 158.000000 1.316692 2.225659
 159.000000 1.314423 2.186806
 160.000000 1.314737 2.062685
 161.000000 1.308039 2.238919
 162.000000 1.296372 2.118593
 163.000000 1.325376 2.223652
 164.000000 1.333252 2.371142
 165.000000 1.296060 2.178618
 166.000000 1.308116 2.310492
 167.000000 1.296186 2.234253
 168.000000 1.355426 2.189569
 169.000000 1.296527 2.144142
 170.000000 1.309737 2.170100
 171.000000 1.340478 2.254132
 172.000000 1.325440 2.381659
 173.000000 1.279604 2.309583
 174.000000 1.319875 2.725714
 175.000000 1.343013 2.582185
 176.000000 1.383071 2.776687
 177.000000 1.331750 2.623693
 178.000000 1.360437 3.115040
 179.000000 1.336558 2.843697
 180.000000 1.336803 2.828254
 181.000000 1.348347 2.927782
 182.000000 1.301481 3.007203
 183.000000 1.183302 1.812481
 184.000000 1.160546 1.907151
 185.000000 1.282953 2.246829
 186.000000 1.262985 2.241618
 187.000000 1.314150 2.635853
 188.000000 1.298487 2.482202
 189.000000 1.286111 1.995334
 190.000000 1.249858 1.948415
 191.000000 1.286026 2.278613
 192.000000 1.249119 2.419332
 193.000000 1.271665 1.959693
 194.000000 1.239791 2.193701
 195.000000 1.275982 2.366906
 196.000000 1.251284 1.989862
 197.000000 1.239441 1.943793
 198.000000 1.251027 1.953250
 199.000000 1.311311 2.432943
 200.000000 1.273267 2.541039
 201.000000 1.250381 1.755268
 202.000000 1.267570 2.201078
 203.000000 1.264287 2.371105
 204.000000 1.238008 2.274735
 205.000000 1.248796 2.666555
 206.000000 1.265536 2.283480
 207.000000 1.268435 2.706706
 208.000000 1.257038 2.872920
 209.000000 1.268233 2.602141
 210.000000 1.283799 2.007750
 211.000000 1.284743 2.827511
 212.000000 1.258186 2.411408
 213.000000 1.324817 3.082737
 214.000000 1.252227 2.421832
 215.000000 1.323474 1.606278
 216.000000 1.325035 1.592989
 217.000000 1.301887 1.591138
 218.000000 1.304439 2.086347
 219.000000 1.293441 1.925568
 220.000000 1.296408 2.103486
 221.000000 1.274368 1.749839
 222.000000 1.251372 1.911172
 223.000000 1.222962 1.678114
 224.000000 1.213476 1.756371
 225.000000 1.196952 1.417810
 226.000000 1.093657 1.138794
 227.000000 1.147360 1.139307
 228.000000 1.210742 1.418456
 229.000000 1.190978 1.153177
 230.000000 1.170687 1.241040
 231.000000 1.171948 1.151175
 232.000000 1.204276 1.158268
 233.000000 1.217435 1.538977
 234.000000 1.218697 1.496049
 235.000000 1.237706 1.714674
 236.000000 1.248708 1.813831
 237.000000 1.263430 1.987161
 238.000000 1.302895 2.025818
 239.000000 1.264180 2.096311
 240.000000 1.268421 3.541486
 241.000000 1.391498 3.799867
 242.000000 1.877937 4.080868
 243.000000 1.671953 3.223467
 244.000000 2.165589 5.542029
 245.000000 2.516173 6.022816
 246.000000 2.942518 7.634735
 247.000000 2.519818 7.904327
 248.000000 2.133145 6.398306
 249.000000 1.874139 5.116531
 250.000000 2.166277 6.795469
 251.000000 2.021904 5.735514
 252.000000 1.659457 5.108424
 253.000000 1.686862 5.010117
 254.000000 1.848629 3.841371
 255.000000 2.238016 5.712457
 256.000000 2.627161 8.341329
 257.000000 3.481758 9.595715
 258.000000 3.342674 8.458803
 259.000000 3.154107 8.946557
 260.000000 3.366191 8.065989
 261.000000 2.913555 8.736754
 262.000000 2.592401 7.249662
 263.000000 3.082224 8.507195
 264.000000 3.704458 7.034746
 265.000000 3.452197 8.070576
 266.000000 3.121278 8.187025
 267.000000 3.182995 8.173300
 268.000000 2.705358 6.853701
 269.000000 2.825571 7.194562
 270.000000 3.160389 6.222365
 271.000000 2.961602 6.114846
 272.000000 3.069568 5.382901
 273.000000 2.807359 7.233611
 274.000000 2.527905 6.716717
 275.000000 2.435709 7.786289
 276.000000 2.462268 8.298253
 277.000000 2.069490 6.305364
 278.000000 2.451785 7.293454
 279.000000 2.240468 6.358262
 280.000000 2.342076 6.751560
 281.000000 2.523295 7.814226
 282.000000 2.694186 8.541347
 283.000000 2.679444 7.683582
 284.000000 2.535145 7.658591
 285.000000 2.412693 6.212991
 286.000000 2.375438 7.566833
 287.000000 2.358991 7.945668
 288.000000 2.338577 7.648901
 289.000000 2.221284 7.660850
 290.000000 1.864977 6.352284
 291.000000 1.718848 4.615267
 292.000000 2.019269 5.703851
 293.000000 1.787298 4.607001
 294.000000 2.033556 5.132211
 295.000000 1.993977 5.078159
 296.000000 1.875290 5.263130
 297.000000 1.732541 4.925162
 298.000000 1.584971 4.480737
 299.000000 1.564754 4.393135
 300.000000 1.659391 4.438824
 301.000000 1.707885 5.284005
 302.000000 1.530709 3.544313
 303.000000 1.700459 4.855769
 304.000000 1.843750 6.168481
 305.000000 1.818088 6.315406
 306.000000 1.947022 6.814307
 307.000000 1.850530 5.940543
 308.000000 1.806625 5.671633
 309.000000 1.706749 5.100197
 310.000000 1.878749 6.593300
 311.000000 1.886105 5.964711
 312.000000 1.732546 4.657320
 313.000000 1.771402 5.143372
 314.000000 1.752781 4.871853
 315.000000 1.703365 4.694083
 316.000000 1.769276 4.455345
 317.000000 1.756688 5.475741
 318.000000 1.775963 5.109246
 319.000000 1.834787 5.826642
 320.000000 1.830422 5.957265
 321.000000 1.867135 6.126587
 322.000000 1.816885 5.665336
 323.000000 1.871650 5.939250
 324.000000 1.899825 6.234023
 325.000000 1.880272 5.969676
 326.000000 1.848818 5.979602
 327.000000 1.954525 6.460046
 328.000000 1.900611 5.854065
 329.000000 1.910239 5.969774
 330.000000 1.832722 4.218330
 331.000000 1.743582 4.297021
 332.000000 1.834837 4.142146
 333.000000 1.711840 3.568112
 334.000000 1.803735 3.943501
 335.000000 1.636787 3.016820
 336.000000 1.727642 2.918188
 337.000000 1.686651 3.010626
 338.000000 1.674037 2.758323
 339.000000 1.651215 2.724770
 340.000000 1.605783 2.305003
 341.000000 1.702014 3.050391
 342.000000 1.660526 3.822678
 343.000000 1.637710 3.712603
 344.000000 1.516105 3.793817
 345.000000 1.506515 3.050451
 346.000000 1.410148 2.477999
 347.000000 1.488217 3.341924
 348.000000 1.627702 3.092638
 349.000000 1.586574 2.897297
 350.000000 1.707681 3.224504
 351.000000 1.867433 4.704223
 352.000000 1.763092 3.711457
 353.000000 1.615768 3.655304
 354.000000 1.380237 3.521920
 355.000000 1.293712 2.992379
 356.000000 1.354773 3.842673
 357.000000 1.573278 4.280537
 358.000000 1.511534 4.377567
 359.000000 1.757915 5.777321
 360.000000 1.769771 4.903468
 361.000000 1.663998 4.240865
 362.000000 1.572765 4.228438
 363.000000 1.562558 4.226753
 364.000000 1.497851 4.024217
 365.000000 1.539216 4.918577
 366.000000 1.641052 4.902893
 367.000000 1.737685 5.163988
 368.000000 1.606586 4.789120
 369.000000 1.669289 4.993927
 370.000000 1.708668 4.713184
 371.000000 1.505220 5.293426
 372.000000 1.629298 5.349721
 373.000000 1.717748 6.311600
 374.000000 1.554682 5.165570
 375.000000 1.515212 5.358727
 376.000000 1.307345 4.532574
 377.000000 1.261912 4.330130
 378.000000 1.313107 4.416339
 379.000000 1.493817 5.001155
 380.000000 1.444038 5.015515
 381.000000 1.319130 4.129967
 382.000000 1.496738 4.560683
 383.000000 1.586443 5.322302
 384.000000 1.630426 5.086599
 385.000000 1.590955 5.539298
 386.000000 1.508444 4.633311
 387.000000 1.359764 4.039302
 388.000000 1.456254 4.023709
 389.000000 1.664218 5.010551
 390.000000 1.565439 4.203897
 391.000000 1.524020 4.083413
 392.000000 1.459882 3.090051
 393.000000 1.384718 3.018676
 394.000000 1.400000 3.050015
 395.000000 1.282411 3.033307
 396.000000 1.243646 2.938307
 397.000000 1.287166 2.606161
 398.000000 1.258965 2.454326
 399.000000 1.343599 2.115133
 400.000000 1.365402 2.028794
 401.000000 1.440318 2.270452
 402.000000 1.469296 2.747035
 403.000000 1.444410 2.640367
 404.000000 1.423344 2.606180
 405.000000 1.366946 2.527060
 406.000000 1.323720 2.236897
 407.000000 1.355945 3.189111
 408.000000 1.457792 3.045896
 409.000000 1.369153 3.076176
 410.000000 1.387629 3.060104
 411.000000 1.396982 3.012248
 412.000000 1.418208 2.784672
 413.000000 1.385522 2.389711
 414.000000 1.313082 2.523663
 415.000000 1.401276 2.667339
 416.000000 1.331772 2.294964
 417.000000 1.539920 3.927771
 418.000000 1.620827 4.101326
 419.000000 1.691876 5.042620
 420.000000 2.011517 5.991080
 421.000000 2.075416 5.514094
 422.000000 2.175404 6.271764
 423.000000 2.380891 7.966176
 424.000000 2.614551 8.879952
 425.000000 2.831511 9.474343
 426.000000 2.893472 8.927865
 427.000000 2.920811 6.577543
 428.000000 3.180823 5.490672
 429.000000 2.522177 6.671360
 430.000000 2.544978 7.324185
 431.000000 2.323637 5.838727
 432.000000 2.207156 5.534802
 433.000000 2.461367 6.440269
 434.000000 2.519635 7.188194
 435.000000 3.020167 9.596767
 436.000000 3.408956 10.831560
 437.000000 3.666895 10.105775
 438.000000 3.580539 9.943120
 439.000000 3.315462 9.647105
 440.000000 3.410850 9.715778
 441.000000 3.209132 7.129888
 442.000000 2.962795 8.666395
 443.000000 2.884985 6.538716
 444.000000 2.927065 6.642292
 445.000000 2.881066 6.360083
 446.000000 2.579274 6.288772
 447.000000 2.417028 6.873054
 448.000000 2.724584 6.195789
 449.000000 2.723045 5.878050
 450.000000 2.640604 6.815676
 451.000000 2.794800 5.829325
 452.000000 2.573425 4.664517
 453.000000 2.841569 4.959707
 454.000000 2.792608 5.872917
 455.000000 2.728220 5.960039
 456.000000 2.454276 5.636979
 457.000000 2.191063 6.275340
 458.000000 2.210327 6.416056
 459.000000 2.229460 4.985659
 460.000000 2.033921 5.086776
 461.000000 1.944943 4.445332
 462.000000 1.992227 4.296072
 463.000000 2.233440 5.574350
 464.000000 2.096052 4.364004
 465.000000 2.037075 4.103375
 466.000000 2.463397 6.920995
 467.000000 2.543638 7.721993
 468.000000 2.668708 6.672284
 469.000000 2.866156 8.911099
 470.000000 2.537222 7.399248
 471.000000 2.322949 6.526378
 472.000000 2.299263 6.352328
 473.000000 2.906936 9.386068
 474.000000 2.482031 8.133620
 475.000000 2.541375 7.488342
 476.000000 2.276357 5.116900
 477.000000 2.206044 5.542290
 478.000000 2.277651 6.978343
 479.000000 2.412436 7.376632
 480.000000 2.276540 7.217006
 481.000000 2.329932 7.914345
 482.000000 2.423883 7.266576
 483.000000 2.448266 7.774728
 484.000000 2.430561 7.278642
 485.000000 2.382059 7.446436
 486.000000 2.172807 6.807579
 487.000000 2.627511 8.491636
 488.000000 2.492169 8.155608
 489.000000 2.583666 7.246580
 490.000000 2.697417 7.356581
 491.000000 2.402613 6.385147
 492.000000 2.434579 6.321331
 493.000000 2.758201 7.987540
 494.000000 2.499392 5.900826
 495.000000 2.620304 7.739159
 496.000000 2.656105 7.483229
 497.000000 2.499170 6.642833
 498.000000 2.769638 8.399341
 499.000000 2.647265 7.801948
 500.000000 2.712339 8.287121
 501.000000 2.460757 7.495369
 502.000000 2.637712 7.402719
 503.000000 2.438636 6.906669
 504.000000 2.444742 6.956625
 505.000000 2.055734 5.899647
 506.000000 2.527114 8.060319
 507.000000 2.347930 7.346558
 508.000000 2.333034 7.433797
 509.000000 2.257231 7.173668
 510.000000 2.135610 5.848740
 511.000000 1.714631 4.166178
 512.000000 1.842010 4.598671
 513.000000 1.748526 5.043241
 514.000000 1.549285 4.159891
 515.000000 1.647189 4.859580
 516.000000 1.831861 4.648017
 517.000000 1.883961 3.954021
 518.000000 2.129013 4.860700
 519.000000 2.055181 5.288098
 520.000000 1.946099 4.640835
 521.000000 1.744274 4.253399
 522.000000 1.924424 4.802596
 523.000000 1.888226 4.965292
 524.000000 1.962917 5.288764
 525.000000 1.927648 3.443708
 526.000000 1.884357 4.806140
 527.000000 2.041043 3.640880
 528.000000 2.094517 4.911860
 529.000000 1.920571 4.298100
 530.000000 2.108123 6.158343
 531.000000 2.542418 6.751231
 532.000000 2.374554 6.912465
 533.000000 2.074491 5.235835
 534.000000 2.143553 6.313651
 535.000000 2.117836 6.220963
 536.000000 2.013816 5.753244
 537.000000 2.065760 5.341773
 538.000000 1.908802 5.064925
 539.000000 2.046952 5.768938
 540.000000 1.920065 5.151230
 541.000000 1.968901 5.834631
 542.000000 2.087636 6.560665
 543.000000 1.938107 5.541636
 544.000000 1.894721 5.386023
 545.000000 1.829133 5.456431
 546.000000 2.137424 5.549026
 547.000000 2.038413 5.819538
 548.000000 2.047802 5.834615
 549.000000 2.076819 5.883236
 550.000000 1.929633 4.319056
 551.000000 1.721753 2.715256
 552.000000 1.850094 3.492046
 553.000000 1.721337 4.146718
 554.000000 2.058180 5.750912
 555.000000 1.996413 5.463581
 556.000000 1.690540 3.904604
 557.000000 1.554080 3.758574
 558.000000 1.455058 3.785034
 559.000000 1.462821 2.987299
 560.000000 1.421525 3.735331
 561.000000 1.483323 3.836446
 562.000000 1.559858 3.361904
 563.000000 1.591239 2.223821
 564.000000 1.504886 2.196023
 565.000000 1.588375 2.847710
 566.000000 1.729035 3.842587
 567.000000 1.857063 4.227473
 568.000000 1.875457 4.706406
 569.000000 1.893038 4.748029
 570.000000 1.810104 4.481181
 571.000000 1.691461 4.890230
 572.000000 2.008905 5.758300
 573.000000 2.064354 6.199177
 574.000000 1.909096 5.522169
 575.000000 2.028810 5.281961
 576.000000 2.065662 5.107021
 577.000000 2.120618 5.869164
 578.000000 2.080866 5.589178
 579.000000 2.031061 5.091122
 580.000000 2.030663 4.101824
 581.000000 1.969397 4.906213
 582.000000 1.932561 5.535961
 583.000000 1.915153 5.684621
 584.000000 1.861859 5.495030
 585.000000 1.962268 5.695337
 586.000000 2.085970 6.241126
 587.000000 2.008298 6.199792
 588.000000 2.156100 6.777148
 589.000000 2.042267 5.593883
 590.000000 2.583241 7.446662
 591.000000 3.070376 8.484010
 592.000000 2.926366 8.764966
 593.000000 2.627882 6.800366
 594.000000 2.564790 6.701230
 595.000000 2.597741 7.337013
 596.000000 2.777647 7.476848
 597.000000 2.633866 7.194743
 598.000000 2.470764 6.957124
 599.000000 2.328139 6.686639
 600.000000 2.196257 7.139909
 601.000000 2.375077 7.521536
 602.000000 2.459039 8.014797
 603.000000 2.149125 6.725247
 604.000000 2.131173 6.108421
 605.000000 2.019139 5.044504
 606.000000 2.030506 5.020220
 607.000000 2.058269 5.425952
 608.000000 2.073926 5.072505
 609.000000 2.095532 5.684135
 610.000000 2.048302 5.654310
 611.000000 2.072089 5.734675
 612.000000 1.937176 4.927551
 613.000000 1.988250 5.200751
 614.000000 2.049657 5.758386
 615.000000 2.033143 5.491761
 616.000000 2.016996 4.958081
 617.000000 2.067652 5.158722
 618.000000 2.210919 6.917189
 619.000000 2.317491 6.974622
 620.000000 2.223261 6.778719
 621.000000 2.375596 5.775283
 622.000000 2.431308 6.880271
 623.000000 2.311067 6.314353
 624.000000 2.435260 6.340153
 625.000000 2.314686 6.480031
 626.000000 2.215176 6.416321
 627.000000 2.260005 6.921127
 628.000000 2.143821 6.441500
 629.000000 2.189411 6.672299
 630.000000 2.130075 6.337154
 631.000000 2.080652 5.878209
 632.000000 2.159203 5.637547
 633.000000 2.117069 4.943171
 634.000000 2.113373 5.119972
 635.000000 2.150976 5.635007
 636.000000 2.196827 5.600133
 637.000000 2.183258 5.947427
 638.000000 2.164973 5.841150
 639.000000 2.189759 5.251726
 640.000000 1.926800 4.796017
 641.000000 2.168714 5.284000
 642.000000 2.053473 5.177413
 643.000000 2.256497 5.936361
 644.000000 2.214693 5.707037
 645.000000 2.270870 6.014145
 646.000000 2.253713 6.390361
 647.000000 2.280926 6.101310
 648.000000 2.297926 6.454425
 649.000000 2.240661 6.091405
 650.000000 2.189116 6.218979
 651.000000 2.235606 5.927266
 652.000000 2.026616 5.417579
 653.000000 1.700052 4.349684
 654.000000 1.826727 4.653666
 655.000000 1.902176 3.626789
 656.000000 1.763669 3.605081
 657.000000 1.787044 3.572455
 658.000000 1.565706 4.198438
 659.000000 1.302557 3.962341
 660.000000 1.027328 2.693974
 661.000000 0.961635 1.851841
 662.000000 0.965505 1.767696
 663.000000 0.931370 1.861429
 664.000000 0.913084 1.854586
 665.000000 0.898383 1.826598
 666.000000 0.859356 1.788810
 667.000000 0.865938 1.834017
 668.000000 0.865260 1.609957
 669.000000 0.916067 1.733769
 670.000000 0.969633 2.318571
 671.000000 0.950869 2.095519
 672.000000 0.962238 2.277439
 673.000000 0.981322 2.594030
 674.000000 0.914139 2.570750
 675.000000 0.906434 2.445535
 676.000000 0.916829 2.532492
 677.000000 0.919603 2.293278
 678.000000 0.925762 2.577698
 679.000000 0.968890 2.560828
 680.000000 0.935320 1.972476
 681.000000 0.961315 2.468844
 682.000000 0.906755 2.141991
 683.000000 0.971058 2.095519
 684.000000 0.983602 2.206566
 685.000000 1.028043 2.121909
 686.000000 1.022012 1.976086
 687.000000 1.174235 1.878542
 688.000000 1.375416 1.748699
 689.000000 1.349533 1.704127
 690.000000 1.162712 1.967712
 691.000000 1.194555 2.054454
 692.000000 1.124749 1.805575
 693.000000 1.056799 1.803339
 694.000000 1.103737 2.038462
 695.000000 1.151281 1.788541
 696.000000 1.241694 2.739625
 697.000000 1.163361 2.245728
 698.000000 1.061942 1.239352
 699.000000 1.075096 1.771848
 700.000000 1.005498 1.836612
 701.000000 0.994212 1.825831
 702.000000 1.054073 2.886509
 703.000000 1.079201 3.221762
 704.000000 1.090482 2.789169
 705.000000 1.044872 2.954840
 706.000000 1.054495 2.928225
 707.000000 1.075868 2.863140
 708.000000 1.077301 2.610060
 709.000000 1.024060 2.493685
 710.000000 1.110766 3.145669
 711.000000 1.107235 2.625116
 712.000000 1.090389 2.519778
 713.000000 1.113756 2.590710
 714.000000 1.191667 2.966796
 715.000000 1.169132 3.271201
 716.000000 1.153700 3.515728
 717.000000 1.176590 3.405242
 718.000000 1.166550 3.429619
 719.000000 1.102174 2.743095
 720.000000 1.157501 3.194125
 721.000000 1.182552 3.174741
 722.000000 1.190384 3.475012
 723.000000 1.268416 3.706554
 724.000000 1.254763 3.008088
 725.000000 1.433729 4.386375
 726.000000 1.314895 3.360870
 727.000000 1.341924 3.726523
 728.000000 1.306787 3.454636
 729.000000 1.548487 4.219324
 730.000000 1.535402 3.299771
 731.000000 1.785976 4.344446
 732.000000 1.719219 3.525969
 733.000000 1.829237 3.601170
 734.000000 1.949380 4.659817
 735.000000 1.947157 4.175516
 736.000000 1.925524 4.559719
 737.000000 2.103820 5.024571
 738.000000 2.142468 4.948350
 739.000000 2.062863 4.937672
 740.000000 2.037332 4.159625
 741.000000 1.970330 3.820886
 742.000000 1.637938 3.473079
 743.000000 1.744404 3.960319
 744.000000 1.474714 3.214125
 745.000000 1.461682 3.131586
 746.000000 1.324135 1.965748
 747.000000 1.330924 1.186673
 748.000000 1.256310 1.356794
 749.000000 1.272600 1.375509
 750.000000 1.332637 2.103669
 751.000000 1.225586 1.866589
 752.000000 1.234188 1.550978
 753.000000 1.205433 1.759065
 754.000000 1.180885 1.903536
 755.000000 1.205183 1.882240
 756.000000 1.286630 1.928770
 757.000000 1.347635 1.844769
 758.000000 1.395820 1.637585
 759.000000 1.297220 1.874015
 760.000000 1.334648 1.746640
 761.000000 1.359387 1.483557
 762.000000 1.258717 1.436162
 763.000000 1.296538 2.093148
 764.000000 1.343969 1.871535
 765.000000 1.344778 1.772445
 766.000000 1.317361 1.686770
 767.000000 1.310165 2.064288
 768.000000 1.269463 1.660313
 769.000000 1.355886 1.822930
 770.000000 1.392607 2.093530
 771.000000 1.419400 2.186519
 772.000000 1.343105 2.205876
 773.000000 1.324583 2.190987
 774.000000 1.287709 1.808030
 775.000000 1.290863 1.472491
 776.000000 1.281094 1.246260
 777.000000 1.194259 1.308974
 778.000000 1.177159 1.541787
 779.000000 1.199411 1.372564
 780.000000 1.175419 1.434795
 781.000000 1.239901 1.537474
 782.000000 1.233978 1.517829
 783.000000 1.307046 1.919975
 784.000000 1.282909 1.626286
 785.000000 1.222433 1.500840
 786.000000 1.235275 1.581781
 787.000000 1.222399 1.633829
 788.000000 1.238149 1.521149
 789.000000 1.216902 1.436532
 790.000000 1.208047 1.337674
 791.000000 1.246213 1.557837
 792.000000 1.225278 1.374510
 793.000000 1.215454 1.391781
 794.000000 1.206083 1.466348
 795.000000 1.252892 1.537166
 796.000000 1.187716 1.361394
 797.000000 1.286083 2.083344
 798.000000 1.234198 2.141051
 799.000000 1.281970 2.409270
 800.000000 1.274135 2.594770
 801.000000 1.262712 2.451838
 802.000000 1.217788 1.486908
 803.000000 1.224903 1.474519
 804.000000 1.273022 1.566807
 805.000000 1.192175 1.483373
 806.000000 1.222413 1.382199
 807.000000 1.178961 1.532293
 808.000000 1.256776 1.450751
 809.000000 1.231715 1.603432
 810.000000 1.248446 1.424862
 811.000000 1.192813 1.387669
 812.000000 1.255010 1.345509
 813.000000 1.205290 1.401974
 814.000000 1.228536 1.487514
 815.000000 1.260989 1.712555
 816.000000 1.275561 1.625329
 817.000000 1.315412 1.553935
 818.000000 1.292690 1.738023
 819.000000 1.283426 1.472532
 820.000000 1.295958 1.562949
 821.000000 1.347713 1.824947
 822.000000 1.308254 1.805041
 823.000000 1.461940 3.622448
 824.000000 1.399169 3.570764
 825.000000 1.356553 3.115865
 826.000000 1.437284 3.957587
 827.000000 1.247101 2.909760
 828.000000 1.291382 2.783119
 829.000000 1.274423 2.653427
 830.000000 1.253188 2.614051
 831.000000 1.307468 2.803222
 832.000000 1.260011 3.041057
 833.000000 1.329684 3.108902
 834.000000 1.264299 2.705707
 835.000000 1.253828 3.127916
 836.000000 1.239535 3.238831
 837.000000 1.248336 2.533132
 838.000000 1.200809 2.589455
 839.000000 1.198163 2.621652
 840.000000 1.167731 3.059322
 841.000000 1.152448 3.052777
 842.000000 1.181292 2.602141
 843.000000 1.215396 2.760815
 844.000000 1.227688 3.039156
 845.000000 1.181207 2.465481
 846.000000 1.192671 3.077613
 847.000000 1.196056 2.985151
 848.000000 1.237711 3.232351
 849.000000 1.231857 3.211253
 850.000000 1.179369 2.922051
 851.000000 1.238479 3.152673
 852.000000 1.222692 3.241539
 853.000000 1.243451 3.255209
 854.000000 1.259293 2.796871
 855.000000 1.257572 2.885836
 856.000000 1.143880 2.768139
 857.000000 1.142229 2.473059
 858.000000 1.125414 2.490485
 859.000000 1.139104 2.391941
 860.000000 1.179408 2.656281
 861.000000 1.171733 2.398311
 862.000000 1.148791 2.475084
 863.000000 1.229164 2.185708
 864.000000 1.201516 2.142419
 865.000000 1.176050 2.221544
 866.000000 1.164525 2.161231
 867.000000 1.161662 2.275847
 868.000000 1.166951 2.315326
 869.000000 1.137730 2.332929
 870.000000 1.160526 2.111509
 871.000000 1.186593 2.158127
 872.000000 1.162821 2.482411
 873.000000 1.223579 1.620876
 874.000000 1.200462 1.997890
 875.000000 1.166552 1.930953
 876.000000 1.167067 2.227045
 877.000000 1.160793 2.241498
 878.000000 1.156393 2.082123
 879.000000 1.183415 2.048091
 880.000000 1.191325 1.804337
 881.000000 1.203545 1.958880
 882.000000 1.207561 1.944517
 883.000000 1.210149 2.026108
 884.000000 1.265854 2.110218
 885.000000 1.210308 1.805645
 886.000000 1.241309 1.825968
 887.000000 1.220136 1.787469
 888.000000 1.237762 1.682520
 889.000000 1.223950 1.689572
 890.000000 1.210141 1.560794
 891.000000 1.233616 1.844901
 892.000000 1.182993 1.714952
 893.000000 1.179460 1.567164
 894.000000 1.143367 1.826967
 895.000000 1.158307 1.871725
 896.000000 1.149208 1.888337
 897.000000 1.154194 1.859720
 898.000000 1.192208 1.790228
 899.000000 1.177530 1.729844
 900.000000 1.144213 1.799713
 901.000000 1.202837 1.771897
 902.000000 1.167380 1.790943
 903.000000 1.242408 1.885247
 904.000000 1.238438 1.803541
 905.000000 1.257312 1.776596
 906.000000 1.244710 1.982681
 907.000000 1.242773 2.031328
 908.000000 1.228831 1.989349
 909.000000 1.224546 1.757899
 910.000000 1.237208 1.950925
 911.000000 1.198450 1.733239
 912.000000 1.166263 1.293588
 913.000000 1.134622 1.470782
 914.000000 1.157848 1.399906
 915.000000 1.154360 1.566639
 916.000000 1.168481 1.552625
 917.000000 1.173727 1.553277
 918.000000 1.155600 1.688646
 919.000000 1.152220 1.822447
 920.000000 1.165581 1.710574
 921.000000 1.145378 1.720810
 922.000000 1.150940 1.782879
 923.000000 1.168888 1.848923
 924.000000 1.200471 1.785627
 925.000000 1.182669 1.453105
 926.000000 1.184414 1.653908
 927.000000 1.169596 1.621484
 928.000000 1.170285 1.630779
 929.000000 1.169428 1.660224
 930.000000 1.179874 1.636586
 931.000000 1.207741 1.728480
 932.000000 1.163796 1.502636
 933.000000 1.185991 1.696066
 934.000000 1.172777 1.698288
 935.000000 1.193197 1.585820
 936.000000 1.186311 1.622563
 937.000000 1.195585 1.727862
 938.000000 1.180130 1.733901
 939.000000 1.176628 1.510598
 940.000000 1.138657 1.739037
 941.000000 1.166840 1.547615
 942.000000 1.178424 1.523693
 943.000000 1.168485 1.594295
 944.000000 1.185162 1.626829
 945.000000 1.192850 1.607361
 946.000000 1.150504 1.564900
 947.000000 1.180988 1.669013
 948.000000 1.205770 1.762116
 949.000000 1.196511 1.711188
 950.000000 1.207653 1.763629
 951.000000 1.176399 1.752912
 952.000000 1.211708 1.930240
 953.000000 1.190180 1.892413
 954.000000 1.213541 1.693142
 955.000000 1.170938 1.641432
 956.000000 1.175591 1.689302
 957.000000 1.159715 1.627741
 958.000000 1.174866 1.633882
 959.000000 1.149162 1.562292
 960.000000 1.180643 1.615281
 961.000000 1.153349 1.631699
 962.000000 1.151645 1.617253
 963.000000 1.178938 1.690278
 964.000000 1.180192 1.745941
 965.000000 1.174549 1.703793
 966.000000 1.135342 1.675496
 967.000000 1.167943 1.777039
 968.000000 1.160039 1.572378
 969.000000 1.194627 1.655810
 970.000000 1.190091 1.712331
 971.000000 1.186442 1.672156
 972.000000 1.175005 1.756419
 973.000000 1.171040 1.669572
 974.000000 1.179742 1.766808
 975.000000 1.165737 1.571119
 976.000000 1.160434 1.525108
 977.000000 1.139965 1.744889
 978.000000 1.140163 1.765391
 979.000000 1.166916 1.840820
 980.000000 1.141729 1.581220
 981.000000 1.144661 1.682644
 982.000000 1.143109 1.668131
 983.000000 1.168571 1.662444
 984.000000 1.152880 1.436235
 985.000000 1.174662 1.558931
 986.000000 1.143670 1.361977
 987.000000 1.181404 1.563310
 988.000000 1.188426 1.542302
 989.000000 1.222065 1.805434
 990.000000 1.210910 1.130111
 991.000000 1.229646 1.518972
 992.000000 1.231215 1.487677
 993.000000 1.238726 1.787450
 994.000000 1.233601 1.787901
 995.000000 1.188002 1.642878
 996.000000 1.229633 1.747040
 997.000000 1.236225 1.675973
 998.000000 1.217181 1.704779
 999.000000 1.249090 1.957967
 1000.000000 1.175390 1.867191
 1001.000000 1.211841 1.697512
 1002.000000 1.176761 1.539301
 1003.000000 1.164626 1.778406
 1004.000000 1.252002 2.215149
 1005.000000 1.285462 2.503814
 1006.000000 1.286519 2.526832
 1007.000000 1.348760 2.735274
 1008.000000 1.313649 2.660583
 1009.000000 1.447791 2.784591
 1010.000000 1.385494 2.465781
 1011.000000 1.250296 2.058993
 1012.000000 1.282544 1.996912
 1013.000000 1.265950 1.835339
 1014.000000 1.278199 1.614815
 1015.000000 1.314056 1.385459
 1016.000000 1.371520 1.302860
 1017.000000 1.447098 1.363311
 1018.000000 1.362369 1.292041
 1019.000000 1.356584 1.092059
 1020.000000 1.302222 1.446309
 1021.000000 1.372070 1.672565
 1022.000000 1.349918 1.596603
 1023.000000 1.309683 1.335251
 1024.000000 1.352662 1.339481
 1025.000000 1.371928 1.395214
 1026.000000 1.310857 1.531394
 1027.000000 1.356946 1.739896
 1028.000000 1.300123 1.387307
 1029.000000 1.302190 1.451076
 1030.000000 1.291422 1.572933
 1031.000000 1.297646 1.329097
 1032.000000 1.269950 1.395858
 1033.000000 1.309049 1.231233
 1034.000000 1.298013 1.135201
 1035.000000 1.317539 1.158215
 1036.000000 1.307123 1.218467
 1037.000000 1.282629 1.490566
 1038.000000 1.277002 1.479727
 1039.000000 1.291907 1.401430
 1040.000000 1.258561 1.482029
 1041.000000 1.268490 1.458619
 1042.000000 1.192903 1.782581
 1043.000000 1.172995 1.781506
 1044.000000 1.200743 2.214328
 1045.000000 1.151519 1.889119
 1046.000000 1.151268 1.969198
 1047.000000 1.169105 1.942882
 1048.000000 1.155967 1.869786
 1049.000000 1.158254 2.101387
 1050.000000 1.175402 1.953038
 1051.000000 1.206144 1.816935
 1052.000000 1.177180 1.657889
 1053.000000 1.194800 1.837610
 1054.000000 1.193835 1.801778
 1055.000000 1.194842 1.788804
 1056.000000 1.208585 1.882471
 1057.000000 1.191120 1.720689
 1058.000000 1.191794 1.671015
 1059.000000 1.219309 2.065280
 1060.000000 1.227742 1.875438
 1061.000000 1.229461 2.110750
 1062.000000 1.215661 2.164037
 1063.000000 1.165685 1.951863
 1064.000000 1.176550 2.066234
 1065.000000 1.164486 2.098373
 1066.000000 1.185872 2.158315
 1067.000000 1.214449 2.319473
 1068.000000 1.186589 2.163847
 1069.000000 1.191585 2.143696
 1070.000000 1.184151 1.695913
 1071.000000 1.194582 1.740686
 1072.000000 1.192329 1.715110
 1073.000000 1.187662 1.669889
 1074.000000 1.195360 1.471147
 1075.000000 1.190739 2.075983
 1076.000000 1.197037 1.835769
 1077.000000 1.194014 1.908883
 1078.000000 1.197241 1.543128
 1079.000000 1.187353 2.228400
 1080.000000 1.196868 2.467828
 1081.000000 1.227118 1.629537
 1082.000000 1.198024 2.021636
 1083.000000 1.202653 1.897090
 1084.000000 1.196670 1.970447
 1085.000000 1.208216 1.960007
 1086.000000 1.157597 1.712680
 1087.000000 1.177149 1.527846
 1088.000000 1.179032 1.501037
 1089.000000 1.229920 1.841350
 1090.000000 1.188594 1.992697
 1091.000000 1.206298 2.170598
 1092.000000 1.172656 2.002594
 1093.000000 1.207032 2.019754
 1094.000000 1.203030 1.632894
 1095.000000 1.189731 1.585380
 1096.000000 1.203933 1.876018
 1097.000000 1.183533 1.777534
 1098.000000 1.139976 1.999266
 1099.000000 1.159478 1.897690
 1100.000000 1.169210 1.816216
 1101.000000 1.199325 2.047193
 1102.000000 1.211802 2.056473
 1103.000000 1.222975 2.146918
 1104.000000 1.252231 2.124604
 1105.000000 1.257855 2.292354
 1106.000000 1.225903 2.050055
 1107.000000 1.220712 2.002953
 1108.000000 1.197980 2.051214
 1109.000000 1.141382 1.795602
 1110.000000 1.206445 1.618505
 1111.000000 1.165068 2.219034
 1112.000000 1.202997 1.336337
 1113.000000 1.193382 1.593725
 1114.000000 1.185860 1.236954
 1115.000000 1.197088 2.730699
 1116.000000 1.198903 2.782175
 1117.000000 1.280444 2.943691
 1118.000000 1.228542 3.659415
 1119.000000 1.312432 3.141733
 1120.000000 1.239841 3.050934
 1121.000000 1.177338 3.025153
 1122.000000 1.256977 2.896605
 1123.000000 1.232966 3.484860
 1124.000000 1.264167 3.133282
 1125.000000 1.232819 3.768742
 1126.000000 1.304920 4.226354
 1127.000000 1.282118 3.545934
 1128.000000 1.267550 3.736432
 1129.000000 1.216542 3.055183
 1130.000000 1.287550 3.862682
 1131.000000 1.235958 3.340975
 1132.000000 1.240685 3.615391
 1133.000000 1.282265 3.865621
 1134.000000 1.286539 2.953834
 1135.000000 1.293671 3.456125
 1136.000000 1.252834 3.089824
 1137.000000 1.267345 2.757315
 1138.000000 1.239846 2.972770
 1139.000000 1.278622 3.246278
 1140.000000 1.280490 3.519014
 1141.000000 1.299328 3.669189
 1142.000000 1.287429 3.579476
 1143.000000 1.260501 3.248394
 1144.000000 1.339709 2.919275
 1145.000000 1.322943 3.683427
 1146.000000 1.287873 3.427645
 1147.000000 1.320455 3.568162
 1148.000000 1.386698 3.249517
 1149.000000 1.343198 3.375666
 1150.000000 1.318839 3.378325
 1151.000000 1.313729 3.501265
 1152.000000 1.318984 3.437820
 1153.000000 1.292697 3.460871
 1154.000000 1.265025 3.618591
 1155.000000 1.272769 3.808572
 1156.000000 1.288172 3.577691
 1157.000000 1.310282 3.418464
 1158.000000 1.237189 3.176982
 1159.000000 1.248534 2.762879
 1160.000000 1.214219 3.372011
 1161.000000 1.254621 3.695441
 1162.000000 1.296856 3.136726
 1163.000000 1.239132 2.707883
 1164.000000 1.225396 2.046081
 1165.000000 1.362504 3.084235
 1166.000000 1.341493 3.352164
 1167.000000 1.352165 2.948614
 1168.000000 1.201570 3.111083
 1169.000000 1.225509 3.678294
 1170.000000 1.215060 3.699258
 1171.000000 1.202144 3.067066
 1172.000000 1.201434 2.875723
 1173.000000 1.147800 3.016390
 1174.000000 1.155469 2.469954
 1175.000000 1.074603 2.028031
 1176.000000 1.079426 1.991101
 1177.000000 1.074834 1.941840
 1178.000000 1.129032 2.104408
 1179.000000 1.135192 2.384550
 1180.000000 1.146009 2.162037
 1181.000000 1.120218 2.209119
 1182.000000 1.188728 2.378961
 1183.000000 1.223767 2.534963
 1184.000000 1.121864 2.469252
 1185.000000 1.206073 2.092997
 1186.000000 1.170665 2.089157
 1187.000000 1.228175 2.370255
 1188.000000 1.165789 2.232061
 1189.000000 1.144660 2.235430
 1190.000000 1.189835 2.172510
 1191.000000 1.244772 2.185224
 1192.000000 1.189480 2.122987
 1193.000000 1.159250 2.016956
 1194.000000 1.197631 2.247983
 1195.000000 1.206530 2.118990
 1196.000000 1.215439 2.172272
 1197.000000 1.240011 2.118823
 1198.000000 1.249584 2.077732
 1199.000000 1.261936 1.940487
 1200.000000 1.270922 2.090515
 1201.000000 1.287540 2.088797
 1202.000000 1.239880 2.077867
 1203.000000 1.300451 2.005740
 1204.000000 1.251905 2.078400
 1205.000000 1.311072 2.124470
 1206.000000 1.254046 1.989822
 1207.000000 1.283462 1.938182
 1208.000000 1.257243 2.038110
 1209.000000 1.282253 2.257280
 1210.000000 1.303048 2.228938
 1211.000000 1.327504 2.086289
 1212.000000 1.373041 2.074088
 1213.000000 1.431893 2.123495
 1214.000000 1.493505 2.263907
 1215.000000 1.592358 2.155402
 1216.000000 1.506052 2.064714
 1217.000000 1.470089 2.079098
 1218.000000 1.444657 2.072771
 1219.000000 1.440450 2.026919
 1220.000000 1.476383 1.920486
 1221.000000 1.497505 1.598715
 1222.000000 1.522760 1.741824
 1223.000000 1.496371 1.502055
 1224.000000 1.483665 1.327867
 1225.000000 1.496142 1.263312
 1226.000000 1.481120 1.381593
 1227.000000 1.479867 1.301858
 1228.000000 1.537980 1.225725
 1229.000000 1.485610 1.356316
 1230.000000 1.488042 1.333166
 1231.000000 1.466552 1.462669
 1232.000000 1.380972 1.396508
 1233.000000 1.419566 1.454948
 1234.000000 1.380956 1.531666
 1235.000000 1.457529 1.525706
 1236.000000 1.462888 1.355668
 1237.000000 1.470011 1.148384
 1238.000000 1.420192 1.457503
 1239.000000 1.446147 1.416680
 1240.000000 1.455688 1.201034
 1241.000000 1.411230 1.428930
 1242.000000 1.424680 1.053179
 1243.000000 1.444846 1.343874
 1244.000000 1.421838 1.014982
 1245.000000 1.433475 1.069446
 1246.000000 1.433860 0.902729
 1247.000000 1.484464 1.045197
 1248.000000 1.451323 1.169942
 1249.000000 1.463027 1.072725
 1250.000000 1.447641 1.091547
 1251.000000 1.506096 0.981903
 1252.000000 1.456403 0.995877
 1253.000000 1.497506 0.946395
 1254.000000 1.358381 1.186866
 1255.000000 1.462014 1.098810
 1256.000000 1.508857 1.102575
 1257.000000 1.444541 1.334834
 1258.000000 1.477648 1.214007
 1259.000000 1.497184 1.056602
 1260.000000 1.484528 0.763241
 1261.000000 1.496612 0.814110
 1262.000000 1.493104 0.848742
 1263.000000 1.472461 1.261288
 1264.000000 1.468406 1.200001
 1265.000000 1.511241 0.915229
 1266.000000 1.533648 0.941154
 1267.000000 1.534047 0.691918
 1268.000000 1.560688 0.851702
 1269.000000 1.555299 0.829003
 1270.000000 1.536942 0.605599
 1271.000000 1.487363 1.087882
 1272.000000 1.452056 1.092223
 1273.000000 1.501972 0.880465
 1274.000000 1.480696 1.154086
 1275.000000 1.454374 1.135802
 1276.000000 1.459547 1.269376
 1277.000000 1.416191 1.787438
 1278.000000 1.400619 1.773851
 1279.000000 1.386136 2.299851
 1280.000000 1.391074 2.410157
 1281.000000 1.488074 2.463254
 1282.000000 1.427220 2.616754
 1283.000000 1.431318 2.111713
 1284.000000 1.442297 2.114732
 1285.000000 1.461329 2.003209
 1286.000000 1.453324 2.118231
 1287.000000 1.417143 2.156879
 1288.000000 1.456447 1.911571
 1289.000000 1.443487 2.275601
 1290.000000 1.383418 2.429157
 1291.000000 1.407590 2.051857
 1292.000000 1.439524 1.797743
 1293.000000 1.455401 1.863173
 1294.000000 1.389456 1.898045
 1295.000000 1.436212 2.169565
 1296.000000 1.336892 1.834074
 1297.000000 1.415547 1.518502
 1298.000000 1.340323 2.043366
 1299.000000 1.362622 1.997828
 1300.000000 1.433524 2.060517
 1301.000000 1.424277 1.838556
 1302.000000 1.394278 1.761432
 1303.000000 1.390219 1.946339
 1304.000000 1.419619 2.127101
 1305.000000 1.428266 1.814606
 1306.000000 1.400608 1.954564
 1307.000000 1.406882 1.951579
 1308.000000 1.390196 2.110008
 1309.000000 1.385768 1.998414
 1310.000000 1.416930 2.121330
 1311.000000 1.358313 1.834237
 1312.000000 1.364046 1.853758
 1313.000000 1.326665 1.823610
 1314.000000 1.338272 2.184720
 1315.000000 1.357837 2.110874
 1316.000000 1.246414 2.633732
 1317.000000 1.352201 2.243866
 1318.000000 1.446883 1.983315
 1319.000000 1.445252 2.043712
 1320.000000 1.411828 2.564491
 1321.000000 1.438301 2.744087
 1322.000000 1.427128 2.658435
 1323.000000 1.457082 2.551194
 1324.000000 1.503897 2.449850
 1325.000000 1.411655 2.812348
 1326.000000 1.387841 2.594824
 1327.000000 1.370406 2.802871
 1328.000000 1.379249 2.430096
 1329.000000 1.415760 2.390188
 1330.000000 1.420878 2.795974
 1331.000000 1.386860 2.335521
 1332.000000 1.359818 2.280297
 1333.000000 1.313865 2.384854
 1334.000000 1.357750 2.241267
 1335.000000 1.392730 2.054403
 1336.000000 1.375006 2.565491
 1337.000000 1.381877 2.396962
 1338.000000 1.593900 1.520964
 1339.000000 1.587274 1.416406
 1340.000000 1.572222 1.283855
 1341.000000 1.588659 1.608047
 1342.000000 1.547820 2.489824
 1343.000000 1.519758 1.901359
 1344.000000 1.488329 3.535409
 1345.000000 1.569675 3.676061
 1346.000000 1.635035 3.534501
 1347.000000 1.616912 2.889485
 1348.000000 1.573135 2.943358
 1349.000000 1.562172 2.902987
 1350.000000 1.709504 2.245112
 1351.000000 1.595293 1.547153
 1352.000000 1.706582 1.930694
 1353.000000 1.867604 3.540206
 1354.000000 1.843473 4.009074
 1355.000000 1.759955 3.039082
 1356.000000 1.898899 4.081787
 1357.000000 1.952982 4.631448
 1358.000000 1.919059 4.317352
 1359.000000 1.948925 4.950037
 1360.000000 2.222917 6.394700
 1361.000000 2.374490 6.028860
 1362.000000 2.232393 6.747725
 1363.000000 2.416714 7.290095
 1364.000000 2.765681 7.866319
 1365.000000 3.431674 9.562267
 1366.000000 3.331237 7.168335
 1367.000000 3.595952 7.350020
 1368.000000 3.630803 7.985523
 1369.000000 3.475195 10.150761
 1370.000000 2.967417 8.065271
 1371.000000 2.925311 7.868334
 1372.000000 3.054796 8.822517
 1373.000000 2.960826 8.211909
 1374.000000 2.831896 9.292786
 1375.000000 3.331031 10.556157
 1376.000000 2.903072 8.985885
 1377.000000 2.695965 8.132346
 1378.000000 3.190422 9.511219
 1379.000000 2.799474 8.499850
 1380.000000 2.488050 6.531547
 1381.000000 2.668343 7.891368
 1382.000000 2.547502 7.505633
 1383.000000 2.836094 8.839389
 1384.000000 2.796591 8.406795
 1385.000000 2.550878 7.724904
 1386.000000 2.348709 6.437688
 1387.000000 2.880732 7.567777
 1388.000000 3.034281 8.455774
 1389.000000 2.870395 7.832676
 1390.000000 2.966764 8.095630
 1391.000000 3.133432 8.649931
 1392.000000 3.698345 9.008864
 1393.000000 3.866037 8.970799
 1394.000000 3.636101 8.816628
 1395.000000 3.682335 9.035305
 1396.000000 3.434665 9.467234
 1397.000000 3.366452 9.490773
 1398.000000 3.265066 9.832254
 1399.000000 3.184590 9.007628
 1400.000000 2.994179 9.465369
 1401.000000 2.835347 7.285810
 1402.000000 3.303305 8.504647
 1403.000000 3.162518 8.914998
 1404.000000 2.965777 8.340953
 1405.000000 2.618646 7.513859
 1406.000000 2.840278 8.657214
 1407.000000 2.674104 8.517264
 1408.000000 2.427366 6.993450
 1409.000000 2.421681 5.971162
 1410.000000 2.367581 5.886905
 1411.000000 2.116077 5.264087
 1412.000000 2.133185 5.695926
 1413.000000 2.103276 5.450376
 1414.000000 2.131760 5.466678
 1415.000000 1.929275 5.117752
 1416.000000 1.735765 3.842256
 1417.000000 1.818839 3.584005
 1418.000000 1.819114 3.271116
 1419.000000 1.734436 3.765857
 1420.000000 1.796145 4.551897
 1421.000000 1.717472 4.463290
 1422.000000 1.976315 5.311459
 1423.000000 2.060603 5.258825
 1424.000000 1.905639 3.840254
 1425.000000 1.909325 4.619456
 1426.000000 1.808612 4.816396
 1427.000000 1.894948 4.964759
 1428.000000 2.201612 5.746827
 1429.000000 1.764182 4.435525
 1430.000000 1.678635 3.872218
 1431.000000 1.574840 4.145615
 1432.000000 1.548204 3.225923
 1433.000000 1.544486 3.425107
 1434.000000 1.989796 4.783700
 1435.000000 1.777530 4.292559
 1436.000000 1.907642 4.051949
 1437.000000 1.766533 3.391916
 1438.000000 1.914381 3.945350
 1439.000000 1.929691 4.380110
 1440.000000 1.929283 4.927719
 1441.000000 1.869562 3.759088
 1442.000000 1.904385 4.210028
 1443.000000 1.667278 3.722762
 1444.000000 1.527674 4.349362
 1445.000000 1.543691 4.504093
 1446.000000 1.661382 5.203902
 1447.000000 1.887194 5.899726
 1448.000000 2.039070 6.494119
 1449.000000 2.188236 6.451501
 1450.000000 2.167239 6.020707
 1451.000000 2.269327 7.137273
 1452.000000 2.471746 8.295777
 1453.000000 2.596755 9.028179
 1454.000000 2.494232 8.142740
 1455.000000 2.666503 8.538591
 1456.000000 2.532038 7.596262
 1457.000000 2.352538 6.687988
 1458.000000 2.323318 6.743485
 1459.000000 2.446409 6.564537
 1460.000000 2.461878 6.122405
 1461.000000 2.336835 5.848420
 1462.000000 2.258485 6.339763
 1463.000000 2.097967 5.580540
 1464.000000 2.300311 7.119242
 1465.000000 2.300582 6.901838
 1466.000000 2.471438 8.351210
 1467.000000 2.686067 9.084056
 1468.000000 2.846282 9.329955
 1469.000000 2.725796 9.064768
 1470.000000 2.888699 9.112706
 1471.000000 2.785824 7.783503
 1472.000000 2.816111 8.960870
 1473.000000 3.055367 6.837267
 1474.000000 2.853602 6.653995
 1475.000000 2.905040 4.522805
 1476.000000 2.668605 7.031529
 1477.000000 2.560101 8.347259
 1478.000000 2.552612 6.409363
 1479.000000 2.626081 6.817287
 1480.000000 2.946765 5.970659
 1481.000000 2.856911 4.683193
 1482.000000 2.735683 5.134016
 1483.000000 2.906459 5.391713
 1484.000000 2.880000 5.056001
 1485.000000 2.986990 3.264230
 1486.000000 2.666282 3.868819
 1487.000000 2.344635 5.125499
 1488.000000 2.224074 5.856434
 1489.000000 2.265408 5.739604
 1490.000000 2.367721 4.960108
 1491.000000 2.659505 5.442127
 1492.000000 2.701572 6.162329
 1493.000000 2.296230 5.958333
 1494.000000 2.896493 4.815897
 1495.000000 3.110343 4.857248
 1496.000000 3.163434 4.908122
 1497.000000 3.058967 7.128883
 1498.000000 3.154295 5.497504
 1499.000000 3.299337 5.415814
 1500.000000 3.476830 4.282474
 1501.000000 3.249642 4.656547
 1502.000000 3.446689 5.041161
 1503.000000 3.631000 3.983773
 1504.000000 3.611350 3.752633
 1505.000000 3.549562 3.138782
 1506.000000 3.460173 4.175702
 1507.000000 3.122343 4.805336
 1508.000000 2.711030 5.803890
 1509.000000 2.859502 4.917764
 1510.000000 2.508581 7.267313
 1511.000000 2.457365 6.191213
 1512.000000 2.286837 7.153118
 1513.000000 2.505855 5.784370
 1514.000000 2.667139 6.291417
 1515.000000 2.759391 6.469607
 1516.000000 2.903999 7.204646
 1517.000000 3.125318 7.041135
 1518.000000 3.035909 6.881232
 1519.000000 2.912952 6.498099
 1520.000000 2.781971 5.577070
 1521.000000 2.748687 5.245539
 1522.000000 2.497857 6.454201
 1523.000000 2.057856 6.093486
 1524.000000 1.923063 5.221552
 1525.000000 2.065207 5.730839
 1526.000000 1.684547 4.843417
 1527.000000 1.946652 5.229772
 1528.000000 1.977386 5.306399
 1529.000000 2.075129 4.878744
 1530.000000 2.130865 6.092977
 1531.000000 2.250167 6.778383
 1532.000000 2.226334 6.940959
 1533.000000 2.464192 7.135079
 1534.000000 2.702707 8.642095
 1535.000000 2.656198 7.449028
 1536.000000 2.516069 6.303475
 1537.000000 2.849493 5.070082
 1538.000000 2.899169 4.538083
 1539.000000 2.600251 6.484390
 1540.000000 2.744765 5.504161
 1541.000000 3.015238 5.871012
 1542.000000 2.925964 4.870955
 1543.000000 2.922000 5.455724
 1544.000000 3.278860 5.640111
 1545.000000 2.896645 5.052303
 1546.000000 2.891820 4.921667
 1547.000000 3.147289 5.584452
 1548.000000 3.147462 6.957284
 1549.000000 3.380429 9.061359
 1550.000000 3.466201 9.485583
 1551.000000 3.700503 9.282177
 1552.000000 3.679079 9.631801
 1553.000000 3.728157 9.358229
 1554.000000 3.704712 9.376761
 1555.000000 3.419368 10.179625
 1556.000000 3.361512 10.246527
 1557.000000 3.365900 10.591267
 1558.000000 3.263441 8.571887
 1559.000000 2.818582 8.051058
 1560.000000 2.472527 7.096194
 1561.000000 2.391435 6.958649
 1562.000000 2.127578 5.442763
 1563.000000 2.331835 5.862958
 1564.000000 2.580992 5.829506
 1565.000000 2.326894 6.093020
 1566.000000 2.174853 5.382101
 1567.000000 2.047830 4.857373
 1568.000000 1.753653 5.386473
 1569.000000 1.548352 4.291828
 1570.000000 1.706528 5.000255
 1571.000000 1.597095 4.542807
 1572.000000 1.678020 4.272801
 1573.000000 1.728957 5.450879
 1574.000000 1.873659 5.291648
 1575.000000 1.731987 4.321753
 1576.000000 1.752837 5.137206
 1577.000000 1.712909 3.851187
 1578.000000 1.448747 3.119490
 1579.000000 1.514051 3.197909
 1580.000000 1.480242 2.501032
 1581.000000 1.407959 2.838622
 1582.000000 1.292671 2.863374
 1583.000000 1.212132 2.758464
 1584.000000 1.367347 2.118452
 1585.000000 1.439325 2.129810
 1586.000000 1.448080 2.688891
 1587.000000 1.548701 3.511263
 1588.000000 1.474487 3.726791
 1589.000000 1.632175 4.448782
 1590.000000 1.747967 4.637733
 1591.000000 1.755125 5.283648
 1592.000000 1.890274 6.018296
 1593.000000 1.681486 4.816238
 1594.000000 1.644460 4.522223
 1595.000000 1.759414 5.190295
 1596.000000 2.195842 6.120099
 1597.000000 2.470728 6.881213
 1598.000000 2.735258 7.607923
 1599.000000 2.642186 7.010949
 1600.000000 2.446256 7.280619
 1601.000000 2.398060 7.359928
 1602.000000 2.144454 5.928327
 1603.000000 2.355951 7.749016
 1604.000000 2.106242 6.314886
 1605.000000 2.035466 5.862341
 1606.000000 2.001605 6.687569
 1607.000000 2.271925 7.261200
 1608.000000 2.269741 6.843845
 1609.000000 2.483822 7.738734
 1610.000000 2.180008 6.570539
 1611.000000 1.971749 6.431667
 1612.000000 1.814532 4.704672
 1613.000000 1.854542 5.096756
 1614.000000 1.953628 4.411638
 1615.000000 1.761678 4.042677
 1616.000000 1.756229 3.579784
 1617.000000 1.617751 3.215163
 1618.000000 1.473380 2.723987
 1619.000000 1.393765 2.043636
 1620.000000 1.365362 2.364121
 1621.000000 1.372232 2.783487
 1622.000000 1.446500 2.654453
 1623.000000 1.584889 2.890233
 1624.000000 1.722264 3.637943
 1625.000000 1.908286 5.068747
 1626.000000 1.949383 4.947856
 1627.000000 1.634064 3.519640
 1628.000000 1.459071 3.953158
 1629.000000 1.711134 5.336331
 1630.000000 1.899500 5.479212
 1631.000000 1.986015 5.925822
 1632.000000 1.501537 4.223091
 1633.000000 1.351519 3.409976
 1634.000000 1.479535 3.665320
 1635.000000 1.583983 3.749572
 1636.000000 1.547739 3.298261
 1637.000000 1.476732 4.265214
 1638.000000 1.488751 3.389869
 1639.000000 1.495564 2.541785
 1640.000000 1.560387 3.116939
 1641.000000 1.614195 2.842021
 1642.000000 1.605668 2.464184
 1643.000000 1.585377 1.978219
 1644.000000 1.758847 2.106138
 1645.000000 1.733873 2.352473
 1646.000000 1.743604 3.067850
 1647.000000 1.729344 3.744130
 1648.000000 1.780138 4.023140
 1649.000000 1.863004 4.144321
 1650.000000 2.098931 4.264021
 1651.000000 2.098939 4.321544
 1652.000000 2.082972 3.353574
 1653.000000 2.132369 3.922599
 1654.000000 2.226624 4.496662
 1655.000000 2.199033 4.424491
 1656.000000 2.179619 4.032684
 1657.000000 2.184015 4.025750
 1658.000000 2.093341 3.621549
 1659.000000 2.090991 3.517203
 1660.000000 2.107341 4.647533
 1661.000000 1.870026 4.895829
 1662.000000 2.130037 5.914226
 1663.000000 2.087491 5.855049
 1664.000000 2.052863 4.712426
 1665.000000 1.924567 3.675881
 1666.000000 1.927759 4.158703
 1667.000000 1.932911 5.057174
 1668.000000 1.993222 5.676382
 1669.000000 1.843991 4.768731
 1670.000000 1.914711 5.124520
 1671.000000 2.052135 5.445790
 1672.000000 1.905330 5.229722
 1673.000000 2.056305 5.208226
 1674.000000 2.187449 5.913526
 1675.000000 2.143662 5.990933
 1676.000000 1.946668 4.458861
 1677.000000 2.019831 5.471010
 1678.000000 1.960776 4.231384
 1679.000000 1.906255 3.369878
 1680.000000 1.971779 3.678665
 1681.000000 1.890622 3.567515
 1682.000000 1.906867 4.540172
 1683.000000 2.095878 5.324872
 1684.000000 2.208133 5.703563
 1685.000000 2.275753 5.965918
 1686.000000 1.899206 5.258083
 1687.000000 1.871177 4.899034
 1688.000000 1.919297 4.580765
 1689.000000 2.116204 4.907791
 1690.000000 1.961446 5.242179
 1691.000000 2.114334 4.994391
 1692.000000 2.102974 5.373983
 1693.000000 2.125636 5.902856
 1694.000000 2.236604 5.888240
 1695.000000 2.285946 5.896424
 1696.000000 2.207155 6.336123
 1697.000000 2.099585 5.192605
 1698.000000 2.572712 6.707876
 1699.000000 2.176964 6.369828
 1700.000000 1.773943 4.790675
 1701.000000 1.960661 3.779891
 1702.000000 2.012435 5.189485
 1703.000000 2.286121 5.726724
 1704.000000 2.344271 5.615668
 1705.000000 2.428703 5.070401
 1706.000000 2.589730 5.232491
 1707.000000 2.460443 7.055183
 1708.000000 2.559630 5.885395
 1709.000000 2.424141 6.748637
 1710.000000 2.203216 6.195847
 1711.000000 2.109581 6.065530
 1712.000000 2.143865 6.184332
 1713.000000 1.981495 4.787906
 1714.000000 1.898250 4.871592
 1715.000000 2.018065 6.017398
 1716.000000 1.667908 4.852461
 1717.000000 1.720979 4.740299
 1718.000000 1.624073 5.216776
 1719.000000 1.713719 4.944881
 1720.000000 1.749669 3.660999
 1721.000000 1.921367 4.633725
 1722.000000 1.830913 4.771433
 1723.000000 1.737932 3.811789
 1724.000000 1.834613 4.191332
 1725.000000 1.678862 2.570202
 1726.000000 1.647636 2.458608
 1727.000000 1.500460 2.157346
 1728.000000 1.438841 1.877580
 1729.000000 1.566782 2.038118
 1730.000000 1.605204 2.269860
 1731.000000 1.545481 2.261920
 1732.000000 1.473252 1.897672
 1733.000000 1.461407 1.592925
 1734.000000 1.488342 1.802602
 1735.000000 1.466759 1.882352
 1736.000000 1.576661 3.124044
 1737.000000 1.610898 2.871840
 1738.000000 1.698054 4.308466
 1739.000000 1.706761 4.650283
 1740.000000 1.715364 5.402539
 1741.000000 1.672284 5.097779
 1742.000000 1.636931 4.552919
 1743.000000 1.726139 3.663985
 1744.000000 1.539332 4.027506
 1745.000000 1.485683 3.665202
 1746.000000 1.553046 3.097741
 1747.000000 1.385281 2.500359
 1748.000000 1.570097 4.421688
 1749.000000 1.547272 4.658908
 1750.000000 1.517347 4.225666
 1751.000000 1.789811 4.588954
 1752.000000 2.010104 5.311590
 1753.000000 1.811336 4.308201
 1754.000000 1.978119 5.616011
 1755.000000 1.930919 4.899257
 1756.000000 1.987702 5.496788
 1757.000000 2.229008 5.958693
 1758.000000 2.296757 6.908540
 1759.000000 2.541468 7.283024
 1760.000000 2.225335 6.937469
 1761.000000 2.526282 7.378613
 1762.000000 2.504558 7.549920
 1763.000000 1.811512 5.179463
 1764.000000 1.550076 4.029477
 1765.000000 1.627589 4.431493
 1766.000000 1.813375 5.090011
 1767.000000 1.884840 5.384490
 1768.000000 1.922721 4.204580
 1769.000000 2.115542 4.790621
 1770.000000 2.032984 5.249134
 1771.000000 1.965678 4.725555
 1772.000000 1.888561 4.142800
 1773.000000 1.922020 4.321911
 1774.000000 1.986711 3.856462
 1775.000000 1.798664 4.493445
 1776.000000 1.785352 5.945701
 1777.000000 1.682346 5.481836
 1778.000000 2.003722 6.576957
 1779.000000 2.086532 6.319904
 1780.000000 2.360669 6.059387
 1781.000000 2.649317 8.195931
 1782.000000 2.552310 7.156371
 1783.000000 2.576452 6.946348
 1784.000000 2.596703 7.007002
 1785.000000 2.567412 7.633145
 1786.000000 2.525596 6.832432
 1787.000000 2.898487 7.941103
 1788.000000 2.727797 8.664761
 1789.000000 2.190131 6.933895
 1790.000000 2.766826 8.478391
 1791.000000 2.406250 8.107433
 1792.000000 2.088454 7.465348
 1793.000000 2.363208 8.111390
 1794.000000 2.349671 8.094753
 1795.000000 2.443842 6.678666
 1796.000000 2.416202 4.771283
 1797.000000 2.262682 5.486620
 1798.000000 2.166578 6.721441
 1799.000000 2.091171 6.065294
 1800.000000 2.404128 5.720451
 1801.000000 2.310667 5.715311
 1802.000000 2.481511 4.657858
 1803.000000 2.451857 5.114747
 1804.000000 2.316931 5.402355
 1805.000000 2.351359 5.481072
 1806.000000 2.237322 5.792685
 1807.000000 2.383122 5.330013
 1808.000000 2.375998 5.228117
 1809.000000 2.254013 5.517663
 1810.000000 2.310417 4.669649
 1811.000000 2.277370 5.052924
 1812.000000 2.443105 4.492433
 1813.000000 2.211542 6.123472
 1814.000000 2.314606 4.639984
 1815.000000 2.674988 3.737860
 1816.000000 2.590357 3.963584
 1817.000000 2.812544 4.087124
 1818.000000 2.184557 5.425647
 1819.000000 2.285984 5.016706
 1820.000000 2.034655 5.977328
 1821.000000 2.189910 6.078640
 1822.000000 2.130163 6.353959
 1823.000000 2.126568 6.065974
 1824.000000 2.037928 6.088766
 1825.000000 2.045710 6.112822
 1826.000000 1.944347 5.625111
 1827.000000 1.947012 5.338809
 1828.000000 2.193353 5.824920
 1829.000000 2.206145 6.650169
 1830.000000 2.317371 7.266074
 1831.000000 2.673340 8.305148
 1832.000000 2.558575 8.702524
 1833.000000 2.321632 7.765111
 1834.000000 2.254158 6.618395
 1835.000000 2.480847 6.769135
 1836.000000 2.870057 8.840148
 1837.000000 2.671062 7.682679
 1838.000000 2.401286 7.891429
 1839.000000 2.214352 7.247865
 1840.000000 2.331692 7.380527
 1841.000000 2.078849 6.462866
 1842.000000 2.145624 7.128420
 1843.000000 1.781929 5.969507
 1844.000000 1.667108 5.658193
 1845.000000 1.734927 5.611672
 1846.000000 1.610467 4.723828
 1847.000000 1.544874 3.938738
 1848.000000 1.543440 4.653319
 1849.000000 1.783900 6.217035
 1850.000000 1.712584 6.048981
 1851.000000 1.705342 5.578396
 1852.000000 1.589457 5.029693
 1853.000000 1.682643 5.404607
 1854.000000 1.598355 5.351047
 1855.000000 1.715922 5.553896
 1856.000000 1.717791 5.290816
 1857.000000 1.687071 5.462715
 1858.000000 1.628777 5.348258
 1859.000000 1.692096 5.486856
 1860.000000 1.683901 5.509847
 1861.000000 1.624322 4.662222
 1862.000000 1.502621 3.382630
 1863.000000 1.501929 3.515048
 1864.000000 1.505129 3.674540
 1865.000000 1.442401 3.050084
 1866.000000 1.488204 2.260869
 1867.000000 1.569518 3.321412
 1868.000000 1.743855 4.197935
 1869.000000 1.587538 4.403495
 1870.000000 1.544644 3.609860
 1871.000000 1.595899 4.353389
 1872.000000 1.556368 3.869386
 1873.000000 1.605661 4.022601
 1874.000000 1.641275 4.002510
 1875.000000 1.725677 3.964519
 1876.000000 1.624008 3.280801
 1877.000000 1.575064 3.318787
 1878.000000 1.673500 3.305382
 1879.000000 1.727359 3.526413
 1880.000000 1.628712 2.818722
 1881.000000 1.681142 2.969459
 1882.000000 1.652902 3.084863
 1883.000000 1.738328 3.269218
 1884.000000 1.704624 3.454763
 1885.000000 1.825901 3.738795
 1886.000000 1.806213 3.922684
 1887.000000 1.711654 3.243692
 1888.000000 1.778627 2.987487
 1889.000000 1.888342 2.912123
 1890.000000 1.885795 2.753228
 1891.000000 2.005697 2.965476
 1892.000000 2.366689 4.880928
 1893.000000 2.456918 6.311485
 1894.000000 2.670929 7.186246
 1895.000000 2.347128 5.076133
 1896.000000 2.576851 6.229207
 1897.000000 2.647102 6.548832
 1898.000000 2.554544 6.738064
 1899.000000 2.264172 5.844149
 1900.000000 2.367193 6.860525
 1901.000000 2.430549 5.593017
 1902.000000 2.272037 4.376551
 1903.000000 2.620912 6.318031
 1904.000000 2.345718 5.497479
 1905.000000 2.619910 6.791091
 1906.000000 2.714416 6.828628
 1907.000000 2.476368 7.281221
 1908.000000 2.583001 7.996021
 1909.000000 2.502054 6.987381
 1910.000000 2.909506 7.720475
 1911.000000 2.912193 7.257542
 1912.000000 2.701508 6.541403
 1913.000000 3.019046 7.801539
 1914.000000 2.462413 5.673263
 1915.000000 2.736761 7.782594
 1916.000000 2.521004 6.427347
 1917.000000 2.574961 6.162870
 1918.000000 2.502604 5.198824
 1919.000000 2.654390 7.042592
 1920.000000 2.559766 6.533107
 1921.000000 2.575765 6.766273
 1922.000000 2.663980 7.494360
 1923.000000 2.709655 8.094614
 1924.000000 2.514342 6.280281
 1925.000000 2.425116 5.329871
 1926.000000 2.064712 3.609336
 1927.000000 2.083092 4.436092
 1928.000000 1.930922 3.839444
 1929.000000 1.778663 2.936534
 1930.000000 1.863120 3.933941
 1931.000000 1.787138 3.555810
 1932.000000 1.675313 3.515574
 1933.000000 1.495121 3.320034
 1934.000000 1.585099 3.635843
 1935.000000 1.756044 4.065928
 1936.000000 1.991275 4.274148
 1937.000000 1.817343 4.023471
 1938.000000 1.604466 3.361984
 1939.000000 1.857122 4.635538
 1940.000000 1.618684 4.212219
 1941.000000 1.839731 5.723496
 1942.000000 1.937231 5.824841
 1943.000000 2.066067 5.221601
 1944.000000 2.045149 5.925200
 1945.000000 1.954621 5.844098
 1946.000000 2.087954 6.400408
 1947.000000 1.980226 5.005882
 1948.000000 2.085953 6.433163
 1949.000000 1.959162 5.981052
 1950.000000 2.073480 6.272333
 1951.000000 1.839267 5.672464
 1952.000000 2.011246 6.402058
 1953.000000 2.127385 6.755243
 1954.000000 2.050955 6.408187
 1955.000000 1.917908 5.224417
 1956.000000 1.990147 5.764271
 1957.000000 1.949964 5.440438
 1958.000000 2.082743 5.984439
 1959.000000 2.252179 5.320982
 1960.000000 2.283187 6.290158
 1961.000000 2.369525 5.081383
 1962.000000 2.523074 7.134320
 1963.000000 2.299811 6.543993
 1964.000000 2.430379 7.908570
 1965.000000 2.430513 7.106477
 1966.000000 2.787189 8.816642
 1967.000000 3.144597 9.007701
 1968.000000 3.224210 9.663149
 1969.000000 3.441048 10.519767
 1970.000000 3.366345 10.156572
 1971.000000 3.336848 10.520545
 1972.000000 2.729034 8.452575
 1973.000000 2.993975 8.273698
 1974.000000 2.829772 9.557366
 1975.000000 2.660461 8.727338
 1976.000000 2.885194 8.892842
 1977.000000 2.738173 8.862083
 1978.000000 2.713839 8.261717
 1979.000000 2.272960 7.656885
 1980.000000 2.461232 7.974851
 1981.000000 2.423768 7.356437
 1982.000000 2.302935 5.947439
 1983.000000 2.001896 4.097825
 1984.000000 1.884935 2.651934
 1985.000000 1.990849 3.298758
 1986.000000 1.808161 2.908354
 1987.000000 1.908546 3.242687
 1988.000000 1.859263 2.895976
 1989.000000 1.904587 3.296867
 1990.000000 1.855503 3.006585
 1991.000000 1.894372 3.174212
 1992.000000 1.896786 3.363893
 1993.000000 1.822465 3.381575
 1994.000000 1.905955 3.065058
 1995.000000 1.864435 2.868280
 1996.000000 1.802602 3.128394
 1997.000000 1.837347 3.491592
 1998.000000 1.885112 4.005100
 1999.000000 2.036902 4.455281
 2000.000000 1.915709 4.014600
 2001.000000 1.896827 4.546541
 2002.000000 1.833634 4.616593
 2003.000000 1.615206 3.613783
 2004.000000 1.660016 2.829530
 2005.000000 1.443779 2.333568
 2006.000000 1.427080 1.897138
 2007.000000 1.352462 1.651845
 2008.000000 1.271604 1.839262
 2009.000000 1.269720 2.131695
 2010.000000 1.277827 2.514298
 2011.000000 1.427897 2.512631
 2012.000000 1.409336 2.647986
 2013.000000 1.352236 2.367082
 2014.000000 1.416611 2.753557
 2015.000000 1.418710 2.583032
 2016.000000 1.445151 2.266080
 2017.000000 1.332429 2.963837
 2018.000000 1.248682 2.549772
 2019.000000 1.251530 2.592097
 2020.000000 1.125837 2.705539
 2021.000000 1.082062 1.316837
 2022.000000 1.112222 0.888347
 2023.000000 1.101927 0.906969
 2024.000000 1.083492 0.952975
