#! FIELDS time d1 d2
 0.000000 3.857033 3.306500
 1.000000 3.875023 3.496411
 2.000000 3.838696 3.700947
 3.000000 4.343687 5.032250
 4.000000 3.942581 4.382626
 5.000000 3.314027 4.167729
 6.000000 2.696007 3.436356
 7.000000 2.154364 3.325563
 8.000000 2.444192 3.750337
 9.000000 4.199771 5.726444
 10.000000 2.388801 3.894726
 11.000000 3.173427 4.882767
 12.000000 6.062435 5.064521
 13.000000 6.306267 4.881502
 14.000000 4.923263 3.345568
 15.000000 5.089589 3.399330
 16.000000 4.963200 3.499358
 17.000000 4.928939 3.574496
 18.000000 4.402405 2.944265
 19.000000 4.022855 3.080399
 20.000000 3.763304 2.689629
 21.000000 4.039464 3.652736
 22.000000 3.978085 3.372081
 23.000000 4.085808 4.003649
 24.000000 5.882149 5.351769
 25.000000 1.859380 1.812038
 26.000000 1.209340 0.865066
 27.000000 1.392935 0.917986
 28.000000 1.202802 0.712817
 29.000000 1.546469 1.352774
 30.000000 2.776605 4.653458
 31.000000 3.762048 4.341285
 32.000000 5.623019 5.621295
 33.000000 5.707087 5.199088
 34.000000 1.774345 2.315657
 35.000000 3.244164 3.207763
 36.000000 5.883968 4.799527
 37.000000 5.206269 5.433187
 38.000000 7.129732 6.445204
 39.000000 5.712347 5.147206
 40.000000 6.260493 6.062388
 41.000000 6.680109 5.906308
 42.000000 7.696322 6.501455
 43.000000 5.421673 4.845557
 44.000000 2.167927 2.538631
 45.000000 2.064849 3.232428
 46.000000 2.422462 3.310687
 47.000000 2.821599 3.887518
 48.000000 2.810428 3.669271
 49.000000 3.444739 4.469021
 50.000000 2.781278 3.607843
 51.000000 3.078483 3.825385
 52.000000 2.812456 3.628798
 53.000000 3.607803 3.216631
 54.000000 2.660931 1.859124
 55.000000 2.762845 1.726939
 56.000000 2.806261 2.384199
 57.000000 2.595406 2.134552
 58.000000 2.864428 2.387446
 59.000000 2.883118 2.544334
 60.000000 2.768279 2.648572
 61.000000 2.661969 2.307201
 62.000000 2.658127 2.403457
 63.000000 2.760875 3.038303
 64.000000 2.879829 2.983489
 65.000000 2.496840 2.490533
 66.000000 4.406131 3.261920
 67.000000 6.745795 5.136636
 68.000000 5.833945 4.532494
 69.000000 6.445909 5.067889
 70.000000 6.836730 5.151828
 71.000000 5.411363 5.127947
 72.000000 7.147895 5.833672
 73.000000 8.760333 7.149128
 74.000000 7.484284 5.997883
 75.000000 4.414336 4.250897
 76.000000 7.706732 6.691386
 77.000000 6.493951 5.776069
 78.000000 4.608880 4.645770
 79.000000 5.601987 5.168266
 80.000000 5.346234 5.208115
 81.000000 5.678115 5.189530
 82.000000 4.964617 4.961113
 83.000000 5.595385 5.928037
 84.000000 5.208105 6.200447
 85.000000 4.709084 5.419509
 86.000000 5.200901 4.789895
 87.000000 5.719549 4.583801
 88.000000 6.853289 5.589699
 89.000000 6.694626 6.822670
 90.000000 7.806160 7.309536
 91.000000 7.438614 5.944605
 92.000000 7.898409 6.888024
 93.000000 7.265749 5.546917
 94.000000 7.454365 5.547649
 95.000000 7.144268 5.223117
 96.000000 6.157480 4.614674
 97.000000 4.738267 2.928369
 98.000000 3.562887 3.662675
 99.000000 2.144966 1.554354
 100.000000 4.280372 3.201025
 101.000000 3.118044 2.246119
 102.000000 5.936319 4.389523
 103.000000 4.272947 2.743028
 104.000000 6.244438 6.587629
 105.000000 4.795274 4.713397
 106.000000 6.745059 5.577533
 107.000000 4.118714 3.970151
 108.000000 2.120213 3.648910
 109.000000 2.119062 2.770549
 110.000000 2.152635 2.773704
 111.000000 2.500330 2.962611
 112.000000 3.298771 3.102612
 113.000000 4.268325 4.327957
 114.000000 4.717061 4.438713
 115.000000 4.098154 3.272991
 116.000000 4.189790 3.655485
 117.000000 4.535823 4.415271
 118.000000 4.346638 4.016495
 119.000000 3.491991 3.459299
 120.000000 3.918778 3.612462
 121.000000 3.944538 3.609844
 122.000000 4.124461 3.650967
 123.000000 3.872659 3.026611
 124.000000 4.250321 2.678937
 125.000000 3.684473 2.366206
 126.000000 3.875272 2.016570
 127.000000 2.855032 1.168823
 128.000000 2.963691 1.174168
 129.000000 1.835293 0.931948
 130.000000 1.730397 1.168706
 131.000000 1.846444 1.641802
 132.000000 1.772622 1.584193
 133.000000 1.844584 1.991566
 134.000000 1.824971 2.150431
 135.000000 2.091802 2.171673
 136.000000 2.792423 2.605710
 137.000000 2.263314 1.855353
 138.000000 1.551942 1.352741
 139.000000 1.687662 1.381017
 140.000000 1.670276 0.581804
 141.000000 1.771461 0.918855
 142.000000 3.761637 2.198719
 143.000000 3.927551 3.293884
 144.000000 3.021047 3.181303
 145.000000 2.331002 2.226878
 146.000000 5.750919 5.166521
 147.000000 5.888229 6.386404
 148.000000 4.448893 4.514746
 149.000000 4.858766 5.303955
 150.000000 5.347236 4.851013
 151.000000 5.368449 4.262887
 152.000000 3.523338 2.421024
 153.000000 4.988339 4.470821
 154.000000 5.022472 4.696708
 155.000000 5.775452 4.755363
 156.000000 6.316838 5.488655
 157.000000 4.449983 4.670369
 158.000000 5.219856 5.484969
 159.000000 4.615680 5.841843
 160.000000 5.334537 6.687001
 161.000000 7.152172 6.178886
 162.000000 6.999126 6.851446
 163.000000 6.081258 4.973888
 164.000000 5.472531 4.383691
 165.000000 5.713396 5.082403
 166.000000 4.655483 6.309168
 167.000000 3.777666 5.814581
 168.000000 6.556290 6.182357
 169.000000 5.149278 6.584940
 170.000000 5.132966 5.693465
 171.000000 4.694763 6.405086
 172.000000 5.238505 5.771195
 173.000000 5.542364 6.378351
 174.000000 5.231973 7.030602
 175.000000 5.463802 6.352477
 176.000000 5.318827 6.039075
 177.000000 5.073287 6.742995
 178.000000 5.106788 6.924083
 179.000000 5.360864 6.868031
 180.000000 5.228587 6.623683
 181.000000 5.381623 5.761136
 182.000000 5.168869 6.205898
 183.000000 5.156006 6.360048
 184.000000 5.231933 6.344821
 185.000000 4.963875 5.832453
 186.000000 4.802286 6.145792
 187.000000 5.053524 6.400273
 188.000000 5.144342 6.125167
 189.000000 5.013842 6.012520
 190.000000 5.479859 5.904432
 191.000000 5.608557 7.192077
 192.000000 6.055325 7.042726
 193.000000 5.362000 6.529210
 194.000000 5.739220 6.391416
 195.000000 5.534397 6.001873
 196.000000 5.614172 6.462871
 197.000000 5.633417 5.881487
 198.000000 5.227945 6.403038
 199.000000 5.412643 6.083322
 200.000000 5.223692 6.318405
 201.000000 5.304169 6.009750
 202.000000 5.261821 5.875517
 203.000000 5.366218 6.019138
 204.000000 5.967277 5.697904
 205.000000 5.502036 5.014263
 206.000000 4.461026 4.085451
 207.000000 4.415553 4.727073
 208.000000 4.731825 5.056900
 209.000000 5.277542 5.293590
 210.000000 5.730059 5.543650
 211.000000 5.488812 5.532511
 212.000000 4.107378 4.441850
 213.000000 4.260116 4.452983
 214.000000 5.234595 5.822655
 215.000000 5.418020 6.249600
 216.000000 5.661895 6.619575
 217.000000 4.686923 5.576049
 218.000000 5.201971 6.055136
 219.000000 5.934274 6.818655
 220.000000 5.365612 5.952634
 221.000000 6.035474 5.981315
 222.000000 5.957152 6.740840
 223.000000 6.309216 6.317964
 224.000000 6.605889 5.697600
 225.000000 7.220111 6.457460
 226.000000 6.386498 6.400392
 227.000000 6.130998 6.357493
 228.000000 6.099585 6.364010
 229.000000 6.300058 5.998920
 230.000000 6.046135 6.360781
 231.000000 6.200639 6.068315
 232.000000 5.884046 5.996523
 233.000000 6.640766 5.776080
 234.000000 6.823236 5.560978
 235.000000 6.824735 6.439421
 236.000000 6.819693 6.509779
 237.000000 6.796819 6.103464
 238.000000 6.093353 6.471630
 239.000000 6.654739 6.468600
 240.000000 7.326902 6.888081
 241.000000 7.102195 6.886175
 242.000000 6.803545 6.557228
 243.000000 6.950604 6.622051
 244.000000 6.926400 6.236167
 245.000000 7.707952 6.123257
 246.000000 7.761575 5.918460
 247.000000 7.439741 5.791953
 248.000000 7.952256 6.311512
 249.000000 7.958247 6.458577
 250.000000 7.802188 6.710900
 251.000000 7.905086 6.952979
 252.000000 8.383698 7.655726
 253.000000 8.263922 7.689224
 254.000000 7.625835 7.576862
 255.000000 6.542562 6.502455
 256.000000 7.007227 7.144656
 257.000000 5.205636 6.100457
 258.000000 5.352741 6.400776
 259.000000 5.334961 7.078388
 260.000000 5.183244 6.944810
 261.000000 5.007954 6.376799
 262.000000 7.946416 6.610074
 263.000000 6.737769 4.678482
 264.000000 5.422409 3.453518
 265.000000 2.334495 3.255701
 266.000000 1.578799 2.594295
 267.000000 3.952497 3.892553
 268.000000 6.891476 7.402670
 269.000000 8.099174 8.000240
 270.000000 8.441060 7.197958
 271.000000 8.548427 8.318679
 272.000000 7.438883 6.955290
 273.000000 7.767154 7.548187
 274.000000 8.111129 7.461053
 275.000000 5.355119 6.133604
 276.000000 4.094331 5.591892
 277.000000 3.551431 4.673401
 278.000000 2.204692 4.614607
 279.000000 5.624685 4.657106
 280.000000 4.668869 6.336548
 281.000000 6.525048 5.546750
 282.000000 5.001060 4.374493
 283.000000 5.568581 5.247966
 284.000000 3.650534 2.790917
 285.000000 6.684981 6.898222
 286.000000 6.825259 6.711776
 287.000000 6.850495 7.428454
 288.000000 6.933148 6.328626
 289.000000 2.975316 3.478883
 290.000000 4.213554 5.321257
 291.000000 4.509595 5.525580
 292.000000 6.149470 5.027950
 293.000000 4.966815 5.621815
 294.000000 5.403133 4.640924
 295.000000 5.384591 3.668612
 296.000000 5.359581 3.796248
 297.000000 6.226811 5.505687
 298.000000 4.141220 4.653743
 299.000000 2.858414 3.430391
 300.000000 2.544467 3.137614
 301.000000 2.386890 3.604697
 302.000000 4.341042 4.161936
 303.000000 6.228725 5.441319
 304.000000 4.065160 6.040907
 305.000000 5.119961 6.376153
 306.000000 6.260145 6.935617
 307.000000 7.051694 5.922930
 308.000000 4.900067 4.140035
 309.000000 5.182935 4.744170
 310.000000 4.007858 2.367236
 311.000000 2.728425 1.325431
 312.000000 5.382405 4.519337
 313.000000 6.988712 5.313001
 314.000000 6.401797 5.795805
 315.000000 5.638278 5.087036
 316.000000 6.874793 7.029719
 317.000000 5.162327 6.270399
 318.000000 5.295068 6.473394
 319.000000 5.656725 5.515872
 320.000000 7.167503 6.959770
 321.000000 4.839682 4.914639
 322.000000 4.086235 4.142357
 323.000000 4.392833 5.367026
 324.000000 3.465958 5.384606
 325.000000 6.092970 6.018019
 326.000000 5.708505 7.323647
 327.000000 6.178580 7.048756
 328.000000 5.644579 4.486677
 329.000000 7.629862 6.165700
 330.000000 5.224022 3.586946
 331.000000 6.576775 5.084977
 332.000000 6.134274 4.388267
 333.000000 4.119073 2.517856
 334.000000 1.794556 1.231138
 335.000000 3.604645 4.477475
 336.000000 5.856669 6.207221
 337.000000 6.267289 6.751003
 338.000000 5.517817 5.944359
 339.000000 5.675698 6.879026
 340.000000 8.087889 6.946601
 341.000000 7.974800 6.703549
 342.000000 7.796522 6.301166
 343.000000 7.401079 6.314791
 344.000000 7.008622 5.509097
 345.000000 6.979764 5.259804
 346.000000 6.164175 4.940482
 347.000000 7.608806 5.841368
 348.000000 7.334251 5.889382
 349.000000 6.808304 5.702115
 350.000000 6.830414 5.423226
 351.000000 6.363878 4.413514
 352.000000 6.725448 5.081605
 353.000000 7.204867 5.956075
 354.000000 7.891461 6.457240
 355.000000 6.210518 6.705621
 356.000000 6.184871 6.691267
 357.000000 6.012781 5.400737
 358.000000 4.689592 4.876326
 359.000000 5.283792 5.591723
 360.000000 6.009447 6.451555
 361.000000 6.078005 6.093579
 362.000000 6.739535 6.686617
 363.000000 7.887413 7.265835
 364.000000 8.443458 7.733559
 365.000000 8.668439 8.006486
 366.000000 8.405442 7.807405
 367.000000 7.663740 8.089291
 368.000000 7.425794 7.993577
 369.000000 8.006049 8.095956
 370.000000 8.342127 7.149181
 371.000000 7.588169 7.013639
 372.000000 7.146762 6.715638
 373.000000 7.392986 6.477967
 374.000000 6.557073 6.382572
 375.000000 6.251494 6.200140
 376.000000 5.983133 6.356336
 377.000000 6.822080 6.802157
 378.000000 7.164929 6.431809
 379.000000 7.252622 6.881142
 380.000000 6.453309 7.342266
 381.000000 6.880796 7.164304
 382.000000 7.789201 7.273121
 383.000000 7.854015 7.404648
 384.000000 7.360410 7.066494
 385.000000 6.689419 6.910123
 386.000000 6.171953 7.896952
 387.000000 7.233142 7.557653
 388.000000 7.736983 7.805127
 389.000000 7.630941 7.581869
 390.000000 6.656016 7.149210
 391.000000 6.416944 7.650800
 392.000000 7.669669 7.418233
 393.000000 7.351943 7.495225
 394.000000 7.042640 7.855178
 395.000000 6.650952 7.495463
 396.000000 6.728195 7.501307
 397.000000 6.761215 7.122625
 398.000000 6.743497 7.298820
 399.000000 6.926732 6.851416
 400.000000 6.733842 7.071673
 401.000000 6.795121 7.025086
 402.000000 6.246985 6.594445
 403.000000 5.845467 7.341274
 404.000000 6.434430 7.032784
 405.000000 7.045235 6.926783
 406.000000 7.388680 6.684190
 407.000000 7.284909 6.482885
 408.000000 7.930086 6.478652
 409.000000 7.563215 6.085755
 410.000000 7.133713 6.082476
 411.000000 7.773895 6.660091
 412.000000 7.453581 6.515393
 413.000000 7.008218 6.477302
 414.000000 7.066901 6.529434
 415.000000 6.726315 6.882003
 416.000000 7.544208 6.379191
 417.000000 7.416114 6.832153
 418.000000 7.347214 7.454370
 419.000000 6.795575 7.726471
 420.000000 6.761823 7.333974
 421.000000 6.593475 7.202212
 422.000000 6.110414 7.478134
 423.000000 6.034514 6.201692
 424.000000 6.831544 7.055170
 425.000000 7.660800 7.236444
 426.000000 8.442464 6.329920
 427.000000 7.545835 6.806727
 428.000000 7.539172 6.775301
 429.000000 6.548980 5.906928
 430.000000 6.581007 6.411672
 431.000000 6.668410 6.224227
 432.000000 6.901592 6.234360
 433.000000 7.142599 6.350610
 434.000000 7.313785 6.486784
 435.000000 6.269041 6.218614
 436.000000 6.086556 5.909221
 437.000000 5.521628 5.578519
 438.000000 4.852357 5.457679
 439.000000 4.959651 5.374529
 440.000000 4.839181 5.545619
 441.000000 5.677257 6.093135
 442.000000 5.696956 6.709577
 443.000000 5.530102 6.493177
 444.000000 5.468652 6.429423
 445.000000 6.147026 6.527241
 446.000000 8.227517 5.719305
 447.000000 6.968911 7.956695
 448.000000 5.251514 3.684161
 449.000000 7.702798 6.765246
 450.000000 8.990927 8.644701
 451.000000 8.133109 7.430038
 452.000000 4.557097 6.009861
 453.000000 6.719919 6.434944
 454.000000 4.143310 4.416817
 455.000000 6.361763 7.359513
 456.000000 9.455920 7.681887
 457.000000 5.354976 5.998987
 458.000000 6.225214 6.863984
 459.000000 6.835556 8.397912
 460.000000 5.676044 7.348703
 461.000000 3.283237 5.405451
 462.000000 4.431478 5.108338
 463.000000 7.588005 6.566847
 464.000000 5.638028 4.145396
 465.000000 4.489034 3.507406
 466.000000 4.428306 6.064242
 467.000000 2.252660 4.321923
 468.000000 4.393503 5.866304
 469.000000 5.001083 6.813862
 470.000000 6.359269 5.951418
 471.000000 6.735367 6.226165
 472.000000 5.604706 4.822114
 473.000000 6.117781 3.083207
 474.000000 4.765871 1.894354
 475.000000 3.312846 2.351315
 476.000000 4.802679 3.810381
 477.000000 3.841932 2.154473
 478.000000 1.830372 4.091648
 479.000000 2.919807 3.884579
 480.000000 3.000186 4.218304
 481.000000 2.895947 5.639888
 482.000000 3.484804 6.418827
 483.000000 5.125910 7.396863
 484.000000 5.252754 6.246288
 485.000000 4.573141 7.592119
 486.000000 5.932732 4.374502
 487.000000 5.957039 4.977242
 488.000000 4.341966 5.999058
 489.000000 3.880712 3.401436
 490.000000 4.113460 2.382459
 491.000000 1.823583 1.494398
 492.000000 2.454188 1.873984
 493.000000 3.814021 3.512099
 494.000000 4.232914 3.245113
 495.000000 5.474885 3.950143
 496.000000 5.689977 4.357785
 497.000000 6.225072 6.155740
 498.000000 6.626104 7.068936
 499.000000 6.735875 6.714344
 500.000000 7.424802 7.374676
 501.000000 7.785510 8.444618
 502.000000 6.712463 7.641656
 503.000000 6.384582 7.331431
 504.000000 5.144750 5.078818
 505.000000 4.335318 5.078100
 506.000000 5.714327 5.530115
 507.000000 6.144318 6.265333
 508.000000 3.722014 5.178732
 509.000000 5.219020 5.857221
 510.000000 6.535204 6.924492
 511.000000 6.240126 6.789422
 512.000000 5.052683 4.867527
 513.000000 5.648244 4.962837
 514.000000 6.610520 6.010284
 515.000000 5.540439 5.031635
 516.000000 6.483581 6.172044
 517.000000 4.015492 4.183655
 518.000000 6.022157 5.187561
 519.000000 4.286509 3.653409
 520.000000 3.477683 3.865118
 521.000000 5.119132 5.699852
 522.000000 5.700126 6.375291
 523.000000 4.275337 4.389420
 524.000000 4.361477 3.379238
 525.000000 4.144655 2.913079
 526.000000 2.476398 2.396653
 527.000000 2.809059 2.597304
 528.000000 4.885637 4.652240
 529.000000 5.436168 5.047616
 530.000000 4.875762 5.192323
 531.000000 3.570733 4.626899
 532.000000 3.446537 4.407268
 533.000000 4.955097 6.183458
 534.000000 3.420086 4.302011
 535.000000 3.576769 4.473789
 536.000000 4.010829 4.877492
 537.000000 6.071551 6.544942
 538.000000 5.967224 6.632541
 539.000000 5.614215 6.004829
 540.000000 5.046989 5.711230
 541.000000 3.188259 4.135861
 542.000000 5.368984 6.487764
 543.000000 4.830817 5.808129
 544.000000 4.653040 5.856768
 545.000000 2.598320 3.213276
 546.000000 2.436464 2.568966
 547.000000 3.161084 2.455043
 548.000000 3.931697 2.248614
 549.000000 3.512609 2.767371
 550.000000 3.724624 2.951365
 551.000000 4.196071 3.013033
 552.000000 3.997892 3.125416
 553.000000 4.797149 3.160626
 554.000000 4.997417 3.604049
 555.000000 5.227293 3.385230
 556.000000 5.179672 3.075244
 557.000000 4.401116 2.283796
 558.000000 5.346398 2.764385
 559.000000 4.895157 2.764338
 560.000000 5.060089 2.578645
 561.000000 5.216757 2.792444
 562.000000 5.489753 2.389078
 563.000000 4.653042 2.351084
 564.000000 4.579974 2.741284
 565.000000 4.878205 3.094725
 566.000000 4.733290 3.258930
 567.000000 5.172037 3.656774
 568.000000 4.988803 3.506438
 569.000000 4.435513 2.877308
 570.000000 3.658740 2.529479
 571.000000 3.351787 2.445250
 572.000000 2.605460 2.389890
 573.000000 2.496142 1.961540
 574.000000 2.990227 2.820496
 575.000000 2.206234 2.766245
 576.000000 1.784474 2.757054
 577.000000 1.859659 2.604498
 578.000000 2.324989 2.872548
 579.000000 5.034202 5.952126
 580.000000 3.309920 4.240671
 581.000000 4.865815 5.697408
 582.000000 4.976687 5.031730
 583.000000 6.140632 4.465181
 584.000000 6.588942 4.861770
 585.000000 4.154058 3.226102
 586.000000 5.666491 5.449563
 587.000000 6.323630 5.191929
 588.000000 6.526820 4.749132
 589.000000 7.045819 5.483714
 590.000000 7.484106 7.107185
 591.000000 4.263839 5.024490
 592.000000 5.616162 6.188315
 593.000000 6.509241 6.542841
 594.000000 5.908609 5.800190
 595.000000 7.557135 7.188735
 596.000000 8.618538 6.430321
 597.000000 8.874155 7.584519
 598.000000 8.219319 7.337261
 599.000000 7.887159 7.105332
 600.000000 8.101190 7.303431
 601.000000 8.514640 7.736754
 602.000000 7.826804 7.738072
 603.000000 8.302002 7.651794
 604.000000 8.504667 7.293282
 605.000000 7.488422 6.696335
 606.000000 7.977146 7.054329
 607.000000 7.668522 7.303041
 608.000000 7.432444 7.091361
 609.000000 8.197684 6.822890
 610.000000 8.554519 7.259198
 611.000000 9.071196 7.283755
 612.000000 8.740936 7.467750
 613.000000 9.314401 7.789607
 614.000000 9.351314 7.846460
 615.000000 9.079861 8.357621
 616.000000 9.404646 8.534883
 617.000000 9.194205 8.451665
 618.000000 7.789647 8.676586
 619.000000 8.359765 8.285096
 620.000000 7.790486 8.073079
 621.000000 8.086907 8.149918
 622.000000 7.639016 8.375499
 623.000000 7.760668 8.344512
 624.000000 7.070948 8.237796
 625.000000 7.536739 7.999683
 626.000000 7.099881 8.141264
 627.000000 6.979632 7.704401
 628.000000 7.047257 7.450208
 629.000000 6.320859 7.664289
 630.000000 7.148022 7.733143
 631.000000 6.503977 7.804994
 632.000000 6.036654 7.409319
 633.000000 6.704049 7.755504
 634.000000 7.010628 7.483638
 635.000000 6.879094 7.865701
 636.000000 7.392266 7.762363
 637.000000 7.077710 7.418789
 638.000000 6.760491 7.279923
 639.000000 7.740732 7.746941
 640.000000 7.961389 7.017509
 641.000000 6.925697 8.110814
 642.000000 6.398152 8.198604
 643.000000 6.533292 8.273551
 644.000000 6.119564 8.364806
 645.000000 6.008079 8.085059
 646.000000 5.835261 8.091006
 647.000000 5.720586 7.924148
 648.000000 5.207729 7.271984
 649.000000 5.343776 7.753700
 650.000000 5.493773 7.729055
 651.000000 5.783946 8.257492
 652.000000 6.731579 7.145797
 653.000000 7.912099 6.530811
 654.000000 7.243234 6.944925
 655.000000 7.187333 6.883616
 656.000000 8.025914 7.425797
 657.000000 7.602904 7.283733
 658.000000 8.238848 7.338718
 659.000000 8.103398 7.071721
 660.000000 6.954916 7.414219
 661.000000 6.676075 7.271220
 662.000000 6.844474 7.681171
 663.000000 6.688445 7.923338
 664.000000 6.327289 7.540031
 665.000000 5.877876 8.478161
 666.000000 5.119231 7.435519
 667.000000 5.471593 7.895669
 668.000000 5.576874 7.863483
 669.000000 5.787731 8.243869
 670.000000 5.756985 7.779447
 671.000000 5.342750 7.701790
 672.000000 5.513697 7.433045
 673.000000 6.271600 7.745731
 674.000000 5.798859 7.796564
 675.000000 5.622758 7.538360
 676.000000 5.678675 7.515930
 677.000000 5.861681 7.465177
 678.000000 6.311408 7.849603
 679.000000 6.125933 7.544859
 680.000000 6.152009 7.821231
 681.000000 5.798647 7.583480
 682.000000 5.400236 8.199517
 683.000000 5.884324 8.139128
 684.000000 5.743316 8.638220
 685.000000 6.317859 8.410787
 686.000000 5.962298 8.259888
 687.000000 6.614877 8.447331
 688.000000 6.068350 7.705447
 689.000000 5.907412 7.985276
 690.000000 6.116512 8.534613
 691.000000 4.902447 7.656020
 692.000000 4.951399 6.663265
 693.000000 4.730920 7.892994
 694.000000 5.223354 7.857811
 695.000000 4.867076 8.185783
 696.000000 4.412628 7.473932
 697.000000 5.200771 8.110617
 698.000000 5.078158 8.307328
 699.000000 5.621164 7.678808
 700.000000 6.032024 7.733907
 701.000000 6.428208 7.244442
 702.000000 6.014776 7.147825
 703.000000 5.376333 6.164511
 704.000000 5.143038 6.120882
 705.000000 4.090878 3.165828
 706.000000 4.591185 3.663565
 707.000000 5.103871 4.827681
 708.000000 4.905411 5.938317
 709.000000 6.750254 6.712333
 710.000000 7.821087 8.267075
 711.000000 6.176044 6.829096
 712.000000 4.613128 5.121453
 713.000000 6.165452 7.061085
 714.000000 6.316478 5.027712
 715.000000 7.034825 6.212279
 716.000000 5.446687 6.720309
 717.000000 5.455936 7.882828
 718.000000 3.978827 5.344342
 719.000000 3.311680 4.478274
 720.000000 2.961304 5.384630
 721.000000 1.556018 3.634225
 722.000000 4.466929 6.303577
 723.000000 5.302506 5.699701
 724.000000 2.262486 3.775166
 725.000000 1.712807 2.576461
 726.000000 5.161531 4.529185
 727.000000 4.790253 4.583675
 728.000000 5.506971 5.856970
 729.000000 4.530192 6.091652
 730.000000 5.818587 7.784533
 731.000000 5.202414 7.181477
 732.000000 2.999856 5.011478
 733.000000 4.358727 6.832181
 734.000000 7.655050 6.753475
 735.000000 6.860623 6.936437
 736.000000 7.523352 4.796766
 737.000000 5.531293 4.631697
 738.000000 7.355005 6.428744
 739.000000 5.678432 2.782776
 740.000000 6.822917 5.299405
 741.000000 4.594490 3.138517
 742.000000 6.813232 5.889495
 743.000000 5.464384 3.779982
 744.000000 5.151422 5.677614
 745.000000 4.250589 5.466778
 746.000000 4.486517 3.750101
 747.000000 3.949062 3.839701
 748.000000 5.272336 5.783945
 749.000000 5.303640 5.409521
 750.000000 7.343809 5.124166
 751.000000 6.219942 5.010351
 752.000000 6.892508 6.237458
 753.000000 6.360145 6.309667
 754.000000 5.802099 4.812481
 755.000000 4.502627 4.651096
 756.000000 5.989783 4.467655
 757.000000 3.796782 4.375580
 758.000000 3.247179 1.725431
 759.000000 3.924272 2.452943
 760.000000 2.291455 0.788980
 761.000000 2.746551 0.910095
 762.000000 2.389508 2.179858
 763.000000 2.790550 2.339955
 764.000000 4.886749 4.557397
 765.000000 5.630647 5.753359
 766.000000 5.463664 5.358403
 767.000000 7.021055 6.147190
 768.000000 7.602174 6.712517
 769.000000 6.404489 5.167931
 770.000000 5.533864 6.081377
 771.000000 6.390142 6.907662
 772.000000 6.926057 7.132181
 773.000000 5.892972 6.344998
 774.000000 4.872749 5.881864
 775.000000 4.069754 4.201129
 776.000000 4.621615 4.628267
 777.000000 5.484875 5.193045
 778.000000 4.688173 4.383760
 779.000000 4.602997 4.396435
 780.000000 6.229443 5.919754
 781.000000 5.101300 4.528757
 782.000000 5.518899 4.789357
 783.000000 4.695193 3.979477
 784.000000 5.263108 4.899301
 785.000000 6.146453 5.641493
 786.000000 7.308920 7.206458
 787.000000 5.536060 4.638208
 788.000000 4.746941 5.112943
 789.000000 6.247473 5.930904
 790.000000 5.525889 5.134404
 791.000000 5.851382 5.165500
 792.000000 6.293343 5.849125
 793.000000 6.513920 6.640336
 794.000000 9.554978 8.647505
 795.000000 7.678381 7.845840
 796.000000 7.065543 6.828069
 797.000000 8.369781 7.755847
 798.000000 8.095963 5.941700
 799.000000 5.638548 3.898754
 800.000000 4.834917 3.273107
 801.000000 3.720492 3.199952
 802.000000 3.135176 1.775152
 803.000000 5.050629 4.552432
 804.000000 4.886150 5.040148
 805.000000 4.392087 3.908442
 806.000000 3.626508 4.070892
 807.000000 2.443190 3.447037
 808.000000 1.878639 3.623202
 809.000000 3.490676 4.375594
 810.000000 3.110855 4.472154
 811.000000 4.192392 5.052533
 812.000000 4.842896 5.083715
 813.000000 5.151035 5.539616
 814.000000 5.821156 4.945107
 815.000000 4.905823 4.037030
 816.000000 6.645999 5.318935
 817.000000 8.601750 6.947747
 818.000000 8.033567 6.631845
 819.000000 8.880793 7.459245
 820.000000 6.985404 5.431567
 821.000000 6.439068 4.891678
 822.000000 5.869058 5.652303
 823.000000 6.512507 4.939948
 824.000000 5.682683 4.295842
 825.000000 4.468503 3.732801
 826.000000 5.145136 4.196290
 827.000000 5.234648 4.635657
 828.000000 4.360046 3.976828
 829.000000 5.792179 5.678869
 830.000000 5.962957 5.794615
 831.000000 6.047440 5.791427
 832.000000 5.441539 5.050994
 833.000000 5.932362 4.970806
 834.000000 5.757000 4.774541
 835.000000 6.407652 5.415189
 836.000000 6.443212 5.788919
 837.000000 5.792074 5.058649
 838.000000 6.718307 5.723300
 839.000000 5.637598 4.522791
 840.000000 6.315509 5.423056
 841.000000 6.920084 6.443060
 842.000000 3.913863 3.580448
 843.000000 4.846981 3.893177
 844.000000 7.102465 5.720146
 845.000000 6.648585 5.051686
 846.000000 6.531493 4.736327
 847.000000 6.455866 5.086365
 848.000000 5.426864 4.240369
 849.000000 7.899219 6.445848
 850.000000 8.152968 6.853131
 851.000000 6.362346 5.397562
 852.000000 7.199845 5.859759
 853.000000 5.644860 6.201155
 854.000000 5.908058 6.226442
 855.000000 8.914269 8.958048
 856.000000 6.699986 6.227637
 857.000000 5.917407 5.267955
 858.000000 7.722168 7.404312
 859.000000 5.895790 5.767058
 860.000000 4.421225 5.183379
 861.000000 4.639123 5.921110
 862.000000 3.937438 5.185040
 863.000000 5.064755 5.538402
 864.000000 5.839883 6.306135
 865.000000 6.954122 6.171358
 866.000000 6.108641 5.823167
 867.000000 7.129495 7.167224
 868.000000 6.029906 5.612319
 869.000000 5.149851 4.099742
 870.000000 6.809526 6.105494
 871.000000 5.867177 5.848118
 872.000000 5.455956 5.513277
 873.000000 5.772267 5.780260
 874.000000 6.785559 6.574123
 875.000000 7.341223 7.137435
 876.000000 6.592880 6.347359
 877.000000 5.417441 5.961103
 878.000000 3.971210 4.149235
 879.000000 6.201786 7.043214
 880.000000 5.586761 5.536153
 881.000000 8.552058 8.780324
 882.000000 5.939787 4.697375
 883.000000 7.108335 6.534427
 884.000000 5.640882 5.081280
 885.000000 7.249102 6.753436
 886.000000 5.798310 5.167883
 887.000000 7.231684 6.535313
 888.000000 4.967168 4.518728
 889.000000 5.761829 5.326582
 890.000000 5.614270 5.113749
 891.000000 6.079051 4.589034
 892.000000 7.040537 5.903759
 893.000000 6.890925 6.097880
 894.000000 6.606070 5.618085
 895.000000 6.020724 4.894724
 896.000000 5.308471 3.720604
 897.000000 6.145569 5.216881
 898.000000 6.215261 5.202702
 899.000000 5.657239 5.356821
 900.000000 5.095046 3.795259
 901.000000 4.981915 4.078140
 902.000000 5.239024 5.118675
 903.000000 7.524838 6.457199
 904.000000 7.043185 6.067743
 905.000000 6.790315 5.659848
 906.000000 4.818313 3.829899
 907.000000 2.365937 3.390286
 908.000000 1.041162 2.241630
 909.000000 1.290471 2.745107
 910.000000 1.135003 3.023918
 911.000000 1.169904 4.273035
 912.000000 1.188492 3.674178
 913.000000 1.220022 3.889619
 914.000000 1.188895 3.857845
 915.000000 1.144770 3.186919
 916.000000 0.985218 3.680102
 917.000000 1.037587 3.539182
 918.000000 1.132209 3.453567
 919.000000 1.213396 3.611892
 920.000000 1.416847 3.641619
 921.000000 1.676963 3.874228
 922.000000 1.674491 3.977642
 923.000000 2.260617 4.490770
 924.000000 2.471484 4.698345
 925.000000 1.835406 4.040072
 926.000000 2.130315 4.186728
 927.000000 1.929500 4.066207
 928.000000 1.901652 4.009196
 929.000000 2.167479 4.398838
 930.000000 2.244620 4.493923
 931.000000 2.103012 4.649974
 932.000000 1.768285 3.606808
 933.000000 1.794983 3.321402
 934.000000 2.297969 4.381639
 935.000000 1.775251 3.543003
 936.000000 1.607950 3.322245
 937.000000 1.513555 2.754495
 938.000000 1.816451 3.359927
 939.000000 2.021000 3.336044
 940.000000 2.023929 3.284654
 941.000000 1.900916 3.121604
 942.000000 1.740486 2.939738
 943.000000 1.718874 3.110681
 944.000000 1.476154 2.687171
 945.000000 1.526727 2.389327
 946.000000 1.539426 2.467295
 947.000000 1.327099 2.339648
 948.000000 1.103356 2.380827
 949.000000 1.313202 2.437394
 950.000000 1.521214 2.757777
 951.000000 1.413390 2.782724
 952.000000 1.616994 3.331732
 953.000000 1.725099 3.403975
 954.000000 2.171772 3.515308
 955.000000 2.443884 3.361955
 956.000000 2.398524 3.134126
 957.000000 2.319065 3.269595
 958.000000 2.252553 3.226898
 959.000000 2.026965 3.068065
 960.000000 1.978342 3.489747
 961.000000 1.931770 3.578941
 962.000000 2.240797 3.814206
 963.000000 1.965580 3.831970
 964.000000 1.466990 2.906221
 965.000000 2.086127 3.531542
 966.000000 1.938924 3.568010
 967.000000 1.938228 3.294625
 968.000000 1.986943 3.239010
 969.000000 2.147189 3.299041
 970.000000 2.029003 3.034891
 971.000000 2.004967 2.540404
 972.000000 2.066742 2.576418
 973.000000 2.146488 2.713376
 974.000000 2.100015 2.680069
 975.000000 2.088949 2.451123
 976.000000 2.323809 2.547483
 977.000000 2.185903 2.338135
 978.000000 3.924432 4.045939
 979.000000 4.106236 3.605856
 980.000000 5.021452 3.839931
 981.000000 3.442669 2.928327
 982.000000 6.739127 6.311090
 983.000000 5.338691 3.462239
 984.000000 4.466824 2.863191
 985.000000 7.963023 6.516941
 986.000000 6.028761 6.234002
 987.000000 7.711737 6.593275
 988.000000 7.121951 6.269241
 989.000000 6.007650 5.440091
 990.000000 4.619968 4.576054
 991.000000 4.187843 4.630267
 992.000000 6.393846 6.614628
 993.000000 6.555798 6.564759
 994.000000 6.250286 5.721206
 995.000000 4.640322 3.994197
 996.000000 5.434201 5.033397
 997.000000 5.061440 4.762036
 998.000000 1.898231 2.557758
 999.000000 2.117560 3.557436
 1000.000000 2.098579 3.537172
 1001.000000 1.176649 1.697792
 1002.000000 1.029718 1.529859
 1003.000000 1.545734 1.872405
 1004.000000 1.937237 1.830493
 1005.000000 1.804411 1.773550
 1006.000000 2.079029 1.442654
 1007.000000 2.023825 1.396035
 1008.000000 1.840689 1.018870
 1009.000000 2.966187 1.285788
 1010.000000 2.484147 0.956777
 1011.000000 1.896131 1.504906
 1012.000000 2.952655 2.401019
 1013.000000 2.888299 2.696797
 1014.000000 3.064780 2.113155
 1015.000000 3.393628 2.700454
 1016.000000 3.168854 2.792379
 1017.000000 3.018365 2.585214
 1018.000000 3.081237 2.693549
 1019.000000 2.818413 2.496937
 1020.000000 2.556481 2.432157
 1021.000000 2.645749 2.451596
 1022.000000 2.690280 2.261217
 1023.000000 2.676337 2.149149
 1024.000000 2.575205 1.762250
 1025.000000 2.677213 1.818390
 1026.000000 2.528673 1.884057
 1027.000000 2.670773 2.281761
 1028.000000 2.907123 2.084537
 1029.000000 2.675508 2.043676
 1030.000000 2.615129 2.025264
 1031.000000 3.123720 2.444324
 1032.000000 2.903743 2.030824
 1033.000000 3.122081 2.154281
 1034.000000 2.997030 2.210447
 1035.000000 3.190955 2.305404
 1036.000000 3.211986 2.373204
 1037.000000 3.153093 2.380351
 1038.000000 3.262249 2.466631
 1039.000000 3.654848 2.523960
 1040.000000 2.795921 1.937972
 1041.000000 4.904153 3.522719
 1042.000000 5.211346 3.215950
 1043.000000 6.732882 4.493930
 1044.000000 5.511764 3.852852
 1045.000000 6.535866 4.848340
 1046.000000 7.530841 7.007053
 1047.000000 6.645565 7.436062
 1048.000000 6.576436 6.182571
 1049.000000 6.978260 7.210350
 1050.000000 8.679570 6.865315
 1051.000000 8.558219 6.597093
 1052.000000 7.333176 5.784544
 1053.000000 6.572919 4.650746
 1054.000000 6.371315 6.369529
 1055.000000 5.901646 6.673094
 1056.000000 3.808174 5.326408
 1057.000000 4.129719 5.648162
 1058.000000 5.262450 5.709374
 1059.000000 5.917906 5.197470
 1060.000000 4.918448 6.220341
 1061.000000 6.188406 6.701160
 1062.000000 6.639555 6.539982
 1063.000000 6.130620 6.644592
 1064.000000 7.685699 8.218125
 1065.000000 8.063957 6.875712
 1066.000000 6.444270 7.264382
 1067.000000 4.871530 6.396078
 1068.000000 5.801434 7.185120
 1069.000000 6.297888 7.451182
 1070.000000 5.922728 7.330460
 1071.000000 6.057072 6.862402
 1072.000000 4.141334 5.511852
 1073.000000 4.699666 5.999309
 1074.000000 2.325219 3.948000
 1075.000000 3.298222 3.638560
 1076.000000 2.161062 2.193591
 1077.000000 3.576947 2.301215
 1078.000000 5.922358 3.651648
 1079.000000 5.936146 4.699703
 1080.000000 5.566097 5.428195
 1081.000000 2.235444 2.807601
 1082.000000 2.279643 2.252058
 1083.000000 2.804505 4.128901
 1084.000000 4.657170 4.074220
 1085.000000 2.502234 2.936788
 1086.000000 5.168442 5.616659
 1087.000000 4.997978 5.551626
 1088.000000 5.991300 3.761968
 1089.000000 8.394362 6.938716
 1090.000000 7.875458 7.318477
 1091.000000 6.977794 5.301420
 1092.000000 4.968092 6.015179
 1093.000000 6.394739 6.605515
 1094.000000 5.311642 5.014063
 1095.000000 5.800280 5.866109
 1096.000000 5.723108 4.812831
 1097.000000 7.021357 6.087354
 1098.000000 6.312263 4.402679
 1099.000000 5.402339 4.036852
 1100.000000 5.266349 4.270171
 1101.000000 4.947085 2.898637
 1102.000000 4.699402 2.618583
 1103.000000 3.999389 1.772145
 1104.000000 4.209665 1.451294
 1105.000000 5.220943 3.127634
 1106.000000 5.375231 2.785386
 1107.000000 5.039392 2.614565
 1108.000000 4.216468 3.094807
 1109.000000 3.973039 3.210549
 1110.000000 4.161862 3.729952
 1111.000000 3.975461 3.588631
 1112.000000 3.767694 3.365531
 1113.000000 3.826277 3.524499
 1114.000000 3.965740 3.256662
 1115.000000 3.804848 3.015251
 1116.000000 3.649000 2.730944
 1117.000000 3.310042 2.660677
 1118.000000 3.748840 2.971269
 1119.000000 3.966574 3.037967
 1120.000000 3.840340 2.914577
 1121.000000 3.727197 2.993460
 1122.000000 3.809352 2.940529
 1123.000000 3.886925 2.969535
 1124.000000 3.923788 2.600494
 1125.000000 3.794443 3.163085
 1126.000000 3.852726 3.556704
 1127.000000 3.621880 3.432711
 1128.000000 4.022949 3.805557
 1129.000000 4.231869 4.150554
 1130.000000 4.222419 4.173241
 1131.000000 4.408932 4.369289
 1132.000000 4.393516 4.204068
 1133.000000 4.144489 4.042182
 1134.000000 4.120953 3.481010
 1135.000000 4.023058 3.333681
 1136.000000 4.100650 3.510871
 1137.000000 4.119772 3.519816
 1138.000000 4.079733 3.362302
 1139.000000 4.267310 3.695656
 1140.000000 4.330986 3.788329
 1141.000000 4.330582 3.788935
 1142.000000 4.100827 3.973408
 1143.000000 4.263825 3.565398
 1144.000000 4.463073 3.586975
 1145.000000 4.273437 3.735507
 1146.000000 4.315670 3.586846
 1147.000000 4.396614 3.544855
 1148.000000 4.223688 3.396704
 1149.000000 4.139921 3.458022
 1150.000000 4.229544 3.520924
 1151.000000 4.617884 4.065786
 1152.000000 4.631031 4.240688
 1153.000000 4.333370 4.059757
 1154.000000 4.338958 4.131838
 1155.000000 4.408512 4.384774
 1156.000000 4.537433 4.230201
 1157.000000 4.455365 4.134358
 1158.000000 4.388069 4.246347
 1159.000000 4.338100 4.174559
 1160.000000 4.159005 3.998808
 1161.000000 4.150890 4.131673
 1162.000000 4.426328 4.068872
 1163.000000 4.418172 3.960785
 1164.000000 4.384232 4.172960
 1165.000000 4.734020 4.140289
 1166.000000 4.442226 3.919123
 1167.000000 4.463328 3.989931
 1168.000000 4.468473 3.908374
 1169.000000 4.618879 4.047160
 1170.000000 4.419071 4.320831
 1171.000000 4.698319 4.160359
 1172.000000 4.716677 3.895304
 1173.000000 4.565769 3.976891
 1174.000000 4.625896 3.970989
 1175.000000 4.349793 4.011335
 1176.000000 4.294111 4.561370
 1177.000000 4.457820 4.469378
 1178.000000 4.281430 3.851405
 1179.000000 4.247292 4.096498
 1180.000000 4.176232 4.054924
 1181.000000 4.238272 3.721508
 1182.000000 4.392991 3.912578
 1183.000000 4.717590 3.481951
 1184.000000 4.349369 3.558974
 1185.000000 4.447985 3.191472
 1186.000000 4.231853 3.200300
 1187.000000 4.344890 3.427046
 1188.000000 4.194107 2.969832
 1189.000000 4.157246 2.995883
 1190.000000 4.365613 3.207964
 1191.000000 4.314335 3.327384
 1192.000000 4.442923 3.470633
 1193.000000 4.568037 3.789783
 1194.000000 4.538761 3.497306
 1195.000000 4.311277 3.576435
 1196.000000 4.297145 3.535890
 1197.000000 4.369048 3.218249
 1198.000000 4.389649 3.129789
 1199.000000 4.209885 2.643179
 1200.000000 4.362492 2.991586
 1201.000000 4.620125 3.128116
 1202.000000 4.289934 2.767332
 1203.000000 4.375849 2.548164
 1204.000000 4.180139 2.717714
 1205.000000 4.570925 2.530982
 1206.000000 4.376453 2.635209
 1207.000000 4.340448 2.613566
 1208.000000 4.192961 2.443342
 1209.000000 4.475476 2.876727
 1210.000000 4.397114 3.140561
 1211.000000 4.598264 3.135173
 1212.000000 4.505933 2.654748
 1213.000000 4.567525 2.915671
 1214.000000 4.801565 2.641368
 1215.000000 5.411852 3.051459
 1216.000000 5.051971 2.949397
 1217.000000 4.451062 3.083998
 1218.000000 4.519771 3.104070
 1219.000000 4.268291 2.910854
 1220.000000 4.355824 2.917503
 1221.000000 3.761930 2.782960
 1222.000000 4.392555 3.131263
 1223.000000 3.915664 3.043857
 1224.000000 4.800334 2.981245
 1225.000000 4.511234 3.823536
 1226.000000 5.048679 4.063446
 1227.000000 4.599501 3.915093
 1228.000000 5.146044 4.304245
 1229.000000 4.807222 4.502732
 1230.000000 5.347027 4.572110
 1231.000000 4.550730 4.530058
 1232.000000 4.544617 4.603698
 1233.000000 4.946527 4.561623
 1234.000000 5.558224 5.081633
 1235.000000 5.630452 4.679067
 1236.000000 5.393680 5.122935
 1237.000000 5.602430 5.178492
 1238.000000 5.429533 4.614631
 1239.000000 4.995345 4.638761
 1240.000000 4.443809 4.427371
 1241.000000 4.632646 4.212842
 1242.000000 4.418985 4.263854
 1243.000000 4.748417 4.704766
 1244.000000 4.682910 4.753194
 1245.000000 5.184500 4.731483
 1246.000000 5.060832 4.482780
 1247.000000 4.820057 4.720817
 1248.000000 4.818011 4.634115
 1249.000000 4.259457 4.631130
 1250.000000 4.037097 4.645753
 1251.000000 4.096870 5.030029
 1252.000000 3.636175 4.734904
 1253.000000 3.934721 4.594574
 1254.000000 3.542883 4.661839
 1255.000000 3.737184 4.775854
 1256.000000 3.950236 4.717290
 1257.000000 4.547665 4.738207
 1258.000000 4.906480 5.101886
 1259.000000 4.985024 4.808927
 1260.000000 5.240559 4.709892
 1261.000000 5.333290 4.521514
 1262.000000 5.784097 4.700476
 1263.000000 5.594537 4.631324
 1264.000000 5.407431 4.846736
 1265.000000 5.445133 4.579386
 1266.000000 4.864490 4.499421
 1267.000000 4.815152 4.702703
 1268.000000 4.991659 4.452827
 1269.000000 4.704943 4.515830
 1270.000000 4.496402 4.387060
 1271.000000 4.906207 4.373992
 1272.000000 4.800319 4.797670
 1273.000000 4.631354 4.364601
 1274.000000 5.382856 4.493060
 1275.000000 5.434950 5.205422
 1276.000000 5.019458 4.866311
 1277.000000 5.233498 5.123490
 1278.000000 5.223449 4.706816
 1279.000000 4.704093 5.043500
 1280.000000 3.959675 4.672815
 1281.000000 3.983328 4.740980
 1282.000000 4.238034 4.817697
 1283.000000 4.443116 4.964734
 1284.000000 4.285649 4.353417
 1285.000000 4.424791 4.440047
 1286.000000 4.536818 4.848020
 1287.000000 4.518477 4.837478
 1288.000000 3.995285 4.134253
 1289.000000 3.907706 4.383321
 1290.000000 3.259835 4.427702
 1291.000000 3.671331 4.482520
 1292.000000 4.000089 4.546777
 1293.000000 3.617757 4.632054
 1294.000000 3.709818 4.454174
 1295.000000 3.565494 4.541027
 1296.000000 3.010155 4.565995
 1297.000000 3.356110 4.492448
 1298.000000 3.479495 4.371505
 1299.000000 3.544988 4.326555
 1300.000000 3.723744 4.075181
 1301.000000 3.082633 3.405932
 1302.000000 3.033127 3.669993
 1303.000000 2.954827 3.656103
 1304.000000 3.166368 3.539037
 1305.000000 3.127936 3.768909
 1306.000000 3.166260 3.607679
 1307.000000 3.314075 3.280552
 1308.000000 2.992062 3.041358
 1309.000000 2.846330 3.243764
 1310.000000 3.094577 3.185041
 1311.000000 3.110713 3.467850
 1312.000000 2.712565 3.470057
 1313.000000 2.682354 3.658489
 1314.000000 2.641096 3.509775
 1315.000000 2.645447 3.724086
 1316.000000 2.710602 3.616321
 1317.000000 2.900127 3.415566
 1318.000000 2.955944 3.582690
 1319.000000 2.915313 3.316147
 1320.000000 2.950259 3.434085
 1321.000000 2.858070 3.509121
 1322.000000 3.102397 3.480551
 1323.000000 3.041861 3.387338
 1324.000000 2.914421 3.571435
 1325.000000 2.751890 3.532012
 1326.000000 2.879762 3.440028
 1327.000000 3.017900 3.571860
 1328.000000 2.880294 3.811893
 1329.000000 3.183088 3.667139
 1330.000000 2.973245 3.823334
 1331.000000 2.825039 3.639439
 1332.000000 3.054787 3.795053
 1333.000000 3.152527 4.232096
 1334.000000 3.525403 4.475057
 1335.000000 2.802817 4.097891
 1336.000000 2.644679 3.390233
 1337.000000 2.993169 3.676001
 1338.000000 3.669335 3.297835
 1339.000000 3.663434 3.473174
 1340.000000 2.980858 3.655209
 1341.000000 2.911635 3.651227
 1342.000000 2.791998 3.648767
 1343.000000 2.837250 3.448324
 1344.000000 3.971835 3.718987
 1345.000000 3.464096 3.519512
 1346.000000 4.204370 3.491593
 1347.000000 4.427009 3.944774
 1348.000000 4.686658 3.500173
 1349.000000 4.476219 3.785868
 1350.000000 4.539649 3.948001
 1351.000000 4.318008 3.966233
 1352.000000 5.503152 4.417741
 1353.000000 4.755449 4.017208
 1354.000000 4.861190 3.799466
 1355.000000 5.125686 3.691932
 1356.000000 5.895398 4.160129
 1357.000000 6.372334 4.168481
 1358.000000 6.437270 4.087791
 1359.000000 6.327580 4.022667
 1360.000000 6.327487 3.831834
 1361.000000 6.009876 4.309792
 1362.000000 6.161593 4.237011
 1363.000000 6.077633 4.117838
 1364.000000 6.089127 3.602698
 1365.000000 6.750858 3.956115
 1366.000000 6.706323 4.273560
 1367.000000 6.381752 4.462685
 1368.000000 6.678805 4.651225
 1369.000000 6.776008 4.378171
 1370.000000 6.626874 3.993238
 1371.000000 6.194908 3.339160
 1372.000000 5.572200 3.344247
 1373.000000 5.293989 3.353518
 1374.000000 5.059185 2.801334
 1375.000000 6.416555 2.799067
 1376.000000 5.250367 2.776183
 1377.000000 5.090036 3.112981
 1378.000000 5.800601 3.268914
 1379.000000 5.559799 2.871068
 1380.000000 5.540802 2.936502
 1381.000000 4.895914 3.120895
 1382.000000 5.170906 2.922749
 1383.000000 6.362153 3.581984
 1384.000000 6.096260 4.297581
 1385.000000 5.410862 3.547331
 1386.000000 5.487325 3.635072
 1387.000000 5.773539 4.356416
 1388.000000 6.030975 4.129607
 1389.000000 5.931634 4.366771
 1390.000000 6.160159 4.201738
 1391.000000 5.977792 4.078447
 1392.000000 6.832514 4.230759
 1393.000000 6.644139 4.388400
 1394.000000 6.031015 4.571675
 1395.000000 6.288718 4.533906
 1396.000000 5.863591 4.433337
 1397.000000 5.663202 4.733823
 1398.000000 4.715201 5.000377
 1399.000000 4.400640 5.274525
 1400.000000 5.556648 4.852985
 1401.000000 4.969971 4.601128
 1402.000000 5.209339 4.675019
 1403.000000 4.823303 4.543812
 1404.000000 4.494273 4.513738
 1405.000000 4.320864 4.239110
 1406.000000 5.176205 4.623078
 1407.000000 4.046920 4.387722
 1408.000000 3.385151 4.070922
 1409.000000 3.734231 4.462839
 1410.000000 3.241440 4.287913
 1411.000000 3.190134 4.110776
 1412.000000 3.514985 4.069665
 1413.000000 3.264841 4.100533
 1414.000000 3.415304 4.344592
 1415.000000 3.427068 4.787601
 1416.000000 3.363417 4.406514
 1417.000000 3.374681 4.543939
 1418.000000 3.693867 4.620496
 1419.000000 4.192763 4.261334
 1420.000000 3.736302 4.625905
 1421.000000 3.800371 4.868926
 1422.000000 3.852734 4.698664
 1423.000000 4.022248 4.588730
 1424.000000 4.018463 4.564461
 1425.000000 4.040173 3.764344
 1426.000000 3.305806 3.677035
 1427.000000 3.568640 4.374786
 1428.000000 3.372026 4.234106
 1429.000000 3.847738 4.459149
 1430.000000 3.207427 4.885104
 1431.000000 3.802997 5.231383
 1432.000000 4.156810 4.934898
 1433.000000 4.639964 5.816689
 1434.000000 4.002269 5.253013
 1435.000000 3.801428 5.293939
 1436.000000 3.530030 5.158190
 1437.000000 3.520478 5.055608
 1438.000000 3.789612 4.996101
 1439.000000 3.757545 5.294785
 1440.000000 3.561673 5.296042
 1441.000000 3.350533 5.122881
 1442.000000 3.277338 4.898553
 1443.000000 3.258034 5.099596
 1444.000000 3.263911 4.705361
 1445.000000 3.494351 4.958234
 1446.000000 4.248873 4.462185
 1447.000000 3.919368 4.470067
 1448.000000 3.731736 4.736927
 1449.000000 4.167326 4.634352
 1450.000000 4.230302 4.866821
 1451.000000 3.775132 4.755449
 1452.000000 3.812604 4.851522
 1453.000000 4.073954 5.312343
 1454.000000 4.376720 5.590745
 1455.000000 4.562040 5.226011
 1456.000000 5.195641 5.151351
 1457.000000 4.799049 4.927890
 1458.000000 4.512974 4.793629
 1459.000000 4.838726 4.931877
 1460.000000 4.823680 5.044245
 1461.000000 5.084461 5.172834
 1462.000000 5.369859 4.930381
 1463.000000 5.121040 5.167340
 1464.000000 4.787565 5.309351
 1465.000000 4.746532 4.891327
 1466.000000 4.914063 4.825109
 1467.000000 4.857582 5.163102
 1468.000000 4.730017 5.082899
 1469.000000 4.058759 4.517329
 1470.000000 3.806232 4.386963
 1471.000000 3.846721 4.139902
 1472.000000 3.829113 4.197140
 1473.000000 3.860313 4.283846
 1474.000000 3.908254 4.059893
 1475.000000 3.798803 4.027041
 1476.000000 3.475445 3.948144
 1477.000000 3.928748 4.027119
 1478.000000 4.167341 3.839259
 1479.000000 3.793252 3.703891
 1480.000000 3.789011 3.751190
 1481.000000 3.482119 3.527603
 1482.000000 3.598250 3.663422
 1483.000000 3.627383 3.744156
 1484.000000 3.375878 3.566120
 1485.000000 3.423140 3.493883
 1486.000000 3.556883 3.581485
 1487.000000 3.912014 3.717761
 1488.000000 3.496178 3.464689
 1489.000000 3.432450 3.549976
 1490.000000 3.580656 3.630370
 1491.000000 3.604837 3.560868
 1492.000000 3.824797 3.735841
 1493.000000 3.761994 3.702197
 1494.000000 3.690248 3.855307
 1495.000000 4.608380 3.856563
 1496.000000 3.498781 3.707646
 1497.000000 3.371727 3.459864
 1498.000000 3.328314 3.599487
 1499.000000 3.857829 3.497089
 1500.000000 4.462759 3.711144
 1501.000000 3.869407 3.571966
 1502.000000 4.328641 3.553999
 1503.000000 5.008476 3.316528
 1504.000000 4.702043 3.614003
 1505.000000 4.941292 3.555358
 1506.000000 4.997244 3.507757
 1507.000000 4.764819 3.317764
 1508.000000 4.484137 3.519155
 1509.000000 4.475954 3.740279
 1510.000000 4.412937 3.844925
 1511.000000 4.166654 3.495363
 1512.000000 4.342144 3.402432
 1513.000000 4.321669 3.371290
 1514.000000 4.353382 3.329873
 1515.000000 4.268497 3.320725
 1516.000000 4.340088 3.285877
 1517.000000 4.486189 3.538050
 1518.000000 4.380314 3.512756
 1519.000000 4.434174 3.560951
 1520.000000 4.327239 3.830690
 1521.000000 5.003673 3.963890
 1522.000000 4.426494 4.146431
 1523.000000 3.845341 4.212675
 1524.000000 3.760614 4.599079
 1525.000000 3.759620 4.577168
 1526.000000 3.356871 4.323423
 1527.000000 3.568134 4.187913
 1528.000000 4.289849 4.556248
 1529.000000 4.480155 4.631581
 1530.000000 4.754471 4.823098
 1531.000000 4.745633 4.704644
 1532.000000 4.858798 4.878705
 1533.000000 5.461096 5.005228
 1534.000000 5.873537 5.053674
 1535.000000 5.270903 4.898195
 1536.000000 5.737667 4.712390
 1537.000000 5.425235 4.646271
 1538.000000 5.882120 4.897673
 1539.000000 5.741293 4.538683
 1540.000000 5.750368 4.477090
 1541.000000 5.628617 4.708286
 1542.000000 5.813478 4.760826
 1543.000000 6.290303 5.266301
 1544.000000 6.842714 5.145352
 1545.000000 7.023295 5.391878
 1546.000000 7.471470 5.315127
 1547.000000 6.869120 5.292501
 1548.000000 6.891515 4.951535
 1549.000000 6.873058 5.272484
 1550.000000 7.008328 4.838407
 1551.000000 7.718407 4.845663
 1552.000000 7.353989 4.479238
 1553.000000 7.418404 4.454568
 1554.000000 7.351081 4.702878
 1555.000000 7.353938 4.679918
 1556.000000 7.140705 4.492364
 1557.000000 7.198585 4.414020
 1558.000000 6.726645 4.270519
 1559.000000 6.978076 4.430512
 1560.000000 5.709306 4.885377
 1561.000000 5.315273 4.899349
 1562.000000 5.883846 5.050698
 1563.000000 5.695280 4.895991
 1564.000000 5.098095 4.790492
 1565.000000 5.373922 4.939374
 1566.000000 5.584782 5.082983
 1567.000000 5.538133 4.769521
 1568.000000 5.029180 4.710807
 1569.000000 5.848985 5.067374
 1570.000000 6.056566 5.227586
 1571.000000 5.967580 4.659735
 1572.000000 5.893377 4.893530
 1573.000000 5.524695 4.857753
 1574.000000 5.933076 5.374920
 1575.000000 6.084921 4.702454
 1576.000000 6.074777 4.447573
 1577.000000 4.671123 4.393644
 1578.000000 4.802071 4.263916
 1579.000000 4.713366 4.370747
 1580.000000 4.675922 4.411117
 1581.000000 4.502745 4.247205
 1582.000000 4.367123 4.445405
 1583.000000 3.547979 4.173939
 1584.000000 4.534867 4.305478
 1585.000000 4.954134 4.591468
 1586.000000 5.099357 4.450663
 1587.000000 5.684529 4.116942
 1588.000000 5.033367 3.852404
 1589.000000 5.742310 3.768798
 1590.000000 5.833343 3.699971
 1591.000000 6.360763 3.144135
 1592.000000 6.480315 3.545171
 1593.000000 6.948916 3.507633
 1594.000000 6.807899 3.803116
 1595.000000 6.709823 4.119070
 1596.000000 5.830124 3.733540
 1597.000000 5.050070 3.941656
 1598.000000 4.482035 4.338234
 1599.000000 3.630515 4.712146
 1600.000000 3.650192 4.493304
 1601.000000 4.337883 4.727330
 1602.000000 3.672718 3.882327
 1603.000000 3.392283 3.670025
 1604.000000 3.473646 4.110021
 1605.000000 3.409878 3.984719
 1606.000000 3.698163 4.273140
 1607.000000 3.803726 4.311593
 1608.000000 3.860049 4.496703
 1609.000000 4.201046 5.167686
 1610.000000 4.079921 4.947202
 1611.000000 3.940170 4.993633
 1612.000000 3.512503 5.215207
 1613.000000 3.051277 4.882854
 1614.000000 3.186432 5.022677
 1615.000000 3.170509 5.012482
 1616.000000 3.544322 5.115893
 1617.000000 3.905206 5.428133
 1618.000000 3.494891 5.316873
 1619.000000 3.281884 5.121584
 1620.000000 3.144450 5.017741
 1621.000000 3.269612 5.126746
 1622.000000 3.367784 5.046244
 1623.000000 3.748319 5.116162
 1624.000000 3.571705 4.309104
 1625.000000 3.696919 4.270694
 1626.000000 3.750636 4.790211
 1627.000000 3.875489 4.759770
 1628.000000 3.821090 5.065078
 1629.000000 3.643134 5.151549
 1630.000000 4.011245 5.054801
 1631.000000 3.677452 4.673620
 1632.000000 3.654046 4.948116
 1633.000000 3.818746 4.939157
 1634.000000 3.668619 4.816581
 1635.000000 3.487482 4.011233
 1636.000000 3.342499 4.434465
 1637.000000 3.271485 4.131639
 1638.000000 3.127495 4.428554
 1639.000000 2.826493 4.136930
 1640.000000 2.974390 3.833380
 1641.000000 3.134110 3.548721
 1642.000000 3.260188 3.943722
 1643.000000 2.898422 3.818050
 1644.000000 3.361071 3.680957
 1645.000000 3.246372 3.779801
 1646.000000 3.567726 3.508376
 1647.000000 3.829112 3.296265
 1648.000000 3.908859 3.744240
 1649.000000 3.806058 3.888489
 1650.000000 4.275746 4.208279
 1651.000000 3.979009 3.605176
 1652.000000 3.683971 3.925430
 1653.000000 3.641103 3.873169
 1654.000000 4.218510 4.358016
 1655.000000 3.852960 4.061786
 1656.000000 4.127161 3.787339
 1657.000000 5.228182 3.894529
 1658.000000 4.368704 3.203684
 1659.000000 4.539810 3.569260
 1660.000000 4.543111 3.732494
 1661.000000 5.121838 3.785316
 1662.000000 4.742849 3.456065
 1663.000000 4.321307 3.181047
 1664.000000 3.996022 3.013109
 1665.000000 3.961640 2.831619
 1666.000000 3.710078 2.208797
 1667.000000 3.218187 2.123656
 1668.000000 3.656378 1.879348
 1669.000000 3.507706 1.803887
 1670.000000 3.057631 1.430558
 1671.000000 2.829991 1.240914
 1672.000000 2.906297 1.387563
 1673.000000 3.260316 1.510628
 1674.000000 2.756307 1.156607
 1675.000000 2.465851 1.277042
 1676.000000 2.373430 1.243881
 1677.000000 2.046311 1.112392
 1678.000000 1.918722 1.065036
 1679.000000 3.677505 2.853098
 1680.000000 4.085095 3.679258
 1681.000000 4.843093 4.853994
 1682.000000 4.961853 5.753914
 1683.000000 4.808932 5.232932
 1684.000000 3.817560 4.375377
 1685.000000 2.111955 2.172453
 1686.000000 2.059657 3.091299
 1687.000000 2.136321 3.159884
 1688.000000 2.263845 3.149191
 1689.000000 3.376369 2.589070
 1690.000000 7.710489 7.079553
 1691.000000 6.793903 6.048216
 1692.000000 5.747303 4.301459
 1693.000000 7.610796 7.072908
 1694.000000 7.116257 5.714620
 1695.000000 6.057192 4.751589
 1696.000000 5.028894 3.585066
 1697.000000 4.520545 2.982612
 1698.000000 4.412034 3.283413
 1699.000000 2.378533 1.546633
 1700.000000 2.690157 1.784907
 1701.000000 2.998045 1.896952
 1702.000000 5.686689 4.480812
 1703.000000 6.600014 5.877481
 1704.000000 9.509283 8.426837
 1705.000000 9.244288 7.934629
 1706.000000 5.380176 3.297703
 1707.000000 3.969733 1.854066
 1708.000000 2.966525 1.874790
 1709.000000 5.775051 5.713733
 1710.000000 4.582349 4.096615
 1711.000000 5.664730 4.444233
 1712.000000 6.277384 4.325816
 1713.000000 5.549899 3.579481
 1714.000000 5.055689 3.725668
 1715.000000 7.746134 6.369447
 1716.000000 6.536775 6.597498
 1717.000000 7.855384 6.964650
 1718.000000 6.484028 6.761873
 1719.000000 6.836722 7.215179
 1720.000000 8.575894 8.379371
 1721.000000 7.623513 7.899983
 1722.000000 7.338608 6.719349
 1723.000000 5.981858 4.892177
 1724.000000 4.776915 3.381455
 1725.000000 2.767341 1.194180
 1726.000000 2.502077 1.129694
 1727.000000 2.051425 0.971125
 1728.000000 2.271445 0.851901
 1729.000000 2.212031 1.148237
 1730.000000 1.908895 0.980339
 1731.000000 1.532794 1.162996
 1732.000000 1.676678 1.179890
 1733.000000 1.592288 1.311279
 1734.000000 1.620277 1.280953
 1735.000000 1.734877 1.357052
 1736.000000 2.567137 1.337365
 1737.000000 2.292416 0.963255
 1738.000000 2.825706 1.385919
 1739.000000 3.034691 1.797393
 1740.000000 2.561435 1.178869
 1741.000000 2.995487 0.559338
 1742.000000 6.025871 4.311984
 1743.000000 2.566747 1.773664
 1744.000000 4.805812 3.562414
 1745.000000 3.381789 2.559139
 1746.000000 2.405396 2.230494
 1747.000000 3.561742 2.111062
 1748.000000 5.418498 4.225165
 1749.000000 4.056848 2.863648
 1750.000000 2.926240 1.865394
 1751.000000 3.670726 4.673139
 1752.000000 4.314490 6.391959
 1753.000000 4.191635 5.939918
 1754.000000 3.887712 4.906515
 1755.000000 4.002086 6.798202
 1756.000000 3.402294 4.618743
 1757.000000 2.433634 2.387089
 1758.000000 2.656466 2.398157
 1759.000000 2.590291 1.868006
 1760.000000 2.336729 1.874639
 1761.000000 2.629544 2.163577
 1762.000000 2.644699 2.295355
 1763.000000 2.468110 2.011941
 1764.000000 2.169514 2.882431
 1765.000000 1.950978 3.329955
 1766.000000 2.630345 4.006580
 1767.000000 1.492174 3.239874
 1768.000000 1.692617 3.325609
 1769.000000 1.516439 2.169994
 1770.000000 5.613973 5.118000
 1771.000000 8.496604 8.585576
 1772.000000 8.764414 8.764773
 1773.000000 6.932572 7.456611
 1774.000000 5.046674 6.237229
 1775.000000 4.453664 4.765599
 1776.000000 6.027685 4.503762
 1777.000000 5.343298 2.942917
 1778.000000 5.781974 3.569590
 1779.000000 4.742579 3.057615
 1780.000000 4.765069 2.675943
 1781.000000 4.524714 6.007450
 1782.000000 5.966058 4.857763
 1783.000000 4.923810 5.693421
 1784.000000 4.872060 6.026820
 1785.000000 4.025767 6.053968
 1786.000000 3.346606 5.560556
 1787.000000 2.345054 4.898607
 1788.000000 4.035330 5.616805
 1789.000000 7.802586 8.816766
 1790.000000 6.411280 7.085114
 1791.000000 7.807713 7.975568
 1792.000000 6.639674 6.718365
 1793.000000 7.125815 6.237841
 1794.000000 7.512637 7.286539
 1795.000000 7.417060 6.969172
 1796.000000 6.374839 5.539164
 1797.000000 6.636657 7.067469
 1798.000000 5.257421 6.742776
 1799.000000 4.743665 5.572858
 1800.000000 5.079211 5.736142
 1801.000000 4.354503 5.300300
 1802.000000 6.356494 7.212830
 1803.000000 5.904357 6.338962
 1804.000000 4.469181 3.720386
 1805.000000 3.788738 4.192028
 1806.000000 2.978820 4.650837
 1807.000000 3.283657 4.483381
 1808.000000 3.414643 3.881144
 1809.000000 3.501572 4.126845
 1810.000000 3.468938 4.333897
 1811.000000 3.348242 3.987237
 1812.000000 3.235259 3.893281
 1813.000000 3.322067 3.757375
 1814.000000 3.380887 3.927322
 1815.000000 3.071840 3.588462
 1816.000000 2.900988 3.386407
 1817.000000 3.449540 3.488465
 1818.000000 2.900736 3.207318
 1819.000000 3.128720 3.368920
 1820.000000 3.214720 3.181571
 1821.000000 3.446031 3.447374
 1822.000000 3.470018 3.178600
 1823.000000 3.117424 3.445285
 1824.000000 3.138607 3.877099
 1825.000000 2.713261 3.705381
 1826.000000 2.452560 3.438095
 1827.000000 2.283419 3.180040
 1828.000000 2.398218 3.688737
 1829.000000 2.231723 3.214276
 1830.000000 1.833345 2.797931
 1831.000000 2.299714 3.951219
 1832.000000 6.361999 6.858291
 1833.000000 5.948956 5.685801
 1834.000000 4.848410 4.587198
 1835.000000 4.524645 3.692858
 1836.000000 2.792630 3.089977
 1837.000000 4.225913 4.356193
 1838.000000 4.621034 4.803161
 1839.000000 5.821656 5.493315
 1840.000000 5.943267 5.198204
 1841.000000 5.597402 5.513352
 1842.000000 6.005431 5.913200
 1843.000000 5.876297 5.474600
 1844.000000 5.980419 5.371338
 1845.000000 5.809869 5.559496
 1846.000000 5.864186 5.267199
 1847.000000 5.884823 4.658806
 1848.000000 5.888472 5.247245
 1849.000000 6.006365 6.846338
 1850.000000 6.199761 6.874110
 1851.000000 5.835360 6.422424
 1852.000000 5.880957 6.109955
 1853.000000 5.589209 5.648962
 1854.000000 5.521421 5.912787
 1855.000000 5.729630 6.120695
 1856.000000 5.114516 5.358343
 1857.000000 5.264891 5.375411
 1858.000000 3.974781 3.418100
 1859.000000 4.838073 4.479095
 1860.000000 6.006219 4.684307
 1861.000000 7.146232 6.051925
 1862.000000 6.334776 5.966277
 1863.000000 6.686225 5.127418
 1864.000000 3.764840 2.972676
 1865.000000 6.812410 6.139870
 1866.000000 4.913958 3.141024
 1867.000000 4.526976 2.940914
 1868.000000 4.424978 2.852135
 1869.000000 3.921498 3.254382
 1870.000000 4.437597 3.856214
 1871.000000 6.647660 5.816950
 1872.000000 5.453976 5.799920
 1873.000000 5.696503 6.212735
 1874.000000 5.883044 7.012604
 1875.000000 6.829597 7.136606
 1876.000000 6.030045 6.873172
 1877.000000 5.815125 6.699417
 1878.000000 5.749257 7.103153
 1879.000000 5.690620 6.987075
 1880.000000 6.187106 6.762171
 1881.000000 6.132496 6.727102
 1882.000000 6.592195 7.192895
 1883.000000 6.725023 7.721416
 1884.000000 6.373756 7.508004
 1885.000000 6.040340 7.392968
 1886.000000 6.028782 7.319875
 1887.000000 6.606164 7.686412
 1888.000000 6.483036 7.462268
 1889.000000 5.747741 6.675512
 1890.000000 6.685433 7.554722
 1891.000000 6.432070 7.587724
 1892.000000 5.777338 7.563089
 1893.000000 5.514764 7.339492
 1894.000000 6.647588 7.160709
 1895.000000 7.623378 7.688212
 1896.000000 7.836275 7.679391
 1897.000000 8.131101 8.052306
 1898.000000 7.905457 7.641648
 1899.000000 7.311776 7.040339
 1900.000000 6.428675 4.623116
 1901.000000 6.350252 4.812708
 1902.000000 6.192923 4.820904
 1903.000000 5.800863 4.947732
 1904.000000 2.372851 2.781456
 1905.000000 3.462302 4.237089
 1906.000000 3.618780 4.670954
 1907.000000 5.325772 6.830845
 1908.000000 4.790492 6.027865
 1909.000000 4.747472 5.875800
 1910.000000 6.156921 6.783984
 1911.000000 4.422338 3.732953
 1912.000000 6.541126 5.924517
 1913.000000 6.072268 5.812840
 1914.000000 5.598972 5.785606
 1915.000000 4.164957 4.251319
 1916.000000 5.121863 5.115155
 1917.000000 4.669475 4.525604
 1918.000000 6.367971 5.921677
 1919.000000 4.169201 4.305122
 1920.000000 1.613249 2.205660
 1921.000000 1.630030 2.665989
 1922.000000 1.758183 2.053055
 1923.000000 2.013633 1.434991
 1924.000000 2.801178 2.758392
 1925.000000 3.052784 1.684896
 1926.000000 3.570334 1.150638
 1927.000000 2.917823 2.386758
 1928.000000 3.433196 1.592732
 1929.000000 2.597651 0.855866
 1930.000000 3.213556 1.095137
 1931.000000 2.878865 1.983302
 1932.000000 3.430217 0.677118
 1933.000000 3.942878 1.245330
 1934.000000 3.624584 0.739788
 1935.000000 3.647465 0.732112
 1936.000000 3.229581 0.900769
 1937.000000 2.565487 3.129885
 1938.000000 3.481474 1.068403
 1939.000000 4.347917 1.979715
 1940.000000 3.763559 1.474731
 1941.000000 4.263415 1.215870
 1942.000000 4.353486 2.023172
 1943.000000 4.680014 2.435829
 1944.000000 4.297922 2.412153
 1945.000000 3.623961 1.866628
 1946.000000 4.358758 2.320469
 1947.000000 4.503518 2.130207
 1948.000000 4.565540 2.155051
 1949.000000 4.881495 1.918598
 1950.000000 5.115859 2.377817
 1951.000000 4.677639 2.273341
 1952.000000 5.166785 2.475178
 1953.000000 4.722390 2.155762
 1954.000000 4.057544 1.932933
 1955.000000 4.175818 1.635723
 1956.000000 4.350510 1.554992
 1957.000000 4.260126 1.632657
 1958.000000 4.306121 1.649778
 1959.000000 3.530828 1.772130
 1960.000000 3.776337 1.571220
 1961.000000 3.909038 1.365251
 1962.000000 3.715696 0.946180
 1963.000000 4.322701 1.909913
 1964.000000 3.704176 1.766065
 1965.000000 5.704722 3.692021
 1966.000000 5.036168 4.399765
 1967.000000 2.736468 3.652925
 1968.000000 4.363663 3.959077
 1969.000000 5.340832 5.947917
 1970.000000 3.854266 5.079717
 1971.000000 2.996374 4.454264
 1972.000000 3.578696 5.813989
 1973.000000 3.402640 3.602719
 1974.000000 2.192504 4.798297
 1975.000000 1.994217 3.462543
 1976.000000 2.150792 4.551278
 1977.000000 1.100179 3.772641
 1978.000000 1.515657 4.300832
 1979.000000 3.179472 6.072117
 1980.000000 2.871397 4.263247
 1981.000000 5.426383 7.181836
 1982.000000 5.737509 7.344846
 1983.000000 7.561316 7.302616
 1984.000000 6.596144 8.039881
 1985.000000 5.658973 6.932527
 1986.000000 4.237350 6.578337
 1987.000000 6.530031 4.348349
 1988.000000 5.800610 4.545058
 1989.000000 5.118266 4.074758
 1990.000000 5.013846 3.832789
 1991.000000 4.773187 3.728194
 1992.000000 5.246862 6.438004
 1993.000000 5.547287 5.603842
 1994.000000 6.528821 5.733712
 1995.000000 3.103364 4.533701
 1996.000000 1.304727 4.092409
 1997.000000 5.370046 5.834965
 1998.000000 3.761021 4.765889
 1999.000000 3.715293 4.019665
 2000.000000 4.211905 3.885754
 2001.000000 3.100929 5.179574
 2002.000000 3.040445 4.401296
 2003.000000 3.250337 4.221076
 2004.000000 2.989961 4.829745
 2005.000000 3.967634 5.463127
 2006.000000 4.049362 4.876428
 2007.000000 4.448700 4.338179
 2008.000000 2.936660 5.300147
 2009.000000 4.667821 6.924311
 2010.000000 3.943858 5.676925
 2011.000000 3.595781 5.942552
 2012.000000 3.264286 6.061403
 2013.000000 2.767701 4.413307
 2014.000000 3.535900 6.610553
 2015.000000 4.721916 4.325785
 2016.000000 2.815650 4.740106
 2017.000000 4.041551 5.980632
 2018.000000 5.821081 6.174388
 2019.000000 7.237014 6.582267
 2020.000000 6.680037 6.255591
 2021.000000 7.258568 5.714332
 2022.000000 6.681029 6.486362
 2023.000000 7.100349 6.046315
 2024.000000 6.702850 7.236938
