#! FIELDS time boot 
0 0.2317712065420913
1 0.2617093769690237
2 0.20409572553700375
3 0.28418517921849207
4 0.23510933304041048
5 0.22671549907388688
6 0.23266792492094077
7 0.25013454795692636
8 0.23006467302414393
9 0.24592740371609245
10 0.30777485045514036
11 0.2531590181358261
12 0.2378016197806253
13 0.251957213551018
14 0.2853364620588817
15 0.25846660340202987
16 0.29083096706518363
17 0.23423767108226204
18 0.29051803372954044
19 0.2824665650722266
20 0.263149616983216
21 0.19104979009435752
22 0.26759558408378403
23 0.2679270047679249
24 0.1992793403480292
25 0.19243577079306903
26 0.20647432121511947
27 0.21101507911540332
28 0.23080598790479445
29 0.2557795582466862
30 0.23843761007632608
31 0.27537108776754204
32 0.2613686520962829
33 0.25514765940958956
34 0.3031628641410143
35 0.23047591255591116
36 0.2643086336862662
37 0.2191884076230031
38 0.2352947895960065
39 0.23045469943860578
40 0.21283589068991646
41 0.3065969551710976
42 0.2449220784105678
43 0.21174830077542506
44 0.2142803147513442
45 0.24915823987411723
46 0.2610158557841135
47 0.23605361855895252
48 0.20192731384722057
49 0.22995862898045036
50 0.23148031845562614
51 0.2431038113060429
52 0.24277456232777037
53 0.20634768545420482
54 0.28403938370443127
55 0.22221577649894642
56 0.2451834478614395
57 0.17300848412011538
58 0.2670908409319732
59 0.22974505406441725
60 0.20397096307938176
61 0.2923383116008169
62 0.2326012097552063
63 0.24182548328380113
64 0.26720836394331715
65 0.2103132661957212
66 0.20889367900075817
67 0.21406160666736884
68 0.25370988341095235
69 0.259985717222229
70 0.2696092064681416
71 0.17611855876149982
72 0.251011916068214
73 0.27599382764487734
74 0.2463669877155855
75 0.18764722736696704
76 0.22843423353767262
77 0.2506427876346136
78 0.20739879120761645
79 0.22429175972564472
80 0.25652423049755374
81 0.2459050243854046
82 0.2426701255030794
83 0.22941348048841875
84 0.24125956010124572
85 0.16727173834194892
86 0.19810681199253377
87 0.2662141064719656
88 0.25196713794306924
89 0.2533946637145895
90 0.2759590550263392
91 0.2405609692190005
92 0.23062675872574892
93 0.22147591382203047
94 0.25554281836567394
95 0.19794665187625365
96 0.2491719473194697
97 0.2752513074284441
98 0.24565042410566496
99 0.1937411511549082
100 0.23044220703468973
101 0.24087608636237742
102 0.2487797701068633
103 0.26380674196740345
104 0.21216775114145647
105 0.24209022627829424
106 0.2590732218742717
107 0.24741860574313165
108 0.2751379059934292
109 0.2197962840071101
110 0.23802881419833777
111 0.2676667855532796
112 0.2508339781877976
113 0.1915950900258854
114 0.25841512913441034
115 0.26593503757395837
116 0.25359326775064717
117 0.21755670547582776
118 0.24864055662943166
119 0.23881456672877663
120 0.21636706644702863
121 0.22192028442704795
122 0.29651670384665785
123 0.1971251412443024
124 0.2403423530991527
125 0.19969399244534966
126 0.23143868111993932
127 0.2953978567056355
128 0.25061463269182055
129 0.2207448592085985
130 0.24097185101703925
131 0.3018367005709037
132 0.23801965122496058
133 0.2547104804935179
134 0.25836365392186605
135 0.2817433330798989
136 0.28258845670821237
137 0.2446137349001858
138 0.2542744698330606
139 0.2282349169182212
140 0.2999874988470835
141 0.2013605455419842
142 0.22263179851058912
143 0.25784559829397957
144 0.22628529384567425
145 0.30786183714731996
146 0.24590921098731125
147 0.24928579073207172
148 0.3110526889040133
149 0.2331375002871778
150 0.2581137031376996
151 0.24364629886831268
152 0.2322070755643871
153 0.2452707563664511
154 0.258823564619387
155 0.22446502473370336
156 0.2436490502802713
157 0.24026873318996986
158 0.24688527562563337
159 0.2733173971684422
160 0.24235454572387968
161 0.27216892519494507
162 0.26656393056686595
163 0.24893909613168083
164 0.25367003471093896
165 0.2923227390027721
166 0.2498570004399349
167 0.20286499264017832
168 0.27665948260575457
169 0.24577056333499953
170 0.3124520247569954
171 0.2047628876991121
172 0.2466691748091453
173 0.1660065899649035
174 0.27509239049820056
175 0.2522270421129409
176 0.22080779010461968
177 0.25367693786292866
178 0.27641839051309897
179 0.28709714827233734
180 0.24193385028734118
181 0.2084241986778346
182 0.27414703023842507
183 0.2815672450676881
184 0.2601987713360107
185 0.2865780114689089
186 0.2978092139697403
187 0.2824540652228669
188 0.2666511698431012
189 0.24785863658092933
190 0.22262487639026887
191 0.2287455282748922
192 0.22729759419228826
193 0.2725003855496545
194 0.24313640945834414
195 0.28813136564879077
196 0.22030298856412409
197 0.23025676803217596
198 0.22456743982076965
199 0.2715847892475726
200 0.24783526260128708
201 0.24710854730395218
202 0.24314297334603596
203 0.253773167107453
204 0.27924435890846633
205 0.23193019380615426
206 0.2624650493309687
207 0.2455974662761259
208 0.22141132462886895
209 0.26012223729194317
210 0.28901979097099223
211 0.268695024250967
212 0.28016305580387474
213 0.28159008419585346
214 0.24301451610557784
215 0.24890286806856887
216 0.26065561921733427
217 0.16754569534438238
218 0.2463906347110533
219 0.25756903672060427
220 0.26080339911714895
221 0.21892839355582827
222 0.2534275420316371
223 0.3111799780077723
224 0.23760103385818185
225 0.2804783700274582
226 0.25089981714725135
227 0.2776337439360139
228 0.2295709307011748
229 0.22244081783354303
230 0.2526362201837054
231 0.2198068656144806
232 0.28357332398015295
233 0.21783938549049933
234 0.22322443355275043
235 0.27572680244821995
236 0.20286181593181132
237 0.207698304023822
238 0.1989774872847383
239 0.30351227221210164
240 0.21967826505011165
241 0.2396219132667528
242 0.2669135080766517
243 0.2654878411196599
244 0.23666799714276268
245 0.30011840365514086
246 0.23687091065576077
247 0.23140852230454378
248 0.23186113620465373
249 0.20676379018684085
250 0.30590890285949995
251 0.25404618950106134
252 0.24354318298331123
253 0.24191544738969065
254 0.24295941416496378
255 0.2583752237125386
256 0.25181081246260967
257 0.2676077496903459
258 0.28818152994334906
259 0.2612050533028501
260 0.24163264415790597
261 0.2748909708543016
262 0.24504133370972334
263 0.27726277210777556
264 0.21553319099554852
265 0.2584865333634357
266 0.28355640650899455
267 0.24988131902279526
268 0.24305009080337306
269 0.23362648266955918
270 0.27945710594346673
271 0.24577802343536828
272 0.2509265548507015
273 0.2013722404695228
274 0.22305183321210692
275 0.23843709712096534
276 0.28396651144639107
277 0.19583852009835254
278 0.2707771269277584
279 0.2853119200859585
280 0.2113672951556344
281 0.269146376907614
282 0.2445624337833327
283 0.24792758261269487
284 0.20179462701366208
285 0.24344441293083532
286 0.27607955861681416
287 0.22482480233689137
288 0.2305637644024213
289 0.2665119996162605
290 0.25009814180658263
291 0.23168509007048577
292 0.2469411856559383
293 0.260861852560801
294 0.24231399243699311
295 0.2896712429983694
296 0.21360556354907076
297 0.2816840193960131
298 0.23782827671378298
299 0.23639642294323718
300 0.22457433631620785
301 0.2517016836457005
302 0.2466426171863432
303 0.24186543644195108
304 0.21442612820673965
305 0.3047063628197213
306 0.22578713528502148
307 0.28952606384821106
308 0.2032303390218607
309 0.25414046021620806
310 0.30271965786870814
311 0.29228527831713746
312 0.23920479604712078
313 0.24581751722278833
314 0.19949595488573288
315 0.2446338968759912
316 0.22391819300259827
317 0.22240448712789052
318 0.25277654304515595
319 0.24867474996952182
320 0.22404651713696935
321 0.20875386206502355
322 0.2920349133001919
323 0.2700941869738378
324 0.24716437051809872
325 0.2422714190867877
326 0.23756148506319
327 0.23598295080607928
328 0.2672869038706376
329 0.21939534614588524
330 0.2399163083089743
331 0.2605294058064555
332 0.23138634035857933
333 0.3014435420048515
334 0.19610103335028323
335 0.24797516599824032
336 0.26536484695597856
337 0.2504259019518479
338 0.22240653363190008
339 0.30025763027713215
340 0.23613711975646698
341 0.22075467953486755
342 0.2564265080634391
343 0.2445295680560535
344 0.2958576195597897
345 0.2350875735403268
346 0.22472803390616017
347 0.24477363344722397
348 0.2865564204528718
349 0.27490859301898274
350 0.2486139137270219
351 0.2393406682001528
352 0.21566534884528357
353 0.23001394182925788
354 0.24028265903328966
355 0.234340251260623
356 0.22397478335606236
357 0.2417716406666088
358 0.2525662655847146
359 0.26231179929151394
360 0.24581924814131242
361 0.22764778662406213
362 0.22032427934988014
363 0.2418847476408347
364 0.2600037198518769
365 0.21008401267433896
366 0.20084306381218636
367 0.29355567841097413
368 0.19561912925908037
369 0.21078376147621788
370 0.24479781348663038
371 0.22588093511461618
372 0.22653911233036506
373 0.25865433368146545
374 0.19504410859321786
375 0.24260933142719468
376 0.1963110670388637
377 0.26360835453144654
378 0.24179573075644542
379 0.20544190692180528
380 0.2486504967972449
381 0.23856001161802148
382 0.25974155407297345
383 0.2298922620769975
384 0.23513174092705447
385 0.2626252830658883
386 0.2825639364742825
387 0.21522331734368336
388 0.23081159565898232
389 0.20547299275106898
390 0.243335760554213
391 0.24076540030340926
392 0.1931658813173529
393 0.24259727567516295
394 0.2226350898939736
395 0.2112307436580856
396 0.24019341182467246
397 0.21787066112275086
398 0.20543834167152952
399 0.2564593994814649
400 0.22296604177739182
401 0.251337926454955
402 0.2709379087123007
403 0.31312388561590876
404 0.2711929635687555
405 0.22637422206418079
406 0.2426740326395058
407 0.2527792361261449
408 0.21219415501360567
409 0.24356519852934616
410 0.2528696702985285
411 0.21358217147901537
412 0.2061229981657671
413 0.27012863858784936
414 0.2578109952412643
415 0.2753233496809221
416 0.28319529810371064
417 0.25290867028278985
418 0.21401105518571228
419 0.25144926501316456
420 0.214376743685323
421 0.23536622481325775
422 0.2560993911166168
423 0.21907655047754207
424 0.23769228064816944
425 0.21109259159687996
426 0.2630790856005964
427 0.246987363675547
428 0.2684735969953568
429 0.18423102601076985
430 0.2505159212578296
431 0.26784908635949384
432 0.23057642184558194
433 0.23421925196922613
434 0.25893248855998174
435 0.2898973212088563
436 0.27077675584237515
437 0.25155810041347887
438 0.2341794244336267
439 0.22687790924047588
440 0.19275934792074076
441 0.24169413249771404
442 0.23643881085374044
443 0.25309755247130156
444 0.23730939757393055
445 0.22971971195280458
446 0.2359429744748773
447 0.26977057408759747
448 0.24513989777997985
449 0.22715181166431805
450 0.23729001083517393
451 0.27230131026750315
452 0.19817031568572666
453 0.21149998366314435
454 0.24458092896813163
455 0.21014681653535888
456 0.2683165007141584
457 0.2888658931686417
458 0.24016871381401778
459 0.2549794188758861
460 0.16810012118161027
461 0.2267575496117261
462 0.25072392326369736
463 0.2435431337751756
464 0.25324110862723487
465 0.23365008153536718
466 0.2907809028988826
467 0.2805957137547301
468 0.2525032859738582
469 0.27472906632171246
470 0.2660519938543407
471 0.23413770145833376
472 0.2386661024274726
473 0.2085964854367185
474 0.2677074325168204
475 0.25060439295544695
476 0.2728646654177293
477 0.15363231284078596
478 0.21804885725688866
479 0.24735752628478927
480 0.2815484238456263
481 0.2860339131364618
482 0.23013218185484766
483 0.2611798299337599
484 0.3319361701205821
485 0.20464429247238264
486 0.20745812271009925
487 0.2157534327287932
488 0.20041252032036905
489 0.22573778308033127
490 0.23974378303837274
491 0.22978958204339103
492 0.27815448566919954
493 0.22488364951538184
494 0.10971216298171692
495 0.2675844902281836
496 0.2641582284614962
497 0.1979528320403787
498 0.27018984763835635
499 0.25806427274939686
500 0.22931552293176172
501 0.20901864670589368
502 0.2525190465340841
503 0.24662742578527244
504 0.2611571997067777
505 0.23634861018806771
506 0.19475041404252252
507 0.2735360280302931
508 0.21868770930946385
509 0.24012716294856096
510 0.21895085173254314
511 0.25499339239212754
512 0.2476425357290993
513 0.23029080758717696
514 0.23717473600983793
515 0.2739430192651686
516 0.24996273739124653
517 0.2801095011019464
518 0.26139720322746063
519 0.23691889126365345
520 0.18007067809769342
521 0.2682382924497287
522 0.24829131711759655
523 0.2266378490238725
524 0.27176984899177886
525 0.27009520173576695
526 0.22049783637846848
527 0.25306492721981766
528 0.2532654718903306
529 0.24081094133344202
530 0.2597983009356675
531 0.2457818971662743
532 0.27927865040289124
533 0.2144429140186514
534 0.2008189451017166
535 0.23297624745248682
536 0.21411195942474553
537 0.2596348640367025
538 0.21182973023686333
539 0.22443430315476695
540 0.24892322077824258
541 0.24610403545146284
542 0.2054199956110452
543 0.24603191900767105
544 0.25037036851845385
545 0.21130343901753337
546 0.24567562872232027
547 0.22620825116919835
548 0.2786621604989444
549 0.28994670447663073
550 0.2805069072189064
551 0.26650855573214033
552 0.22101460893724995
553 0.279233833572495
554 0.25014200934074593
555 0.22863067368476275
556 0.2598056390610686
557 0.2905678010409821
558 0.2612458369466005
559 0.2252908549195484
560 0.2721124610327583
561 0.24563817774947627
562 0.21184534511225367
563 0.20837034791856843
564 0.19625354319670058
565 0.2673129570496011
566 0.24453955698301683
567 0.22838614591233472
568 0.2606819494217058
569 0.20412375911048047
570 0.23589795782613868
571 0.2213240687255606
572 0.24656405206928264
573 0.2859830387965484
574 0.23403657898315422
575 0.2850642726946982
576 0.2919154359506683
577 0.2507225359676269
578 0.25126715353658585
579 0.21533414303909332
580 0.24678185547734557
581 0.26693599684025604
582 0.23447321108802727
583 0.24977177676944137
584 0.2437581588315287
585 0.23101053785546982
586 0.22323395818578953
587 0.25816101800719327
588 0.20834758880100646
589 0.20480466663075175
590 0.2589619387027954
591 0.20241566244774836
592 0.252809502282979
593 0.26622044387964394
594 0.21160215544567257
595 0.25903245362317606
596 0.2643678197286574
597 0.2947627595545963
598 0.2733285579942048
599 0.29047677132023086
600 0.25142188860244763
601 0.27247293229128966
602 0.23110668391340466
603 0.2637862269361301
604 0.22282274510153305
605 0.2828717611642745
606 0.2969007208055909
607 0.25948392656585023
608 0.20042655935558396
609 0.24159113637491098
610 0.2550734996001912
611 0.2365487494863444
612 0.282173144804206
613 0.2674505550765671
614 0.27121428564196126
615 0.2282403850421089
616 0.2256711127741337
617 0.25062540931177846
618 0.2797618143116142
619 0.24667388451790281
620 0.26709561341960125
621 0.2681137948867521
622 0.18174284118576625
623 0.24316009434485375
624 0.22130046789984298
625 0.2380717610197348
626 0.26922449984213226
627 0.2886878301959483
628 0.25791710062542617
629 0.2923014589283366
630 0.22408836802652565
631 0.24853610754097225
632 0.24857042199084767
633 0.24186724375979854
634 0.23598306936160995
635 0.2582058688637668
636 0.2668866211613638
637 0.2744996361744013
638 0.21222797639333144
639 0.2018802323977944
640 0.24346547843740615
641 0.24666203131058606
642 0.2647550269528154
643 0.2773583251360824
644 0.20495368851828402
645 0.25593361611801974
646 0.24342697579197856
647 0.23708479996869508
648 0.2693880686135984
649 0.27041295968994816
650 0.20255247031181128
651 0.26404749133325506
652 0.22496788860800696
653 0.17719384139509223
654 0.30633306739484606
655 0.21365830496097457
656 0.2340231586656173
657 0.22942031256713863
658 0.19875234047012652
659 0.24639439365627142
660 0.18601750413809573
661 0.24655945937910898
662 0.25216929330534915
663 0.22759160289424923
664 0.2822899822538902
665 0.2410457061931826
666 0.23976012030256688
667 0.19616121431238173
668 0.19899672942067811
669 0.25697079512460647
670 0.2361544159804419
671 0.2300803296444565
672 0.23667415020778113
673 0.24164619216700178
674 0.2610591886307584
675 0.16831792434627513
676 0.20548574783326054
677 0.2090277915201539
678 0.22258684896451578
679 0.22332656532507553
680 0.20150442597586035
681 0.18983508261878568
682 0.2504973814855132
683 0.22427800434629414
684 0.23599348960557714
685 0.17472523326147008
686 0.20670935521132297
687 0.2383957164446522
688 0.23669396444509788
689 0.24844408643303
690 0.20440658902952863
691 0.21538742256637924
692 0.28527239954473677
693 0.23365046803009523
694 0.22808535380742714
695 0.21505270793441145
696 0.2481648782584559
697 0.24799436520289952
698 0.21861638849250944
699 0.2673120285387022
700 0.2744368823787802
701 0.26522419345844056
702 0.272388946976989
703 0.25995114108612666
704 0.21517086819591213
705 0.2897455608836602
706 0.25356562402120675
707 0.21565348261755765
708 0.2348344156354214
709 0.24539032025428986
710 0.2509946449981993
711 0.27902093279774837
712 0.2915479964283933
713 0.23048826004045325
714 0.1903964679287689
715 0.2667160492068227
716 0.25930980252713026
717 0.2212287425470473
718 0.20193694399645848
719 0.23450376959624375
720 0.23824617075619958
721 0.18203068860235402
722 0.2894756699394351
723 0.21344326813945994
724 0.19801940559976136
725 0.28310298514967575
726 0.24121980847340918
727 0.23656483850590976
728 0.22496023320641065
729 0.2665201850884812
730 0.2227233974989755
731 0.2933028726294936
732 0.2767640166779911
733 0.2961584961975065
734 0.2827458431581825
735 0.20459856556423275
736 0.2611252548663965
737 0.22195438243490945
738 0.20865172837856408
739 0.2773911305155444
740 0.263180838532298
741 0.26273294331953084
742 0.29356761380074337
743 0.29569349385301874
744 0.2731816875092784
745 0.22702844154710233
746 0.2413827158237883
747 0.21593941662808966
748 0.20382482530659318
749 0.23754157364995365
750 0.23885724688900417
751 0.21685685355682568
752 0.23292342435305494
753 0.25432666742860816
754 0.2097642414093036
755 0.23828992673457186
756 0.2468608574716896
757 0.25866062165893783
758 0.2745952117185746
759 0.28291090767498595
760 0.27742326447092075
761 0.22295048084379554
762 0.2389630492941485
763 0.23274211752756868
764 0.23608663203092276
765 0.2428423340168304
766 0.23732604739331675
767 0.2179371686171512
768 0.2809683893513272
769 0.2433660479187957
770 0.25047080866898225
771 0.2649693248006675
772 0.235498282667023
773 0.1711422646488521
774 0.21324700646076822
775 0.2698645100956846
776 0.22256419128866783
777 0.2539385784167625
778 0.25189085162122654
779 0.2672314220664134
780 0.23313816741641558
781 0.3420825333087597
782 0.2479730615546197
783 0.27723200532616804
784 0.1862799404117746
785 0.29534600422926144
786 0.26714133346057223
787 0.24015541967782375
788 0.2322964664081201
789 0.1742611562601708
790 0.22900197994268712
791 0.2766604787991945
792 0.24688290039957245
793 0.2269301025746655
794 0.23573535371658808
795 0.2500595874021179
796 0.2328443854080658
797 0.23007573013093569
798 0.265434231421384
799 0.21026306703477635
800 0.26184416614922423
801 0.2819283739932187
802 0.2491691556389932
803 0.21907710265746264
804 0.2345284851606137
805 0.1840899690908169
806 0.22426075394387537
807 0.2821208926273272
808 0.21913558178959566
809 0.28798832071400365
810 0.21229629246962856
811 0.24724782255118893
812 0.2525835279317886
813 0.2235817489455947
814 0.20916915008111092
815 0.25444862553690334
816 0.26430427143899154
817 0.24822477251659786
818 0.25023510203994037
819 0.238137682399024
820 0.24478670551481466
821 0.2734486294429328
822 0.19953425081136003
823 0.21636405275628423
824 0.19764201719220328
825 0.29184652330258964
826 0.24750810226120687
827 0.2108354142650294
828 0.27300000998596213
829 0.23773451476616334
830 0.29726295962302557
831 0.2582119017866755
832 0.21631662850448596
833 0.29251387221782765
834 0.2398949662645346
835 0.2911301371538265
836 0.21718735016170698
837 0.2742342309630626
838 0.24866894957569483
839 0.33227210737043567
840 0.25665533126599605
841 0.25851965525615916
842 0.22336809171040475
843 0.23949014259039145
844 0.21769725451897495
845 0.2838674557979005
846 0.3173689635180665
847 0.2905530327430108
848 0.23428459099994733
849 0.24567885569665507
850 0.2405623265922398
851 0.209045365774759
852 0.23402940242925252
853 0.24810026435728358
854 0.211030550920788
855 0.22224743000317665
856 0.26304543461515373
857 0.2929515668122281
858 0.22348842720964818
859 0.25534892113795693
860 0.22647025451549246
861 0.25402537224957217
862 0.2787641069949212
863 0.25725474117808994
864 0.20957558028395806
865 0.19815828824894186
866 0.26619116049488534
867 0.22645179617918493
868 0.26308198537172645
869 0.27381051353651187
870 0.3154162630582532
871 0.24686415275783924
872 0.27139655184436673
873 0.238353463204924
874 0.16999805328899045
875 0.24567549928036228
876 0.2278212493253755
877 0.26884921119826416
878 0.2482419947313436
879 0.20702482075801304
880 0.2870944184388778
881 0.20849726297560103
882 0.19778426743432434
883 0.184302162535848
884 0.21698294478445906
885 0.21486417619061252
886 0.26684569445363004
887 0.2427652138873283
888 0.21317036160347566
889 0.2387061118947162
890 0.24312278674477847
891 0.2871299398736637
892 0.21597064909230945
893 0.26457373487105457
894 0.272451143270797
895 0.2606035257832654
896 0.1989098360905275
897 0.25033946847210853
898 0.24866325601236802
899 0.24467516326175137
900 0.2545793266393115
901 0.21987783932271437
902 0.23963999800183028
903 0.22839586173440884
904 0.23026501043251135
905 0.23544368368028662
906 0.24847144466817478
907 0.23942106663709797
908 0.2626419570008001
909 0.17919358634425347
910 0.21703242818067914
911 0.3007801790425408
912 0.21594442769271915
913 0.20445682770011409
914 0.2684477487374269
915 0.29781264063495794
916 0.2371515268943746
917 0.2953562936192917
918 0.26320691266846974
919 0.22535018400069845
920 0.23599261724167864
921 0.21988827746294387
922 0.19542527796764753
923 0.23133633211529958
924 0.283697499715653
925 0.2735182870898037
926 0.18702606919882228
927 0.23064180153958283
928 0.25636629296585434
929 0.24127813092596656
930 0.2335201966008576
931 0.2157350728300388
932 0.23258435428648683
933 0.2362382512852872
934 0.2754974389212069
935 0.24108380698510828
936 0.2655646662278708
937 0.23011045279804374
938 0.24052693133899689
939 0.2712161002923884
940 0.2165742286310761
941 0.2356067546088167
942 0.28593060648185015
943 0.23648485465159788
944 0.23345246551546606
945 0.23902508723752838
946 0.2342489012433215
947 0.2788328797088899
948 0.2142926363553936
949 0.24388800068674688
950 0.22032759517900277
951 0.263071368555449
952 0.23715563443404308
953 0.2652664025982727
954 0.28832465037371396
955 0.2502044816219544
956 0.26128350656705013
957 0.23858657015549148
958 0.20481443856899073
959 0.21133657495838706
960 0.25478096901852476
961 0.2326766831725151
962 0.24179171415037157
963 0.22737531219612114
964 0.27288839264080245
965 0.256765810916456
966 0.23256890169161817
967 0.25877782001704064
968 0.28414203551486206
969 0.23771652018356668
970 0.25312601586690314
971 0.25650661933941016
972 0.2731588998882446
973 0.26218348509958694
974 0.21545146545723534
975 0.24486476017405723
976 0.2537704073116981
977 0.22143523909501417
978 0.24368203838347813
979 0.24227816405412167
980 0.2593650202522748
981 0.21573277284928585
982 0.23081582420338306
983 0.25287459786249317
984 0.25687639109662735
985 0.20379140908056262
986 0.2318773950870657
987 0.23034652719626397
988 0.211723525652137
989 0.2705914055194022
990 0.2700029403449514
991 0.26046725148954303
992 0.21660599843317724
993 0.24664505936329073
994 0.2964182192108927
995 0.2594862644332029
996 0.241215911623777
997 0.24815597389161323
998 0.2483113222228363
999 0.20348186665472381
