#! FIELDS time boot 
0 0.024912475018481057
1 -0.08911288143359007
2 0.02729981587002018
3 0.020562946885060048
4 0.052662845200051184
5 0.0033478188425776502
6 0.006379423387249327
7 0.03023270604073481
8 -0.03427970864332907
9 -0.02683411805373199
10 -0.01323662766651245
11 -0.011415675246906912
12 0.02272685710371442
13 -0.016127856726167265
14 -0.01749003167794057
15 0.017998074133601806
16 -0.05070312883905822
17 0.015303511036372971
18 0.04045355595961862
19 -0.008958589332150123
20 -0.05054772737670288
21 0.0901071087712444
22 0.023717969671780904
23 -0.049664731393134
24 -0.03913712069393625
25 -0.009673439298020118
26 -0.019335250621891616
27 0.08842813274691683
28 0.04802122289015492
29 0.033499904177341625
30 -0.0029516581935669995
31 -0.013470406578497289
32 0.03652437717104896
33 -0.03696299566489104
34 0.11347455282552986
35 -0.026071002791407383
36 -0.021432333373443396
37 -0.029306601910873198
38 0.011116569237172217
39 -0.08426246715380362
40 -0.03932518793228745
41 0.02988230295042082
42 -0.04358442833336335
43 -0.033497737357569043
44 0.05704308685007812
45 -0.02838929760775441
46 -0.0020268768706555897
47 -0.010328337700962288
48 0.016985093911987572
49 0.052262588719298064
50 0.04280869309676268
51 -0.02999095187203072
52 0.002658514879741719
53 -0.011063183045385281
54 0.009871284847797078
55 -0.013081742198795028
56 0.03284464052896507
57 -0.05281578485526477
58 -0.052644464287426945
59 0.058636267022535535
60 -0.05953927222269442
61 0.010973536805719393
62 0.0032753991556307887
63 -0.016150466707987157
64 0.07079708699476552
65 0.05365014991347232
66 -0.013758657484318995
67 0.008028910524267673
68 0.07052535871001518
69 -0.01635483591427707
70 0.019364060690491663
71 -0.030482196179078398
72 -0.0029769950046538577
73 0.02064320714117272
74 -0.005396921036652852
75 0.057374891627676707
76 -0.03677881816159256
77 0.005190378636895446
78 0.046827946766238845
79 0.04090133526039053
80 0.06818116277956077
81 -0.0013113172025011489
82 -0.021892800263040663
83 0.05042622129607078
84 -0.02065488942377237
85 -0.0462429722850271
86 -0.05018695843276997
87 -0.01499859537765721
88 -0.004168030812201845
89 0.07406548120797561
90 -0.0014750758797058149
91 -0.0011679942741156548
92 0.0008549729149475058
93 0.020174763496532872
94 0.011587330687411272
95 -0.042279472712872176
96 -0.021816281162765763
97 0.0814975632633665
98 0.012786667100307753
99 0.02211780643141008
100 0.03203611789714347
101 0.06374026718281126
102 0.018343399780656685
103 -0.025281169883901514
104 0.015122442620615685
105 -0.047067968874793455
106 -0.010682006254288608
107 0.01532015654958855
108 0.008460662125510332
109 0.03087710096173202
110 0.02573663417842809
111 -0.027062846766780314
112 0.014578055944486612
113 0.009854581105910318
114 -0.029849535975352528
115 -0.0012298539847933445
116 -0.025730459670055092
117 0.07948880209135535
118 -0.014354826058649503
119 0.072175772444689
120 -0.07557969075074002
121 -0.07160060689176871
122 -0.020714182031595856
123 0.04217890160578559
124 -0.046804418255661596
125 0.031308093084571
126 0.03112355292053578
127 0.029316796497800505
128 -0.07660319683831084
129 -0.04051561943262657
130 -0.0019971424950132495
131 -0.027033888397206496
132 0.05542065164150902
133 -0.044793126297405596
134 -0.07891583439258035
135 -0.003958791219797161
136 -0.04473316683031073
137 0.030907158456078408
138 -0.008921218034965693
139 -0.0036878997551099807
140 0.017124002635889736
141 -0.049620735208046
142 -0.005544315136309018
143 0.055534283075988
144 -0.06648504739169918
145 -0.0363085553194004
146 0.027517800112704605
147 -0.05094531697583654
148 0.019612983322493484
149 0.07204574426172372
150 -0.00457941723630254
151 0.08194592806530049
152 -0.05969949784021686
153 -0.015327777737576327
154 -0.08105576748224026
155 0.00809685489668503
156 0.012699506779112635
157 -0.025406714554285528
158 -0.03315356261570833
159 -0.013232974822434511
160 0.005447896999767712
161 -0.018706690362828026
162 0.07801617354185666
163 -0.05323930037887043
164 0.015866282539007504
165 -0.0298274755341574
166 -0.025960184937592588
167 -0.019631854273538554
168 0.024873978207867454
169 0.02965121192571466
170 0.06470870315319147
171 0.06963992251836142
172 0.009886596087850552
173 -0.01599868357878002
174 0.03332685388237994
175 -0.034403412123476175
176 0.02089908036866665
177 -0.06132904126163391
178 -0.06359607703677571
179 0.004998386060596575
180 0.021735172889364277
181 0.004228552307236683
182 -0.03462967073942734
183 9.484516911393082e-05
184 0.03828880646614401
185 0.031079797969759147
186 -0.07145792687476424
187 -0.020062769443704522
188 0.04084043918383783
189 0.030577179601588914
190 -0.049059761030750396
191 0.029770397002636898
192 -0.04192586160483802
193 0.0068196004628614075
194 -0.03877397512096546
195 0.05915842636604626
196 0.014138748155279905
197 0.08207837397730834
198 0.027150791109048094
199 -0.00402600749283585
