#! FIELDS time boot 
0 0.20805027015438174
1 0.2789529713813834
2 0.23139535612581574
3 0.23355931428984386
4 0.2301137088883921
5 0.24491653562786925
6 0.22154012998905426
7 0.22593579497577415
8 0.23532272644834182
9 0.243818864003272
10 0.24417888087938186
11 0.30370181481804137
12 0.27806148614439674
13 0.2379590391028329
14 0.2672695117661096
15 0.2345233745818976
16 0.2786416685896255
17 0.2575125479176767
18 0.2153751287005266
19 0.24763085986651973
20 0.2509518208228569
21 0.23635406842501738
22 0.25607440268298914
23 0.23471283517868852
24 0.1909240145363455
25 0.22332483980838863
26 0.2197426433850278
27 0.26328393632812735
28 0.2565198909766571
29 0.2502625333514856
30 0.2939406411379064
31 0.2575234073337207
32 0.1514226044910262
33 0.23202081846562714
34 0.21493296717001079
35 0.2372774479638501
36 0.22936632594245168
37 0.22514205593560477
38 0.2622078322775537
39 0.2052193688370204
40 0.2152137057765062
41 0.21592886304719464
42 0.2870581412901453
43 0.2514523874242267
44 0.2541473924591435
45 0.19836984962300583
46 0.2075421227290589
47 0.2641456771087565
48 0.27356745970488944
49 0.30726663516376335
50 0.2614021208745665
51 0.22272577441710223
52 0.27954914065655495
53 0.2386003916320539
54 0.24286573121300706
55 0.25667099856885095
56 0.2667838557484844
57 0.23108858919663694
58 0.27221872466218355
59 0.2634586241318286
60 0.24148915333851223
61 0.2190017400460103
62 0.24228040895413092
63 0.1923709024990861
64 0.26637967868190626
65 0.26931816179303175
66 0.2386436115292515
67 0.2705194524875502
68 0.2895478706979131
69 0.2554085539527951
70 0.2360788015719501
71 0.216333709964619
72 0.2232561948663248
73 0.2604954545522637
74 0.2812647543203382
75 0.23359268692915122
76 0.2623491968464511
77 0.271771037257093
78 0.206922123292311
79 0.2177013712467905
80 0.2237776990908138
81 0.22291405644009762
82 0.23582710391006223
83 0.24137481442996359
84 0.2580073426535743
85 0.28012697184554447
86 0.2001943814984823
87 0.2940417178828326
88 0.24711279724822832
89 0.1910182014183936
90 0.2890957753851066
91 0.25816375419708143
92 0.256881593728921
93 0.2568826501218498
94 0.21824159833526793
95 0.2647483349235373
96 0.2342778588857706
97 0.2911360594744648
98 0.2349453915213376
99 0.29565588599670495
100 0.2884658379906727
101 0.24558458670420316
102 0.22234793469109515
103 0.22365105183523964
104 0.23833760115119654
105 0.21061727990834092
106 0.30731875337881365
107 0.23674657811712213
108 0.26589565489218914
109 0.256441646209933
110 0.24606655969896513
111 0.2168055140214328
112 0.2627653234824597
113 0.22157403392593372
114 0.23098100993258844
115 0.25940851918162877
116 0.2297632470290708
117 0.23964271969794834
118 0.238315358729977
119 0.26434782303288734
120 0.2711305927563903
121 0.2489698646646337
122 0.23630771812439028
123 0.24274899569680058
124 0.2646570496076357
125 0.2500089185799103
126 0.25359412446717805
127 0.21216433638529753
128 0.1942301510978477
129 0.25751580615614655
130 0.25441970103435757
131 0.24789003183417105
132 0.17940045657086837
133 0.24123040483482838
134 0.2421372189592359
135 0.2694608938957779
136 0.2404280208322623
137 0.24803900787264926
138 0.20283245040454745
139 0.2013417815855007
140 0.21260170088074057
141 0.21215092295391313
142 0.2763367556629545
143 0.24454680363182654
144 0.21721605056186397
145 0.2671640272374507
146 0.274332309131446
147 0.2908973074315775
148 0.24629624204979744
149 0.2628793776966942
150 0.23569333734934697
151 0.22045182596451368
152 0.18799915786169652
153 0.24943063460437306
154 0.27907881164825965
155 0.19637949889715697
156 0.21219870648218989
157 0.21752659531042662
158 0.2589647431222605
159 0.23912924963343743
160 0.24388407905544968
161 0.26640289795834504
162 0.22681272931111365
163 0.22600275612092055
164 0.2018799765111158
165 0.2635009166565495
166 0.2401513891983246
167 0.26581459802185947
168 0.20159776170971686
169 0.260890310256217
170 0.2381201263126969
171 0.2395297398810077
172 0.2567954789825583
173 0.25246440973995854
174 0.3142765772088395
175 0.2772326239858455
176 0.2481954058137892
177 0.22376543773195093
178 0.2516006256595384
179 0.2675550473314642
180 0.2985540581236548
181 0.2251535071515631
182 0.23358346098456476
183 0.2873943308091924
184 0.263851444580432
185 0.24030429232524306
186 0.27568672401397903
187 0.21244906266740174
188 0.23188941975535673
189 0.21116681022443143
190 0.29739892454794675
191 0.22603809194996652
192 0.20522856147861068
193 0.23201667225716083
194 0.2543590548495353
195 0.2518283162142394
196 0.2037515281733292
197 0.22629460211124236
198 0.23931868079307564
199 0.20067147242935454
200 0.275219188839152
201 0.24805853098928413
202 0.2233662834532672
203 0.2304178484233059
204 0.23465321345311657
205 0.22481288608758956
206 0.2794702753058838
207 0.23183452362779625
208 0.26651721074705437
209 0.24737008188379145
210 0.2659396578953076
211 0.2129781495957949
212 0.2849259542598055
213 0.25332047082456405
214 0.2370119058170814
215 0.2664372248884609
216 0.18519529084085196
217 0.20411059374794796
218 0.2644514688556262
219 0.236831409345533
220 0.23721087915885902
221 0.2284671355560936
222 0.19214137114914004
223 0.1993479735773681
224 0.22224205056418656
225 0.19555597640989997
226 0.2160478659470056
227 0.2269395828809071
228 0.24701119440580882
229 0.2694233653271948
230 0.2023098702299709
231 0.2789812879566626
232 0.25565824024120315
233 0.2546415870225436
234 0.19394178096331244
235 0.24972797683928138
236 0.2396423722633209
237 0.2089937101614424
238 0.23365274423985455
239 0.28774684224962177
240 0.21447771613233968
241 0.2500338931839189
242 0.20065439238235336
243 0.25466663042399634
244 0.2611053209682169
245 0.23784511750466594
246 0.22476465415547314
247 0.2554207621906622
248 0.28427624796156137
249 0.20217825136017545
250 0.24012918790257654
251 0.26702525422151224
252 0.2141112939284737
253 0.25864629767286795
254 0.2333498195752279
255 0.22779467025671346
256 0.27119506257231496
257 0.2239402947785783
258 0.2522817987725993
259 0.24385791098506998
260 0.24043625270745825
261 0.2698482731650292
262 0.24179234573625033
263 0.2430379115555848
264 0.22832669940063804
265 0.2847376712146146
266 0.2385690834040525
267 0.287165656627637
268 0.21476962543608513
269 0.23831763708001052
270 0.26615299690903044
271 0.28859725051364304
272 0.2176547705679783
273 0.2219449894743661
274 0.2509592866696141
275 0.18761609737787177
276 0.274562769251062
277 0.2575029607256111
278 0.2624913613437098
279 0.2786841121012677
280 0.2620740414849423
281 0.19128226507194693
282 0.3065982522513072
283 0.23711021824744066
284 0.26224052238609363
285 0.24661149434085505
286 0.210322145803546
287 0.23822158461588092
288 0.2522710352362394
289 0.22850210510393368
290 0.26382673421772856
291 0.21187614858982068
292 0.2847020960871656
293 0.2528069485574037
294 0.24275023504769325
295 0.237350842026528
296 0.23626061532684595
297 0.3082116730568732
298 0.20915008881723987
299 0.28802024466575193
300 0.2523486641386704
301 0.2724412930019418
302 0.21742310408809631
303 0.20926150543196884
304 0.28730018061475204
305 0.2960099447973329
306 0.24627221766652857
307 0.19093809699134162
308 0.2444492027897328
309 0.28483893028679486
310 0.2157139353938396
311 0.26178576780091334
312 0.2900611127490341
313 0.29534771130130794
314 0.24657057815335678
315 0.24058175237617274
316 0.2117379005008338
317 0.294691792399603
318 0.2703915321415847
319 0.21086886974024693
320 0.2670221019903757
321 0.2686556867658568
322 0.24272103218077387
323 0.27508564925456763
324 0.2653746328169588
325 0.2609429721430615
326 0.20915137557172017
327 0.24208855365721346
328 0.20953588124215058
329 0.2804183055744257
330 0.2550478865041851
331 0.2339635201637631
332 0.2000794561187102
333 0.24684212266992656
334 0.27909901184263936
335 0.24550008150672023
336 0.27109068930352387
337 0.257234796034766
338 0.25795460886169563
339 0.24605142918366474
340 0.2416854097539812
341 0.24523434346465997
342 0.2268296473293024
343 0.24783739319566708
344 0.21619425299167563
345 0.2285569790472974
346 0.22297862102855845
347 0.24222507781571884
348 0.21515154000060627
349 0.15603634687343476
350 0.2758954864936889
351 0.21884785783232302
352 0.21602771434957801
353 0.18265967820054324
354 0.29225474714905525
355 0.2399881991900724
356 0.23145840721722555
357 0.24173599025327605
358 0.24768973284106552
359 0.2267534365684043
360 0.23381833111342043
361 0.2684456617051187
362 0.253657550703534
363 0.2730937829685105
364 0.2702779194892643
365 0.27496119295847726
366 0.25209154752743457
367 0.2699423598791669
368 0.26050740663560645
369 0.19651868066833825
370 0.21434426908210724
371 0.23671469915589594
372 0.27860108899642
373 0.2598062841139975
374 0.25494574201013614
375 0.2504301919694614
376 0.22566761610366706
377 0.235336190242371
378 0.23373695904922565
379 0.20896062806860147
380 0.25527589887982416
381 0.2591291200096129
382 0.2842906387695756
383 0.22163297469387003
384 0.24667661636718605
385 0.2480291532004556
386 0.24213896578997202
387 0.23628296621868877
388 0.32357389340996806
389 0.23545005667751276
390 0.2548526135391554
391 0.2517102306650347
392 0.26723632161643784
393 0.2276260976599386
394 0.20575677495816913
395 0.2409979146728383
396 0.23779272082101888
397 0.21475179694629937
398 0.21525868878335408
399 0.2524095329781063
400 0.22988227636920047
401 0.22945123282122984
402 0.2602281173967023
403 0.2502184971949763
404 0.23306679551271273
405 0.26598654935231264
406 0.22635967968096535
407 0.24127398003156972
408 0.25008161616835756
409 0.22281357603695295
410 0.27288234447568976
411 0.2338060123608689
412 0.20628929114585304
413 0.24585192626257138
414 0.24215070989855625
415 0.26551358811432857
416 0.24465903851143017
417 0.26160360434708785
418 0.23972058567962795
419 0.19510706043948647
420 0.24122205978889416
421 0.21172686118629852
422 0.19839175945734874
423 0.16770796853064462
424 0.20702110072657048
425 0.24807971496149359
426 0.22042207365404293
427 0.23774667823869164
428 0.24941154270497998
429 0.2719740746920105
430 0.2973823116477846
431 0.24536260144378574
432 0.259117314882052
433 0.2624609164499522
434 0.29458548348272645
435 0.21845436490009165
436 0.27001384941104883
437 0.2085715212715959
438 0.23399122661504787
439 0.25893800154117746
440 0.2644940302685335
441 0.21343451245031825
442 0.23940235542383678
443 0.22765326499990005
444 0.26148646606816917
445 0.2257985566811728
446 0.2324642244856946
447 0.28976300846925396
448 0.19401735429709113
449 0.22872566217466975
450 0.20351412423802892
451 0.20482413107267725
452 0.252175198461238
453 0.23156174600426135
454 0.2899991666474689
455 0.24459179668406972
456 0.27210028622778326
457 0.2347824649192261
458 0.2609957303460593
459 0.18350719512944216
460 0.23895769093807748
461 0.22882213884804561
462 0.24537455239118194
463 0.23429202202702643
464 0.24874588955779103
465 0.2672138368331485
466 0.2735057662011555
467 0.2571870407977389
468 0.216480957406398
469 0.20829245924194045
470 0.2813532990734294
471 0.26393921014313
472 0.27431320825962635
473 0.25111870026611377
474 0.22438773075367405
475 0.2520822110664718
476 0.21218118644868447
477 0.26490501411883655
478 0.26274487189152357
479 0.25756735727035635
480 0.2703345592884695
481 0.22919658053343409
482 0.27945200490180483
483 0.25786192032880206
484 0.2542998047646085
485 0.24498658203802604
486 0.22528090542670226
487 0.2193182346692699
488 0.24143494556193248
489 0.27852694572025033
490 0.23976266058320814
491 0.24770525214319586
492 0.24977958227430633
493 0.2529107955442671
494 0.2987663790157353
495 0.27598175328702973
496 0.2236898757084888
497 0.23264608144915452
498 0.32415578423231484
499 0.24635040881012488
500 0.20484518969703738
501 0.1984982185093643
502 0.2410349929766112
503 0.25300254744398337
504 0.20535227190203165
505 0.3258743768377886
506 0.2624602528881487
507 0.2169891354750562
508 0.26129515694703104
509 0.2685149356248353
510 0.23605909242191456
511 0.18466652243094028
512 0.2434923431568695
513 0.2519943970668109
514 0.21324584170936456
515 0.25414558256976366
516 0.22939328283932395
517 0.25193307835648704
518 0.2172308418188325
519 0.2301229947712904
520 0.23571868880680466
521 0.23898267315280905
522 0.21499359951017574
523 0.22457886539739982
524 0.26136578061168037
525 0.23299295764122274
526 0.3151750734185668
527 0.2548254458506091
528 0.29176432137689545
529 0.24735787822171537
530 0.2828405311855886
531 0.2839369242945227
532 0.2322195831724904
533 0.2583971325229021
534 0.23716124143337294
535 0.2865401913506209
536 0.24622502655688808
537 0.2304215654916612
538 0.22912602695464707
539 0.213251463634094
540 0.25285470701242646
541 0.20624524927753665
542 0.25462868289485946
543 0.28186506099456504
544 0.2676667382932102
545 0.21374858563047575
546 0.22362333836188739
547 0.2815699546997612
548 0.2664873303425038
549 0.25324341561504193
550 0.24729564083186834
551 0.298740516361074
552 0.2374630733799459
553 0.2551718915258778
554 0.2276693234965229
555 0.23166440481091796
556 0.2480737463240395
557 0.24007130566708915
558 0.24350879302463685
559 0.25363263884523213
560 0.19994684644938474
561 0.16170551517487078
562 0.25503073234467866
563 0.22102542556539953
564 0.2682714425196238
565 0.26736222940969023
566 0.22495173682570657
567 0.2764215804491568
568 0.2343569014178606
569 0.22134192864913835
570 0.23148278172552053
571 0.21942795496435982
572 0.2832379813753735
573 0.27562765075326423
574 0.257511911965396
575 0.20590109365100162
576 0.24657714359115226
577 0.2404279050189062
578 0.2280312763051423
579 0.2242796246299669
580 0.19577368647455587
581 0.22248420161387492
582 0.27024453478350563
583 0.235400053848825
584 0.26093732213721005
585 0.2629801147443075
586 0.22192744791957808
587 0.21762848184795947
588 0.2614122590880544
589 0.1947906215354517
590 0.3072648577424928
591 0.2042305216482663
592 0.234772496248563
593 0.28196219248597365
594 0.2195720800576915
595 0.22220278329166943
596 0.30484101262061136
597 0.20560512200657505
598 0.22960578129056125
599 0.24988145489002492
600 0.21547340539486964
601 0.26714006741789365
602 0.25715058283147235
603 0.19675979252886505
604 0.2726286702190679
605 0.21995042424394776
606 0.21756379268022163
607 0.19222353198657102
608 0.264256897771139
609 0.2685245425313792
610 0.1882634913119198
611 0.2330443626066797
612 0.2697107968199103
613 0.26426436533623265
614 0.22366940648918526
615 0.24394912297840277
616 0.2086340447857841
617 0.23735049161752778
618 0.2858722935257286
619 0.2506290128017572
620 0.2626155801084423
621 0.2037361850377331
622 0.21945576672147873
623 0.23003653354270923
624 0.27415903591515695
625 0.2484021457905171
626 0.2255021206264007
627 0.24406450423482332
628 0.299345025206731
629 0.21836980498773348
630 0.2830561578535534
631 0.2582119628651219
632 0.24431092713519392
633 0.2342117231973555
634 0.24698476879208114
635 0.19030670055983187
636 0.25998919116413366
637 0.25069632643722145
638 0.26345166063087117
639 0.19031410089052783
640 0.24482637843221874
641 0.20869722848249161
642 0.24041771966648157
643 0.2952998027298172
644 0.2321688757115707
645 0.19832234848003436
646 0.26810593609739564
647 0.2674888618880904
648 0.27795694199476656
649 0.22160731393747424
650 0.19908958269368693
651 0.18961123112800263
652 0.2610128947749623
653 0.2920876826485646
654 0.21554386980102688
655 0.28097292804000995
656 0.26662841431895895
657 0.2612099032256018
658 0.21835005735698246
659 0.2683440063172818
660 0.21900977528396037
661 0.23084774978580352
662 0.23787934003696543
663 0.21561861896887682
664 0.21021334137856537
665 0.25094514992468386
666 0.22175529383151038
667 0.2091971372155174
668 0.2543581600752905
669 0.242974660194729
670 0.1913282126287313
671 0.23594239791629248
672 0.20168222448083872
673 0.21608539958787004
674 0.1848193206602247
675 0.2596817534557827
676 0.22822649244121934
677 0.21244819900416392
678 0.27371703489426424
679 0.23219542592973302
680 0.2323635535893942
681 0.2435998587575865
682 0.22646735703152837
683 0.218366520720061
684 0.2851198751335816
685 0.20470087764932762
686 0.2604983624866813
687 0.21971833183213535
688 0.23989091096740484
689 0.2420820013648066
690 0.22259689515563133
691 0.2431517313383557
692 0.2489197623237734
693 0.207127288573173
694 0.2534593651954036
695 0.2333194456401583
696 0.20728722735520463
697 0.2719154915342032
698 0.23593088830404135
699 0.2509733988312125
700 0.28277691715449715
701 0.2551380037894921
702 0.281726687421317
703 0.2965922144946385
704 0.2256735018268217
705 0.24534479897387718
706 0.23117328256016606
707 0.2534400571833454
708 0.20621437514493002
709 0.22731214242158962
710 0.24838121570079522
711 0.2005587574595695
712 0.2686940392958821
713 0.22854149603959023
714 0.23244647334314752
715 0.2831810576890387
716 0.2698721247368581
717 0.2455852485117467
718 0.23077166500049134
719 0.22580500354787114
720 0.23829899553992884
721 0.26911327054895434
722 0.2600949407368827
723 0.24262670487645036
724 0.24752467551715665
725 0.25797256747217984
726 0.2742238196961662
727 0.22364030807151764
728 0.21193093317619904
729 0.2042969115355908
730 0.2903512864864365
731 0.20447031792529297
732 0.2598584758475943
733 0.22944615031140336
734 0.2867758256993899
735 0.25007756202577036
736 0.22334332449676678
737 0.2711115275614143
738 0.2544310152208953
739 0.25833266046455206
740 0.20181981173160363
741 0.2499824744744593
742 0.2258173645534008
743 0.1876575390438811
744 0.23251138464664237
745 0.17750690644958067
746 0.24925731940665796
747 0.24271107607989442
748 0.23317975623620454
749 0.23792878352771268
750 0.25834712546186245
751 0.26532472612027946
752 0.26578540308812426
753 0.20281783542756798
754 0.21502571151984648
755 0.24980052450094586
756 0.24727914000737383
757 0.24874517685557954
758 0.1988277070505577
759 0.25151956185932683
760 0.23625405123187693
761 0.24142188144709678
762 0.3127731567063198
763 0.27154701839278644
764 0.23173518725201428
765 0.24700930405526175
766 0.23557196588983564
767 0.27571531881293215
768 0.23555527817488806
769 0.21683323943939473
770 0.2368945957585275
771 0.23756602613193675
772 0.25828093778894673
773 0.22844974650147243
774 0.19283542005220702
775 0.259654284509201
776 0.23161631275654734
777 0.20649098197695728
778 0.22347333710988726
779 0.25314545713875874
780 0.25178841701941335
781 0.21434225350428912
782 0.22779168911361078
783 0.24320012854364903
784 0.20845541842151066
785 0.2226235160562303
786 0.24308876606901794
787 0.20899806770365914
788 0.2623494318127507
789 0.21682895388576126
790 0.23148248022889695
791 0.27104349187532784
792 0.2406854397896936
793 0.23994420860137816
794 0.27126105305747644
795 0.19891958209186086
796 0.30994204790216395
797 0.3359827004778404
798 0.19048070054957453
799 0.2561064590729602
800 0.22656829575976448
801 0.28613156810911455
802 0.19005890684218454
803 0.21480866022888725
804 0.24078965749453465
805 0.19877767020748735
806 0.21401877484080967
807 0.24824329759927055
808 0.22945148549708808
809 0.26849810212109554
810 0.18196794892580898
811 0.24300671799795934
812 0.2522750813544076
813 0.2524498666958105
814 0.218660392844516
815 0.2611357327578773
816 0.22054126214940958
817 0.2547426219372992
818 0.2335937709845767
819 0.2592390632217146
820 0.2678321610559564
821 0.2462806598612782
822 0.1987190399491759
823 0.23230261552181797
824 0.2132640676725685
825 0.29125170767120256
826 0.27157620069067395
827 0.25210426908392214
828 0.25591977472875804
829 0.215300275266504
830 0.2689704672541109
831 0.24097892630948028
832 0.22372563744593263
833 0.2489379091346019
834 0.26068273335294767
835 0.25428449331684166
836 0.22183814544666053
837 0.27850203278345403
838 0.26232646416389765
839 0.25448446090599125
840 0.25638310791759217
841 0.15423014028925952
842 0.26507924654386295
843 0.23711206282521147
844 0.26197053842106843
845 0.19998933948311365
846 0.27536670779755595
847 0.2812711834255656
848 0.24848751215400114
849 0.19973776323203854
850 0.19627667225110976
851 0.24473461288525475
852 0.2755393164588166
853 0.20087168844258033
854 0.21457573550247466
855 0.2384394139568897
856 0.19440624294663938
857 0.21460928853864444
858 0.23841442771355636
859 0.225221876312656
860 0.21965465619824692
861 0.2296446836523739
862 0.24886943900608663
863 0.2954431904295247
864 0.21074426642624317
865 0.2228434613735356
866 0.2813305175224664
867 0.3197195873046841
868 0.2243072348366058
869 0.22173035077314862
870 0.2516536548132177
871 0.2532629764100462
872 0.2212071887434776
873 0.20961511942237385
874 0.29704940660213597
875 0.2073713831578453
876 0.19861517022381997
877 0.26324031871089976
878 0.2642814479341593
879 0.19300253033818918
880 0.23958123033329112
881 0.2582458048427291
882 0.24801215144887534
883 0.24168129740560285
884 0.22200248997027067
885 0.2118449097114725
886 0.26929423014799375
887 0.23170674707936068
888 0.2942606515841061
889 0.22457483318766605
890 0.2653586628851549
891 0.2500658834679042
892 0.2581282149797612
893 0.2554277251842788
894 0.26299373380410085
895 0.26484428993919096
896 0.18844544052736117
897 0.18508912764073435
898 0.2646954631591275
899 0.2140467756620057
900 0.22737311819123557
901 0.17503987339337726
902 0.256215669635649
903 0.2429967194796163
904 0.22101723027926162
905 0.26443167677416796
906 0.27604471895918203
907 0.19075112004993186
908 0.2223975938281353
909 0.24636019228728864
910 0.26189252062923907
911 0.22824219466524356
912 0.23213795269234164
913 0.27279668055351697
914 0.20021063131032504
915 0.2192042291395766
916 0.2768452315299815
917 0.30352971409852236
918 0.24092114401599293
919 0.21972036081743593
920 0.2683691263153787
921 0.2349007901805958
922 0.21245800848779528
923 0.2552016974870027
924 0.2549959185209613
925 0.23178261399210837
926 0.20123183992881605
927 0.2953189850285142
928 0.22230616615017199
929 0.28028260247817777
930 0.20429162120971564
931 0.23524039947630723
932 0.24449750333685136
933 0.2807444135708419
934 0.20423531465246936
935 0.24802109273133335
936 0.22613141100434805
937 0.270444617126209
938 0.2570250234197276
939 0.3069956436871481
940 0.27693586968453693
941 0.19596319335419451
942 0.2615919875311846
943 0.21862463255753772
944 0.19511393819994313
945 0.23604688964810228
946 0.21556214568974325
947 0.2258351143559671
948 0.25439912817917243
949 0.2606339814178982
950 0.19848018591655375
951 0.2603942664067363
952 0.2397919539246798
953 0.2895278844495085
954 0.23201182559603484
955 0.2557165509649866
956 0.22657552041016332
957 0.25219885523464075
958 0.24817441575380642
959 0.25837882362308595
960 0.2625379997687671
961 0.21542397040727415
962 0.22147849835630376
963 0.228323513480101
964 0.2672840777216978
965 0.242241715705494
966 0.23409702506411886
967 0.26799807535496106
968 0.2954860783417611
969 0.2694335074510702
970 0.21628326778861195
971 0.2682722512077921
972 0.24131731021222336
973 0.24370082303870183
974 0.2876273097004983
975 0.20127611390815678
976 0.2668803979760285
977 0.26266515282123104
978 0.28462757390570564
979 0.23817403286484484
980 0.24834324998263202
981 0.29737062524389885
982 0.1947055227477292
983 0.24710655897485245
984 0.24658771166990126
985 0.2342699191719209
986 0.21717316017937602
987 0.26817308683869134
988 0.22623446502104838
989 0.23410516360278524
990 0.2490120909095907
991 0.24603044141533012
992 0.23466995073604854
993 0.2765960661251941
994 0.22907935593360287
995 0.2384075336013375
996 0.24555600828651955
997 0.23879218406233094
998 0.22639923757369323
999 0.25969048996273875
